2022-02-19T00:00:00.000000000,-14999.080048,-21564.215781,-2745.824127
2022-02-19T00:15:00.000000000,-14902.971327,-21889.602078,121.6396
2022-02-19T00:30:00.000000000,-14637.336574,-21952.369732,2987.057442
2022-02-19T00:45:00.000000000,-14174.916017,-21778.85339,5801.088279
2022-02-19T01:00:00.000000000,-13494.742011,-21401.568166,8516.062617
2022-02-19T01:15:00.000000000,-12583.010838,-20857.765904,11086.737016
2022-02-19T01:30:00.000000000,-11433.667567,-20187.864639,13470.960245
2022-02-19T01:45:00.000000000,-10048.694173,-19433.814635,15630.249045
2022-02-19T02:00:00.000000000,-8438.102312,-18637.461948,17530.274682
2022-02-19T02:15:00.000000000,-6619.641918,-17838.966132,19141.264022
2022-02-19T02:30:00.000000000,-4618.24513,-17075.323193,20438.320524
2022-02-19T02:45:00.000000000,-2465.231904,-16379.038452,21401.671286
2022-02-19T03:00:00.000000000,-197.309121,-15776.987171,22016.846548
2022-02-19T03:15:00.000000000,2144.60083,-15289.493757,22274.797561
2022-02-19T03:30:00.000000000,4516.662845,-14929.653349,22171.957894
2022-02-19T03:45:00.000000000,6873.522013,-14702.912628,21710.252065
2022-02-19T04:00:00.000000000,9169.743977,-14606.919908,20897.05399
2022-02-19T04:15:00.000000000,11361.259421,-14631.647819,19745.096251
2022-02-19T04:30:00.000000000,13406.76935,-14759.78524,18272.329688
2022-02-19T04:45:00.000000000,15269.068467,-14967.388469,16501.731406
2022-02-19T05:00:00.000000000,16916.245214,-15224.774861,14461.058112
2022-02-19T05:15:00.000000000,18322.719145,-15497.635424,12182.540704
2022-02-19T05:30:00.000000000,19470.079272,-15748.33591,9702.515545
2022-02-19T05:45:00.000000000,20347.690924,-15937.369211,7060.987764
2022-02-19T06:00:00.000000000,20953.043878,-16024.915134,4301.122442
2022-02-19T06:15:00.000000000,21291.820986,-15972.457491,1468.660743
2022-02-19T06:30:00.000000000,21377.674361,-15744.402969,-1388.740021
2022-02-19T06:45:00.000000000,21231.705564,-15309.642067,-4222.240721
2022-02-19T07:00:00.000000000,20881.656877,-14642.989859,-6982.624011
2022-02-19T07:15:00.000000000,20360.832528,-13726.444099,-9621.158029
2022-02-19T07:30:00.000000000,19706.78123,-12550.20076,-12090.50643
2022-02-19T07:45:00.000000000,18959.783992,-11113.372747,-14345.666319
2022-02-19T08:00:00.000000000,18161.203089,-9424.366896,-16344.911023
2022-02-19T08:15:00.000000000,17351.758462,-7500.887004,-18050.710694
2022-02-19T08:30:00.000000000,16569.805631,-5369.546648,-19430.600802
2022-02-19T08:45:00.000000000,15849.693589,-3065.094089,-20457.967085
2022-02-19T09:00:00.000000000,15220.281228,-629.271555,-21112.715931
2022-02-19T09:15:00.000000000,14703.686214,1890.64853,-21381.80158
2022-02-19T09:30:00.000000000,14314.330685,4443.588909,-21259.586005
2022-02-19T09:45:00.000000000,14058.334144,6976.577,-20748.013777
2022-02-19T10:00:00.000000000,13933.286109,9436.749455,-19856.59209
2022-02-19T10:15:00.000000000,13928.410886,11773.356432,-18602.174872
2022-02-19T10:30:00.000000000,14025.115552,13939.670096,-17008.558981
2022-02-19T10:45:00.000000000,14197.891663,15894.707766,-15105.908862
2022-02-19T11:00:00.000000000,14415.522817,17604.691542,-12930.033311
2022-02-19T11:15:00.000000000,14642.535312,19044.182242,-10521.54345
2022-02-19T11:30:00.000000000,14840.818726,20196.844457,-7924.924361
2022-02-19T11:45:00.000000000,14971.337683,21055.820034,-5187.554032
2022-02-19T12:00:00.000000000,14995.855439,21623.707735,-2358.702282
2022-02-19T12:15:00.000000000,14878.593694,21912.165698,511.460369
2022-02-19T12:30:00.000000000,14587.760523,21941.16962,3372.817943
2022-02-19T12:45:00.000000000,14096.888569,21737.972672,6176.207424
2022-02-19T13:00:00.000000000,13385.937621,21335.822491,8874.244627
2022-02-19T13:15:00.000000000,12442.128496,20772.496408,11422.067015
2022-02-19T13:30:00.000000000,11260.487945,20088.718525,13777.987733
2022-02-19T13:45:00.000000000,9844.096315,19326.521813,15904.059219
2022-02-19T14:00:00.000000000,8204.040838,18527.615713,17766.547972
2022-02-19T14:15:00.000000000,6359.086891,17731.815165,19336.32448
2022-02-19T14:30:00.000000000,4335.087769,16975.581353,20589.173834
2022-02-19T14:45:00.000000000,2164.160162,16290.717928,21506.033253
2022-02-19T15:00:00.000000000,-116.342208,15703.259622,22073.162872
2022-02-19T15:15:00.000000000,-2465.020326,15232.583107,22282.255631
2022-02-19T15:30:00.000000000,-4837.747481,14890.762956,22130.491185
2022-02-19T15:45:00.000000000,-7189.071228,14682.18862,21620.537552
2022-02-19T16:00:00.000000000,-9473.656927,14603.451538,20760.502812
2022-02-19T16:15:00.000000000,-11647.729481,14643.504797,19563.837629
2022-02-19T16:30:00.000000000,-13670.469985,14784.091083,18049.187945
2022-02-19T16:45:00.000000000,-15505.324735,15000.427976,16240.195739
2022-02-19T17:00:00.000000000,-17121.185405,15262.13294,14165.244618
2022-02-19T17:15:00.000000000,-18493.401414,15534.363512,11857.146088
2022-02-19T17:30:00.000000000,-19604.588581,15779.141347,9352.761872
2022-02-19T17:45:00.000000000,-20445.20227,15956.821957,6692.557647
2022-02-19T18:00:00.000000000,-21013.848568,16027.665391,3920.084205
2022-02-19T18:15:00.000000000,-21317.313708,15953.456961,1081.383261
2022-02-19T18:30:00.000000000,-21370.299988,15699.121854,-1775.682734
2022-02-19T18:45:00.000000000,-21194.865997,15234.273429,-4602.174706
2022-02-19T19:00:00.000000000,-20819.579769,14534.632819,-7348.889367
2022-02-19T19:15:00.000000000,-20278.405413,13583.257485,-9967.230093
2022-02-19T19:30:00.000000000,-19609.356295,12371.519425,-12410.121933
2022-02-19T19:45:00.000000000,-18852.960412,10899.779818,-14632.951619
2022-02-19T20:00:00.000000000,-18050.595376,9177.716752,-16594.508955
2022-02-19T20:15:00.000000000,-17242.760518,7224.275782,-18257.902108
2022-02-19T20:30:00.000000000,-16467.360999,5067.229453,-19591.416564
2022-02-19T20:45:00.000000000,-15758.08269,2742.350775,-20569.286263
2022-02-19T21:00:00.000000000,-15142.936013,292.225698,-21172.346107
2022-02-19T21:15:00.000000000,-14643.04163,-2235.250174,-21388.537711
2022-02-19T21:30:00.000000000,-14271.720736,-4788.626767,-21213.24505
2022-02-19T21:45:00.000000000,-14033.938052,-7314.827332,-20649.443295
2022-02-19T22:00:00.000000000,-13926.127495,-9761.15859,-19707.652151
2022-02-19T22:15:00.000000000,-13936.409985,-12077.307494,-18405.693898
2022-02-19T22:30:00.000000000,-14045.191649,-14217.229604,-16768.265262
2022-02-19T22:45:00.000000000,-14226.110243,-16140.840731,-14826.340601
2022-02-19T23:00:00.000000000,-14447.279714,-17815.435637,-12616.430854
2022-02-19T23:15:00.000000000,-14672.768438,-19216.774027,-10179.72796
2022-02-19T23:30:00.000000000,-14864.236906,-20329.793388,-7561.167453
2022-02-19T23:45:00.000000000,-14982.655792,-21148.928785,-4808.442863
2022-02-19T00:00:00.000000000,-14999.080048,-21564.215781,-2745.824127
2022-02-19T00:15:00.000000000,-14902.971327,-21889.602078,121.6396
2022-02-19T00:30:00.000000000,-14637.336574,-21952.369732,2987.057442
2022-02-19T00:45:00.000000000,-14174.916017,-21778.85339,5801.088279
2022-02-19T01:00:00.000000000,-13494.742011,-21401.568166,8516.062617
2022-02-19T01:15:00.000000000,-12583.010838,-20857.765904,11086.737016
2022-02-19T01:30:00.000000000,-11433.667567,-20187.864639,13470.960245
2022-02-19T01:45:00.000000000,-10048.694173,-19433.814635,15630.249045
2022-02-19T02:00:00.000000000,-8438.102312,-18637.461948,17530.274682
2022-02-19T02:15:00.000000000,-6619.641918,-17838.966132,19141.264022
2022-02-19T02:30:00.000000000,-4618.24513,-17075.323193,20438.320524
2022-02-19T02:45:00.000000000,-2465.231904,-16379.038452,21401.671286
2022-02-19T03:00:00.000000000,-197.309121,-15776.987171,22016.846548
2022-02-19T03:15:00.000000000,2144.60083,-15289.493757,22274.797561
2022-02-19T03:30:00.000000000,4516.662845,-14929.653349,22171.957894
2022-02-19T03:45:00.000000000,6873.522013,-14702.912628,21710.252065
2022-02-19T04:00:00.000000000,9169.743977,-14606.919908,20897.05399
2022-02-19T04:15:00.000000000,11361.259421,-14631.647819,19745.096251
2022-02-19T04:30:00.000000000,13406.76935,-14759.78524,18272.329688
2022-02-19T04:45:00.000000000,15269.068467,-14967.388469,16501.731406
2022-02-19T05:00:00.000000000,16916.245214,-15224.774861,14461.058112
2022-02-19T05:15:00.000000000,18322.719145,-15497.635424,12182.540704
2022-02-19T05:30:00.000000000,19470.079272,-15748.33591,9702.515545
2022-02-19T05:45:00.000000000,20347.690924,-15937.369211,7060.987764
2022-02-19T06:00:00.000000000,20953.043878,-16024.915134,4301.122442
2022-02-19T06:15:00.000000000,21291.820986,-15972.457491,1468.660743
2022-02-19T06:30:00.000000000,21377.674361,-15744.402969,-1388.740021
2022-02-19T06:45:00.000000000,21231.705564,-15309.642067,-4222.240721
2022-02-19T07:00:00.000000000,20881.656877,-14642.989859,-6982.624011
2022-02-19T07:15:00.000000000,20360.832528,-13726.444099,-9621.158029
2022-02-19T07:30:00.000000000,19706.78123,-12550.20076,-12090.50643
2022-02-19T07:45:00.000000000,18959.783992,-11113.372747,-14345.666319
2022-02-19T08:00:00.000000000,18161.203089,-9424.366896,-16344.911023
2022-02-19T08:15:00.000000000,17351.758462,-7500.887004,-18050.710694
2022-02-19T08:30:00.000000000,16569.805631,-5369.546648,-19430.600802
2022-02-19T08:45:00.000000000,15849.693589,-3065.094089,-20457.967085
2022-02-19T09:00:00.000000000,15220.281228,-629.271555,-21112.715931
2022-02-19T09:15:00.000000000,14703.686214,1890.64853,-21381.80158
2022-02-19T09:30:00.000000000,14314.330685,4443.588909,-21259.586005
2022-02-19T09:45:00.000000000,14058.334144,6976.577,-20748.013777
2022-02-19T10:00:00.000000000,13933.286109,9436.749455,-19856.59209
2022-02-19T10:15:00.000000000,13928.410886,11773.356432,-18602.174872
2022-02-19T10:30:00.000000000,14025.115552,13939.670096,-17008.558981
2022-02-19T10:45:00.000000000,14197.891663,15894.707766,-15105.908862
2022-02-19T11:00:00.000000000,14415.522817,17604.691542,-12930.033311
2022-02-19T11:15:00.000000000,14642.535312,19044.182242,-10521.54345
2022-02-19T11:30:00.000000000,14840.818726,20196.844457,-7924.924361
2022-02-19T11:45:00.000000000,14971.337683,21055.820034,-5187.554032
2022-02-19T12:00:00.000000000,14995.855439,21623.707735,-2358.702282
2022-02-19T12:15:00.000000000,14878.593694,21912.165698,511.460369
2022-02-19T12:30:00.000000000,14587.760523,21941.16962,3372.817943
2022-02-19T12:45:00.000000000,14096.888569,21737.972672,6176.207424
2022-02-19T13:00:00.000000000,13385.937621,21335.822491,8874.244627
2022-02-19T13:15:00.000000000,12442.128496,20772.496408,11422.067015
2022-02-19T13:30:00.000000000,11260.487945,20088.718525,13777.987733
2022-02-19T13:45:00.000000000,9844.096315,19326.521813,15904.059219
2022-02-19T14:00:00.000000000,8204.040838,18527.615713,17766.547972
2022-02-19T14:15:00.000000000,6359.086891,17731.815165,19336.32448
2022-02-19T14:30:00.000000000,4335.087769,16975.581353,20589.173834
2022-02-19T14:45:00.000000000,2164.160162,16290.717928,21506.033253
2022-02-19T15:00:00.000000000,-116.342208,15703.259622,22073.162872
2022-02-19T15:15:00.000000000,-2465.020326,15232.583107,22282.255631
2022-02-19T15:30:00.000000000,-4837.747481,14890.762956,22130.491185
2022-02-19T15:45:00.000000000,-7189.071228,14682.18862,21620.537552
2022-02-19T16:00:00.000000000,-9473.656927,14603.451538,20760.502812
2022-02-19T16:15:00.000000000,-11647.729481,14643.504797,19563.837629
2022-02-19T16:30:00.000000000,-13670.469985,14784.091083,18049.187945
2022-02-19T16:45:00.000000000,-15505.324735,15000.427976,16240.195739
2022-02-19T17:00:00.000000000,-17121.185405,15262.13294,14165.244618
2022-02-19T17:15:00.000000000,-18493.401414,15534.363512,11857.146088
2022-02-19T17:30:00.000000000,-19604.588581,15779.141347,9352.761872
2022-02-19T17:45:00.000000000,-20445.20227,15956.821957,6692.557647
2022-02-19T18:00:00.000000000,-21013.848568,16027.665391,3920.084205
2022-02-19T18:15:00.000000000,-21317.313708,15953.456961,1081.383261
2022-02-19T18:30:00.000000000,-21370.299988,15699.121854,-1775.682734
2022-02-19T18:45:00.000000000,-21194.865997,15234.273429,-4602.174706
2022-02-19T19:00:00.000000000,-20819.579769,14534.632819,-7348.889367
2022-02-19T19:15:00.000000000,-20278.405413,13583.257485,-9967.230093
2022-02-19T19:30:00.000000000,-19609.356295,12371.519425,-12410.121933
2022-02-19T19:45:00.000000000,-18852.960412,10899.779818,-14632.951619
2022-02-19T20:00:00.000000000,-18050.595376,9177.716752,-16594.508955
2022-02-19T20:15:00.000000000,-17242.760518,7224.275782,-18257.902108
2022-02-19T20:30:00.000000000,-16467.360999,5067.229453,-19591.416564
2022-02-19T20:45:00.000000000,-15758.08269,2742.350775,-20569.286263
2022-02-19T21:00:00.000000000,-15142.936013,292.225698,-21172.346107
2022-02-19T21:15:00.000000000,-14643.04163,-2235.250174,-21388.537711
2022-02-19T21:30:00.000000000,-14271.720736,-4788.626767,-21213.24505
2022-02-19T21:45:00.000000000,-14033.938052,-7314.827332,-20649.443295
2022-02-19T22:00:00.000000000,-13926.127495,-9761.15859,-19707.652151
2022-02-19T22:15:00.000000000,-13936.409985,-12077.307494,-18405.693898
2022-02-19T22:30:00.000000000,-14045.191649,-14217.229604,-16768.265262
2022-02-19T22:45:00.000000000,-14226.110243,-16140.840731,-14826.340601
2022-02-19T23:00:00.000000000,-14447.279714,-17815.435637,-12616.430854
2022-02-19T23:15:00.000000000,-14672.768438,-19216.774027,-10179.72796
2022-02-19T23:30:00.000000000,-14864.236906,-20329.793388,-7561.167453
2022-02-19T23:45:00.000000000,-14982.655792,-21148.928785,-4808.442863
2022-02-19T00:00:00.000000000,-14999.080048,-21564.215781,-2745.824127
2022-02-19T00:15:00.000000000,-14902.971327,-21889.602078,121.6396
2022-02-19T00:30:00.000000000,-14637.336574,-21952.369732,2987.057442
2022-02-19T00:45:00.000000000,-14174.916017,-21778.85339,5801.088279
2022-02-19T01:00:00.000000000,-13494.742011,-21401.568166,8516.062617
2022-02-19T01:15:00.000000000,-12583.010838,-20857.765904,11086.737016
2022-02-19T01:30:00.000000000,-11433.667567,-20187.864639,13470.960245
2022-02-19T01:45:00.000000000,-10048.694173,-19433.814635,15630.249045
2022-02-19T02:00:00.000000000,-8438.102312,-18637.461948,17530.274682
2022-02-19T02:15:00.000000000,-6619.641918,-17838.966132,19141.264022
2022-02-19T02:30:00.000000000,-4618.24513,-17075.323193,20438.320524
2022-02-19T02:45:00.000000000,-2465.231904,-16379.038452,21401.671286
2022-02-19T03:00:00.000000000,-197.309121,-15776.987171,22016.846548
2022-02-19T03:15:00.000000000,2144.60083,-15289.493757,22274.797561
2022-02-19T03:30:00.000000000,4516.662845,-14929.653349,22171.957894
2022-02-19T03:45:00.000000000,6873.522013,-14702.912628,21710.252065
2022-02-19T04:00:00.000000000,9169.743977,-14606.919908,20897.05399
2022-02-19T04:15:00.000000000,11361.259421,-14631.647819,19745.096251
2022-02-19T04:30:00.000000000,13406.76935,-14759.78524,18272.329688
2022-02-19T04:45:00.000000000,15269.068467,-14967.388469,16501.731406
2022-02-19T05:00:00.000000000,16916.245214,-15224.774861,14461.058112
2022-02-19T05:15:00.000000000,18322.719145,-15497.635424,12182.540704
2022-02-19T05:30:00.000000000,19470.079272,-15748.33591,9702.515545
2022-02-19T05:45:00.000000000,20347.690924,-15937.369211,7060.987764
2022-02-19T06:00:00.000000000,20953.043878,-16024.915134,4301.122442
2022-02-19T06:15:00.000000000,21291.820986,-15972.457491,1468.660743
2022-02-19T06:30:00.000000000,21377.674361,-15744.402969,-1388.740021
2022-02-19T06:45:00.000000000,21231.705564,-15309.642067,-4222.240721
2022-02-19T07:00:00.000000000,20881.656877,-14642.989859,-6982.624011
2022-02-19T07:15:00.000000000,20360.832528,-13726.444099,-9621.158029
2022-02-19T07:30:00.000000000,19706.78123,-12550.20076,-12090.50643
2022-02-19T07:45:00.000000000,18959.783992,-11113.372747,-14345.666319
2022-02-19T08:00:00.000000000,18161.203089,-9424.366896,-16344.911023
2022-02-19T08:15:00.000000000,17351.758462,-7500.887004,-18050.710694
2022-02-19T08:30:00.000000000,16569.805631,-5369.546648,-19430.600802
2022-02-19T08:45:00.000000000,15849.693589,-3065.094089,-20457.967085
2022-02-19T09:00:00.000000000,15220.281228,-629.271555,-21112.715931
2022-02-19T09:15:00.000000000,14703.686214,1890.64853,-21381.80158
2022-02-19T09:30:00.000000000,14314.330685,4443.588909,-21259.586005
2022-02-19T09:45:00.000000000,14058.334144,6976.577,-20748.013777
2022-02-19T10:00:00.000000000,13933.286109,9436.749455,-19856.59209
2022-02-19T10:15:00.000000000,13928.410886,11773.356432,-18602.174872
2022-02-19T10:30:00.000000000,14025.115552,13939.670096,-17008.558981
2022-02-19T10:45:00.000000000,14197.891663,15894.707766,-15105.908862
2022-02-19T11:00:00.000000000,14415.522817,17604.691542,-12930.033311
2022-02-19T11:15:00.000000000,14642.535312,19044.182242,-10521.54345
2022-02-19T11:30:00.000000000,14840.818726,20196.844457,-7924.924361
2022-02-19T11:45:00.000000000,14971.337683,21055.820034,-5187.554032
2022-02-19T12:00:00.000000000,14995.855439,21623.707735,-2358.702282
2022-02-19T12:15:00.000000000,14878.593694,21912.165698,511.460369
2022-02-19T12:30:00.000000000,14587.760523,21941.16962,3372.817943
2022-02-19T12:45:00.000000000,14096.888569,21737.972672,6176.207424
2022-02-19T13:00:00.000000000,13385.937621,21335.822491,8874.244627
2022-02-19T13:15:00.000000000,12442.128496,20772.496408,11422.067015
2022-02-19T13:30:00.000000000,11260.487945,20088.718525,13777.987733
2022-02-19T13:45:00.000000000,9844.096315,19326.521813,15904.059219
2022-02-19T14:00:00.000000000,8204.040838,18527.615713,17766.547972
2022-02-19T14:15:00.000000000,6359.086891,17731.815165,19336.32448
2022-02-19T14:30:00.000000000,4335.087769,16975.581353,20589.173834
2022-02-19T14:45:00.000000000,2164.160162,16290.717928,21506.033253
2022-02-19T15:00:00.000000000,-116.342208,15703.259622,22073.162872
2022-02-19T15:15:00.000000000,-2465.020326,15232.583107,22282.255631
2022-02-19T15:30:00.000000000,-4837.747481,14890.762956,22130.491185
2022-02-19T15:45:00.000000000,-7189.071228,14682.18862,21620.537552
2022-02-19T16:00:00.000000000,-9473.656927,14603.451538,20760.502812
2022-02-19T16:15:00.000000000,-11647.729481,14643.504797,19563.837629
2022-02-19T16:30:00.000000000,-13670.469985,14784.091083,18049.187945
2022-02-19T16:45:00.000000000,-15505.324735,15000.427976,16240.195739
2022-02-19T17:00:00.000000000,-17121.185405,15262.13294,14165.244618
2022-02-19T17:15:00.000000000,-18493.401414,15534.363512,11857.146088
2022-02-19T17:30:00.000000000,-19604.588581,15779.141347,9352.761872
2022-02-19T17:45:00.000000000,-20445.20227,15956.821957,6692.557647
2022-02-19T18:00:00.000000000,-21013.848568,16027.665391,3920.084205
2022-02-19T18:15:00.000000000,-21317.313708,15953.456961,1081.383261
2022-02-19T18:30:00.000000000,-21370.299988,15699.121854,-1775.682734
2022-02-19T18:45:00.000000000,-21194.865997,15234.273429,-4602.174706
2022-02-19T19:00:00.000000000,-20819.579769,14534.632819,-7348.889367
2022-02-19T19:15:00.000000000,-20278.405413,13583.257485,-9967.230093
2022-02-19T19:30:00.000000000,-19609.356295,12371.519425,-12410.121933
2022-02-19T19:45:00.000000000,-18852.960412,10899.779818,-14632.951619
2022-02-19T20:00:00.000000000,-18050.595376,9177.716752,-16594.508955
2022-02-19T20:15:00.000000000,-17242.760518,7224.275782,-18257.902108
2022-02-19T20:30:00.000000000,-16467.360999,5067.229453,-19591.416564
2022-02-19T20:45:00.000000000,-15758.08269,2742.350775,-20569.286263
2022-02-19T21:00:00.000000000,-15142.936013,292.225698,-21172.346107
2022-02-19T21:15:00.000000000,-14643.04163,-2235.250174,-21388.537711
2022-02-19T21:30:00.000000000,-14271.720736,-4788.626767,-21213.24505
2022-02-19T21:45:00.000000000,-14033.938052,-7314.827332,-20649.443295
2022-02-19T22:00:00.000000000,-13926.127495,-9761.15859,-19707.652151
2022-02-19T22:15:00.000000000,-13936.409985,-12077.307494,-18405.693898
2022-02-19T22:30:00.000000000,-14045.191649,-14217.229604,-16768.265262
2022-02-19T22:45:00.000000000,-14226.110243,-16140.840731,-14826.340601
2022-02-19T23:00:00.000000000,-14447.279714,-17815.435637,-12616.430854
2022-02-19T23:15:00.000000000,-14672.768438,-19216.774027,-10179.72796
2022-02-19T23:30:00.000000000,-14864.236906,-20329.793388,-7561.167453
2022-02-19T23:45:00.000000000,-14982.655792,-21148.928785,-4808.442863
2022-02-19T00:00:00.000000000,-14999.080048,-21564.215781,-2745.824127
2022-02-19T00:15:00.000000000,-14902.971327,-21889.602078,121.6396
2022-02-19T00:30:00.000000000,-14637.336574,-21952.369732,2987.057442
2022-02-19T00:45:00.000000000,-14174.916017,-21778.85339,5801.088279
2022-02-19T01:00:00.000000000,-13494.742011,-21401.568166,8516.062617
2022-02-19T01:15:00.000000000,-12583.010838,-20857.765904,11086.737016
2022-02-19T01:30:00.000000000,-11433.667567,-20187.864639,13470.960245
2022-02-19T01:45:00.000000000,-10048.694173,-19433.814635,15630.249045
2022-02-19T02:00:00.000000000,-8438.102312,-18637.461948,17530.274682
2022-02-19T02:15:00.000000000,-6619.641918,-17838.966132,19141.264022
2022-02-19T02:30:00.000000000,-4618.24513,-17075.323193,20438.320524
2022-02-19T02:45:00.000000000,-2465.231904,-16379.038452,21401.671286
2022-02-19T03:00:00.000000000,-197.309121,-15776.987171,22016.846548
2022-02-19T03:15:00.000000000,2144.60083,-15289.493757,22274.797561
2022-02-19T03:30:00.000000000,4516.662845,-14929.653349,22171.957894
2022-02-19T03:45:00.000000000,6873.522013,-14702.912628,21710.252065
2022-02-19T04:00:00.000000000,9169.743977,-14606.919908,20897.05399
2022-02-19T04:15:00.000000000,11361.259421,-14631.647819,19745.096251
2022-02-19T04:30:00.000000000,13406.76935,-14759.78524,18272.329688
2022-02-19T04:45:00.000000000,15269.068467,-14967.388469,16501.731406
2022-02-19T05:00:00.000000000,16916.245214,-15224.774861,14461.058112
2022-02-19T05:15:00.000000000,18322.719145,-15497.635424,12182.540704
2022-02-19T05:30:00.000000000,19470.079272,-15748.33591,9702.515545
2022-02-19T05:45:00.000000000,20347.690924,-15937.369211,7060.987764
2022-02-19T06:00:00.000000000,20953.043878,-16024.915134,4301.122442
2022-02-19T06:15:00.000000000,21291.820986,-15972.457491,1468.660743
2022-02-19T06:30:00.000000000,21377.674361,-15744.402969,-1388.740021
2022-02-19T06:45:00.000000000,21231.705564,-15309.642067,-4222.240721
2022-02-19T07:00:00.000000000,20881.656877,-14642.989859,-6982.624011
2022-02-19T07:15:00.000000000,20360.832528,-13726.444099,-9621.158029
2022-02-19T07:30:00.000000000,19706.78123,-12550.20076,-12090.50643
2022-02-19T07:45:00.000000000,18959.783992,-11113.372747,-14345.666319
2022-02-19T08:00:00.000000000,18161.203089,-9424.366896,-16344.911023
2022-02-19T08:15:00.000000000,17351.758462,-7500.887004,-18050.710694
2022-02-19T08:30:00.000000000,16569.805631,-5369.546648,-19430.600802
2022-02-19T08:45:00.000000000,15849.693589,-3065.094089,-20457.967085
2022-02-19T09:00:00.000000000,15220.281228,-629.271555,-21112.715931
2022-02-19T09:15:00.000000000,14703.686214,1890.64853,-21381.80158
2022-02-19T09:30:00.000000000,14314.330685,4443.588909,-21259.586005
2022-02-19T09:45:00.000000000,14058.334144,6976.577,-20748.013777
2022-02-19T10:00:00.000000000,13933.286109,9436.749455,-19856.59209
2022-02-19T10:15:00.000000000,13928.410886,11773.356432,-18602.174872
2022-02-19T10:30:00.000000000,14025.115552,13939.670096,-17008.558981
2022-02-19T10:45:00.000000000,14197.891663,15894.707766,-15105.908862
2022-02-19T11:00:00.000000000,14415.522817,17604.691542,-12930.033311
2022-02-19T11:15:00.000000000,14642.535312,19044.182242,-10521.54345
2022-02-19T11:30:00.000000000,14840.818726,20196.844457,-7924.924361
2022-02-19T11:45:00.000000000,14971.337683,21055.820034,-5187.554032
2022-02-19T12:00:00.000000000,14995.855439,21623.707735,-2358.702282
2022-02-19T12:15:00.000000000,14878.593694,21912.165698,511.460369
2022-02-19T12:30:00.000000000,14587.760523,21941.16962,3372.817943
2022-02-19T12:45:00.000000000,14096.888569,21737.972672,6176.207424
2022-02-19T13:00:00.000000000,13385.937621,21335.822491,8874.244627
2022-02-19T13:15:00.000000000,12442.128496,20772.496408,11422.067015
2022-02-19T13:30:00.000000000,11260.487945,20088.718525,13777.987733
2022-02-19T13:45:00.000000000,9844.096315,19326.521813,15904.059219
2022-02-19T14:00:00.000000000,8204.040838,18527.615713,17766.547972
2022-02-19T14:15:00.000000000,6359.086891,17731.815165,19336.32448
2022-02-19T14:30:00.000000000,4335.087769,16975.581353,20589.173834
2022-02-19T14:45:00.000000000,2164.160162,16290.717928,21506.033253
2022-02-19T15:00:00.000000000,-116.342208,15703.259622,22073.162872
2022-02-19T15:15:00.000000000,-2465.020326,15232.583107,22282.255631
2022-02-19T15:30:00.000000000,-4837.747481,14890.762956,22130.491185
2022-02-19T15:45:00.000000000,-7189.071228,14682.18862,21620.537552
2022-02-19T16:00:00.000000000,-9473.656927,14603.451538,20760.502812
2022-02-19T16:15:00.000000000,-11647.729481,14643.504797,19563.837629
2022-02-19T16:30:00.000000000,-13670.469985,14784.091083,18049.187945
2022-02-19T16:45:00.000000000,-15505.324735,15000.427976,16240.195739
2022-02-19T17:00:00.000000000,-17121.185405,15262.13294,14165.244618
2022-02-19T17:15:00.000000000,-18493.401414,15534.363512,11857.146088
2022-02-19T17:30:00.000000000,-19604.588581,15779.141347,9352.761872
2022-02-19T17:45:00.000000000,-20445.20227,15956.821957,6692.557647
2022-02-19T18:00:00.000000000,-21013.848568,16027.665391,3920.084205
2022-02-19T18:15:00.000000000,-21317.313708,15953.456961,1081.383261
2022-02-19T18:30:00.000000000,-21370.299988,15699.121854,-1775.682734
2022-02-19T18:45:00.000000000,-21194.865997,15234.273429,-4602.174706
2022-02-19T19:00:00.000000000,-20819.579769,14534.632819,-7348.889367
2022-02-19T19:15:00.000000000,-20278.405413,13583.257485,-9967.230093
2022-02-19T19:30:00.000000000,-19609.356295,12371.519425,-12410.121933
2022-02-19T19:45:00.000000000,-18852.960412,10899.779818,-14632.951619
2022-02-19T20:00:00.000000000,-18050.595376,9177.716752,-16594.508955
2022-02-19T20:15:00.000000000,-17242.760518,7224.275782,-18257.902108
2022-02-19T20:30:00.000000000,-16467.360999,5067.229453,-19591.416564
2022-02-19T20:45:00.000000000,-15758.08269,2742.350775,-20569.286263
2022-02-19T21:00:00.000000000,-15142.936013,292.225698,-21172.346107
2022-02-19T21:15:00.000000000,-14643.04163,-2235.250174,-21388.537711
2022-02-19T21:30:00.000000000,-14271.720736,-4788.626767,-21213.24505
2022-02-19T21:45:00.000000000,-14033.938052,-7314.827332,-20649.443295
2022-02-19T22:00:00.000000000,-13926.127495,-9761.15859,-19707.652151
2022-02-19T22:15:00.000000000,-13936.409985,-12077.307494,-18405.693898
2022-02-19T22:30:00.000000000,-14045.191649,-14217.229604,-16768.265262
2022-02-19T22:45:00.000000000,-14226.110243,-16140.840731,-14826.340601
2022-02-19T23:00:00.000000000,-14447.279714,-17815.435637,-12616.430854
2022-02-19T23:15:00.000000000,-14672.768438,-19216.774027,-10179.72796
2022-02-19T23:30:00.000000000,-14864.236906,-20329.793388,-7561.167453
2022-02-19T23:45:00.000000000,-14982.655792,-21148.928785,-4808.442863
2022-02-19T00:00:00.000000000,-14999.080048,-21564.215781,-2745.824127
2022-02-19T00:15:00.000000000,-14902.971327,-21889.602078,121.6396
2022-02-19T00:30:00.000000000,-14637.336574,-21952.369732,2987.057442
2022-02-19T00:45:00.000000000,-14174.916017,-21778.85339,5801.088279
2022-02-19T01:00:00.000000000,-13494.742011,-21401.568166,8516.062617
2022-02-19T01:15:00.000000000,-12583.010838,-20857.765904,11086.737016
2022-02-19T01:30:00.000000000,-11433.667567,-20187.864639,13470.960245
2022-02-19T01:45:00.000000000,-10048.694173,-19433.814635,15630.249045
2022-02-19T02:00:00.000000000,-8438.102312,-18637.461948,17530.274682
2022-02-19T02:15:00.000000000,-6619.641918,-17838.966132,19141.264022
2022-02-19T02:30:00.000000000,-4618.24513,-17075.323193,20438.320524
2022-02-19T02:45:00.000000000,-2465.231904,-16379.038452,21401.671286
2022-02-19T03:00:00.000000000,-197.309121,-15776.987171,22016.846548
2022-02-19T03:15:00.000000000,2144.60083,-15289.493757,22274.797561
2022-02-19T03:30:00.000000000,4516.662845,-14929.653349,22171.957894
2022-02-19T03:45:00.000000000,6873.522013,-14702.912628,21710.252065
2022-02-19T04:00:00.000000000,9169.743977,-14606.919908,20897.05399
2022-02-19T04:15:00.000000000,11361.259421,-14631.647819,19745.096251
2022-02-19T04:30:00.000000000,13406.76935,-14759.78524,18272.329688
2022-02-19T04:45:00.000000000,15269.068467,-14967.388469,16501.731406
2022-02-19T05:00:00.000000000,16916.245214,-15224.774861,14461.058112
2022-02-19T05:15:00.000000000,18322.719145,-15497.635424,12182.540704
2022-02-19T05:30:00.000000000,19470.079272,-15748.33591,9702.515545
2022-02-19T05:45:00.000000000,20347.690924,-15937.369211,7060.987764
2022-02-19T06:00:00.000000000,20953.043878,-16024.915134,4301.122442
2022-02-19T06:15:00.000000000,21291.820986,-15972.457491,1468.660743
2022-02-19T06:30:00.000000000,21377.674361,-15744.402969,-1388.740021
2022-02-19T06:45:00.000000000,21231.705564,-15309.642067,-4222.240721
2022-02-19T07:00:00.000000000,20881.656877,-14642.989859,-6982.624011
2022-02-19T07:15:00.000000000,20360.832528,-13726.444099,-9621.158029
2022-02-19T07:30:00.000000000,19706.78123,-12550.20076,-12090.50643
2022-02-19T07:45:00.000000000,18959.783992,-11113.372747,-14345.666319
2022-02-19T08:00:00.000000000,18161.203089,-9424.366896,-16344.911023
2022-02-19T08:15:00.000000000,17351.758462,-7500.887004,-18050.710694
2022-02-19T08:30:00.000000000,16569.805631,-5369.546648,-19430.600802
2022-02-19T08:45:00.000000000,15849.693589,-3065.094089,-20457.967085
2022-02-19T09:00:00.000000000,15220.281228,-629.271555,-21112.715931
2022-02-19T09:15:00.000000000,14703.686214,1890.64853,-21381.80158
2022-02-19T09:30:00.000000000,14314.330685,4443.588909,-21259.586005
2022-02-19T09:45:00.000000000,14058.334144,6976.577,-20748.013777
2022-02-19T10:00:00.000000000,13933.286109,9436.749455,-19856.59209
2022-02-19T10:15:00.000000000,13928.410886,11773.356432,-18602.174872
2022-02-19T10:30:00.000000000,14025.115552,13939.670096,-17008.558981
2022-02-19T10:45:00.000000000,14197.891663,15894.707766,-15105.908862
2022-02-19T11:00:00.000000000,14415.522817,17604.691542,-12930.033311
2022-02-19T11:15:00.000000000,14642.535312,19044.182242,-10521.54345
2022-02-19T11:30:00.000000000,14840.818726,20196.844457,-7924.924361
2022-02-19T11:45:00.000000000,14971.337683,21055.820034,-5187.554032
2022-02-19T12:00:00.000000000,14995.855439,21623.707735,-2358.702282
2022-02-19T12:15:00.000000000,14878.593694,21912.165698,511.460369
2022-02-19T12:30:00.000000000,14587.760523,21941.16962,3372.817943
2022-02-19T12:45:00.000000000,14096.888569,21737.972672,6176.207424
2022-02-19T13:00:00.000000000,13385.937621,21335.822491,8874.244627
2022-02-19T13:15:00.000000000,12442.128496,20772.496408,11422.067015
2022-02-19T13:30:00.000000000,11260.487945,20088.718525,13777.987733
2022-02-19T13:45:00.000000000,9844.096315,19326.521813,15904.059219
2022-02-19T14:00:00.000000000,8204.040838,18527.615713,17766.547972
2022-02-19T14:15:00.000000000,6359.086891,17731.815165,19336.32448
2022-02-19T14:30:00.000000000,4335.087769,16975.581353,20589.173834
2022-02-19T14:45:00.000000000,2164.160162,16290.717928,21506.033253
2022-02-19T15:00:00.000000000,-116.342208,15703.259622,22073.162872
2022-02-19T15:15:00.000000000,-2465.020326,15232.583107,22282.255631
2022-02-19T15:30:00.000000000,-4837.747481,14890.762956,22130.491185
2022-02-19T15:45:00.000000000,-7189.071228,14682.18862,21620.537552
2022-02-19T16:00:00.000000000,-9473.656927,14603.451538,20760.502812
2022-02-19T16:15:00.000000000,-11647.729481,14643.504797,19563.837629
2022-02-19T16:30:00.000000000,-13670.469985,14784.091083,18049.187945
2022-02-19T16:45:00.000000000,-15505.324735,15000.427976,16240.195739
2022-02-19T17:00:00.000000000,-17121.185405,15262.13294,14165.244618
2022-02-19T17:15:00.000000000,-18493.401414,15534.363512,11857.146088
2022-02-19T17:30:00.000000000,-19604.588581,15779.141347,9352.761872
2022-02-19T17:45:00.000000000,-20445.20227,15956.821957,6692.557647
2022-02-19T18:00:00.000000000,-21013.848568,16027.665391,3920.084205
2022-02-19T18:15:00.000000000,-21317.313708,15953.456961,1081.383261
2022-02-19T18:30:00.000000000,-21370.299988,15699.121854,-1775.682734
2022-02-19T18:45:00.000000000,-21194.865997,15234.273429,-4602.174706
2022-02-19T19:00:00.000000000,-20819.579769,14534.632819,-7348.889367
2022-02-19T19:15:00.000000000,-20278.405413,13583.257485,-9967.230093
2022-02-19T19:30:00.000000000,-19609.356295,12371.519425,-12410.121933
2022-02-19T19:45:00.000000000,-18852.960412,10899.779818,-14632.951619
2022-02-19T20:00:00.000000000,-18050.595376,9177.716752,-16594.508955
2022-02-19T20:15:00.000000000,-17242.760518,7224.275782,-18257.902108
2022-02-19T20:30:00.000000000,-16467.360999,5067.229453,-19591.416564
2022-02-19T20:45:00.000000000,-15758.08269,2742.350775,-20569.286263
2022-02-19T21:00:00.000000000,-15142.936013,292.225698,-21172.346107
2022-02-19T21:15:00.000000000,-14643.04163,-2235.250174,-21388.537711
2022-02-19T21:30:00.000000000,-14271.720736,-4788.626767,-21213.24505
2022-02-19T21:45:00.000000000,-14033.938052,-7314.827332,-20649.443295
2022-02-19T22:00:00.000000000,-13926.127495,-9761.15859,-19707.652151
2022-02-19T22:15:00.000000000,-13936.409985,-12077.307494,-18405.693898
2022-02-19T22:30:00.000000000,-14045.191649,-14217.229604,-16768.265262
2022-02-19T22:45:00.000000000,-14226.110243,-16140.840731,-14826.340601
2022-02-19T23:00:00.000000000,-14447.279714,-17815.435637,-12616.430854
2022-02-19T23:15:00.000000000,-14672.768438,-19216.774027,-10179.72796
2022-02-19T23:30:00.000000000,-14864.236906,-20329.793388,-7561.167453
2022-02-19T23:45:00.000000000,-14982.655792,-21148.928785,-4808.442863
2022-02-19T00:00:00.000000000,-14999.080048,-21564.215781,-2745.824127
2022-02-19T00:15:00.000000000,-14902.971327,-21889.602078,121.6396
2022-02-19T00:30:00.000000000,-14637.336574,-21952.369732,2987.057442
2022-02-19T00:45:00.000000000,-14174.916017,-21778.85339,5801.088279
2022-02-19T01:00:00.000000000,-13494.742011,-21401.568166,8516.062617
2022-02-19T01:15:00.000000000,-12583.010838,-20857.765904,11086.737016
2022-02-19T01:30:00.000000000,-11433.667567,-20187.864639,13470.960245
2022-02-19T01:45:00.000000000,-10048.694173,-19433.814635,15630.249045
2022-02-19T02:00:00.000000000,-8438.102312,-18637.461948,17530.274682
2022-02-19T02:15:00.000000000,-6619.641918,-17838.966132,19141.264022
2022-02-19T02:30:00.000000000,-4618.24513,-17075.323193,20438.320524
2022-02-19T02:45:00.000000000,-2465.231904,-16379.038452,21401.671286
2022-02-19T03:00:00.000000000,-197.309121,-15776.987171,22016.846548
2022-02-19T03:15:00.000000000,2144.60083,-15289.493757,22274.797561
2022-02-19T03:30:00.000000000,4516.662845,-14929.653349,22171.957894
2022-02-19T03:45:00.000000000,6873.522013,-14702.912628,21710.252065
2022-02-19T04:00:00.000000000,9169.743977,-14606.919908,20897.05399
2022-02-19T04:15:00.000000000,11361.259421,-14631.647819,19745.096251
2022-02-19T04:30:00.000000000,13406.76935,-14759.78524,18272.329688
2022-02-19T04:45:00.000000000,15269.068467,-14967.388469,16501.731406
2022-02-19T05:00:00.000000000,16916.245214,-15224.774861,14461.058112
2022-02-19T05:15:00.000000000,18322.719145,-15497.635424,12182.540704
2022-02-19T05:30:00.000000000,19470.079272,-15748.33591,9702.515545
2022-02-19T05:45:00.000000000,20347.690924,-15937.369211,7060.987764
2022-02-19T06:00:00.000000000,20953.043878,-16024.915134,4301.122442
2022-02-19T06:15:00.000000000,21291.820986,-15972.457491,1468.660743
2022-02-19T06:30:00.000000000,21377.674361,-15744.402969,-1388.740021
2022-02-19T06:45:00.000000000,21231.705564,-15309.642067,-4222.240721
2022-02-19T07:00:00.000000000,20881.656877,-14642.989859,-6982.624011
2022-02-19T07:15:00.000000000,20360.832528,-13726.444099,-9621.158029
2022-02-19T07:30:00.000000000,19706.78123,-12550.20076,-12090.50643
2022-02-19T07:45:00.000000000,18959.783992,-11113.372747,-14345.666319
2022-02-19T08:00:00.000000000,18161.203089,-9424.366896,-16344.911023
2022-02-19T08:15:00.000000000,17351.758462,-7500.887004,-18050.710694
2022-02-19T08:30:00.000000000,16569.805631,-5369.546648,-19430.600802
2022-02-19T08:45:00.000000000,15849.693589,-3065.094089,-20457.967085
2022-02-19T09:00:00.000000000,15220.281228,-629.271555,-21112.715931
2022-02-19T09:15:00.000000000,14703.686214,1890.64853,-21381.80158
2022-02-19T09:30:00.000000000,14314.330685,4443.588909,-21259.586005
2022-02-19T09:45:00.000000000,14058.334144,6976.577,-20748.013777
2022-02-19T10:00:00.000000000,13933.286109,9436.749455,-19856.59209
2022-02-19T10:15:00.000000000,13928.410886,11773.356432,-18602.174872
2022-02-19T10:30:00.000000000,14025.115552,13939.670096,-17008.558981
2022-02-19T10:45:00.000000000,14197.891663,15894.707766,-15105.908862
2022-02-19T11:00:00.000000000,14415.522817,17604.691542,-12930.033311
2022-02-19T11:15:00.000000000,14642.535312,19044.182242,-10521.54345
2022-02-19T11:30:00.000000000,14840.818726,20196.844457,-7924.924361
2022-02-19T11:45:00.000000000,14971.337683,21055.820034,-5187.554032
2022-02-19T12:00:00.000000000,14995.855439,21623.707735,-2358.702282
2022-02-19T12:15:00.000000000,14878.593694,21912.165698,511.460369
2022-02-19T12:30:00.000000000,14587.760523,21941.16962,3372.817943
2022-02-19T12:45:00.000000000,14096.888569,21737.972672,6176.207424
2022-02-19T13:00:00.000000000,13385.937621,21335.822491,8874.244627
2022-02-19T13:15:00.000000000,12442.128496,20772.496408,11422.067015
2022-02-19T13:30:00.000000000,11260.487945,20088.718525,13777.987733
2022-02-19T13:45:00.000000000,9844.096315,19326.521813,15904.059219
2022-02-19T14:00:00.000000000,8204.040838,18527.615713,17766.547972
2022-02-19T14:15:00.000000000,6359.086891,17731.815165,19336.32448
2022-02-19T14:30:00.000000000,4335.087769,16975.581353,20589.173834
2022-02-19T14:45:00.000000000,2164.160162,16290.717928,21506.033253
2022-02-19T15:00:00.000000000,-116.342208,15703.259622,22073.162872
2022-02-19T15:15:00.000000000,-2465.020326,15232.583107,22282.255631
2022-02-19T15:30:00.000000000,-4837.747481,14890.762956,22130.491185
2022-02-19T15:45:00.000000000,-7189.071228,14682.18862,21620.537552
2022-02-19T16:00:00.000000000,-9473.656927,14603.451538,20760.502812
2022-02-19T16:15:00.000000000,-11647.729481,14643.504797,19563.837629
2022-02-19T16:30:00.000000000,-13670.469985,14784.091083,18049.187945
2022-02-19T16:45:00.000000000,-15505.324735,15000.427976,16240.195739
2022-02-19T17:00:00.000000000,-17121.185405,15262.13294,14165.244618
2022-02-19T17:15:00.000000000,-18493.401414,15534.363512,11857.146088
2022-02-19T17:30:00.000000000,-19604.588581,15779.141347,9352.761872
2022-02-19T17:45:00.000000000,-20445.20227,15956.821957,6692.557647
2022-02-19T18:00:00.000000000,-21013.848568,16027.665391,3920.084205
2022-02-19T18:15:00.000000000,-21317.313708,15953.456961,1081.383261
2022-02-19T18:30:00.000000000,-21370.299988,15699.121854,-1775.682734
2022-02-19T18:45:00.000000000,-21194.865997,15234.273429,-4602.174706
2022-02-19T19:00:00.000000000,-20819.579769,14534.632819,-7348.889367
2022-02-19T19:15:00.000000000,-20278.405413,13583.257485,-9967.230093
2022-02-19T19:30:00.000000000,-19609.356295,12371.519425,-12410.121933
2022-02-19T19:45:00.000000000,-18852.960412,10899.779818,-14632.951619
2022-02-19T20:00:00.000000000,-18050.595376,9177.716752,-16594.508955
2022-02-19T20:15:00.000000000,-17242.760518,7224.275782,-18257.902108
2022-02-19T20:30:00.000000000,-16467.360999,5067.229453,-19591.416564
2022-02-19T20:45:00.000000000,-15758.08269,2742.350775,-20569.286263
2022-02-19T21:00:00.000000000,-15142.936013,292.225698,-21172.346107
2022-02-19T21:15:00.000000000,-14643.04163,-2235.250174,-21388.537711
2022-02-19T21:30:00.000000000,-14271.720736,-4788.626767,-21213.24505
2022-02-19T21:45:00.000000000,-14033.938052,-7314.827332,-20649.443295
2022-02-19T22:00:00.000000000,-13926.127495,-9761.15859,-19707.652151
2022-02-19T22:15:00.000000000,-13936.409985,-12077.307494,-18405.693898
2022-02-19T22:30:00.000000000,-14045.191649,-14217.229604,-16768.265262
2022-02-19T22:45:00.000000000,-14226.110243,-16140.840731,-14826.340601
2022-02-19T23:00:00.000000000,-14447.279714,-17815.435637,-12616.430854
2022-02-19T23:15:00.000000000,-14672.768438,-19216.774027,-10179.72796
2022-02-19T23:30:00.000000000,-14864.236906,-20329.793388,-7561.167453
2022-02-19T23:45:00.000000000,-14982.655792,-21148.928785,-4808.442863
2022-02-19T00:00:00.000000000,-14999.080048,-21564.215781,-2745.824127
2022-02-19T00:15:00.000000000,-14902.971327,-21889.602078,121.6396
2022-02-19T00:30:00.000000000,-14637.336574,-21952.369732,2987.057442
2022-02-19T00:45:00.000000000,-14174.916017,-21778.85339,5801.088279
2022-02-19T01:00:00.000000000,-13494.742011,-21401.568166,8516.062617
2022-02-19T01:15:00.000000000,-12583.010838,-20857.765904,11086.737016
2022-02-19T01:30:00.000000000,-11433.667567,-20187.864639,13470.960245
2022-02-19T01:45:00.000000000,-10048.694173,-19433.814635,15630.249045
2022-02-19T02:00:00.000000000,-8438.102312,-18637.461948,17530.274682
2022-02-19T02:15:00.000000000,-6619.641918,-17838.966132,19141.264022
2022-02-19T02:30:00.000000000,-4618.24513,-17075.323193,20438.320524
2022-02-19T02:45:00.000000000,-2465.231904,-16379.038452,21401.671286
2022-02-19T03:00:00.000000000,-197.309121,-15776.987171,22016.846548
2022-02-19T03:15:00.000000000,2144.60083,-15289.493757,22274.797561
2022-02-19T03:30:00.000000000,4516.662845,-14929.653349,22171.957894
2022-02-19T03:45:00.000000000,6873.522013,-14702.912628,21710.252065
2022-02-19T04:00:00.000000000,9169.743977,-14606.919908,20897.05399
2022-02-19T04:15:00.000000000,11361.259421,-14631.647819,19745.096251
2022-02-19T04:30:00.000000000,13406.76935,-14759.78524,18272.329688
2022-02-19T04:45:00.000000000,15269.068467,-14967.388469,16501.731406
2022-02-19T05:00:00.000000000,16916.245214,-15224.774861,14461.058112
2022-02-19T05:15:00.000000000,18322.719145,-15497.635424,12182.540704
2022-02-19T05:30:00.000000000,19470.079272,-15748.33591,9702.515545
2022-02-19T05:45:00.000000000,20347.690924,-15937.369211,7060.987764
2022-02-19T06:00:00.000000000,20953.043878,-16024.915134,4301.122442
2022-02-19T06:15:00.000000000,21291.820986,-15972.457491,1468.660743
2022-02-19T06:30:00.000000000,21377.674361,-15744.402969,-1388.740021
2022-02-19T06:45:00.000000000,21231.705564,-15309.642067,-4222.240721
2022-02-19T07:00:00.000000000,20881.656877,-14642.989859,-6982.624011
2022-02-19T07:15:00.000000000,20360.832528,-13726.444099,-9621.158029
2022-02-19T07:30:00.000000000,19706.78123,-12550.20076,-12090.50643
2022-02-19T07:45:00.000000000,18959.783992,-11113.372747,-14345.666319
2022-02-19T08:00:00.000000000,18161.203089,-9424.366896,-16344.911023
2022-02-19T08:15:00.000000000,17351.758462,-7500.887004,-18050.710694
2022-02-19T08:30:00.000000000,16569.805631,-5369.546648,-19430.600802
2022-02-19T08:45:00.000000000,15849.693589,-3065.094089,-20457.967085
2022-02-19T09:00:00.000000000,15220.281228,-629.271555,-21112.715931
2022-02-19T09:15:00.000000000,14703.686214,1890.64853,-21381.80158
2022-02-19T09:30:00.000000000,14314.330685,4443.588909,-21259.586005
2022-02-19T09:45:00.000000000,14058.334144,6976.577,-20748.013777
2022-02-19T10:00:00.000000000,13933.286109,9436.749455,-19856.59209
2022-02-19T10:15:00.000000000,13928.410886,11773.356432,-18602.174872
2022-02-19T10:30:00.000000000,14025.115552,13939.670096,-17008.558981
2022-02-19T10:45:00.000000000,14197.891663,15894.707766,-15105.908862
2022-02-19T11:00:00.000000000,14415.522817,17604.691542,-12930.033311
2022-02-19T11:15:00.000000000,14642.535312,19044.182242,-10521.54345
2022-02-19T11:30:00.000000000,14840.818726,20196.844457,-7924.924361
2022-02-19T11:45:00.000000000,14971.337683,21055.820034,-5187.554032
2022-02-19T12:00:00.000000000,14995.855439,21623.707735,-2358.702282
2022-02-19T12:15:00.000000000,14878.593694,21912.165698,511.460369
2022-02-19T12:30:00.000000000,14587.760523,21941.16962,3372.817943
2022-02-19T12:45:00.000000000,14096.888569,21737.972672,6176.207424
2022-02-19T13:00:00.000000000,13385.937621,21335.822491,8874.244627
2022-02-19T13:15:00.000000000,12442.128496,20772.496408,11422.067015
2022-02-19T13:30:00.000000000,11260.487945,20088.718525,13777.987733
2022-02-19T13:45:00.000000000,9844.096315,19326.521813,15904.059219
2022-02-19T14:00:00.000000000,8204.040838,18527.615713,17766.547972
2022-02-19T14:15:00.000000000,6359.086891,17731.815165,19336.32448
2022-02-19T14:30:00.000000000,4335.087769,16975.581353,20589.173834
2022-02-19T14:45:00.000000000,2164.160162,16290.717928,21506.033253
2022-02-19T15:00:00.000000000,-116.342208,15703.259622,22073.162872
2022-02-19T15:15:00.000000000,-2465.020326,15232.583107,22282.255631
2022-02-19T15:30:00.000000000,-4837.747481,14890.762956,22130.491185
2022-02-19T15:45:00.000000000,-7189.071228,14682.18862,21620.537552
2022-02-19T16:00:00.000000000,-9473.656927,14603.451538,20760.502812
2022-02-19T16:15:00.000000000,-11647.729481,14643.504797,19563.837629
2022-02-19T16:30:00.000000000,-13670.469985,14784.091083,18049.187945
2022-02-19T16:45:00.000000000,-15505.324735,15000.427976,16240.195739
2022-02-19T17:00:00.000000000,-17121.185405,15262.13294,14165.244618
2022-02-19T17:15:00.000000000,-18493.401414,15534.363512,11857.146088
2022-02-19T17:30:00.000000000,-19604.588581,15779.141347,9352.761872
2022-02-19T17:45:00.000000000,-20445.20227,15956.821957,6692.557647
2022-02-19T18:00:00.000000000,-21013.848568,16027.665391,3920.084205
2022-02-19T18:15:00.000000000,-21317.313708,15953.456961,1081.383261
2022-02-19T18:30:00.000000000,-21370.299988,15699.121854,-1775.682734
2022-02-19T18:45:00.000000000,-21194.865997,15234.273429,-4602.174706
2022-02-19T19:00:00.000000000,-20819.579769,14534.632819,-7348.889367
2022-02-19T19:15:00.000000000,-20278.405413,13583.257485,-9967.230093
2022-02-19T19:30:00.000000000,-19609.356295,12371.519425,-12410.121933
2022-02-19T19:45:00.000000000,-18852.960412,10899.779818,-14632.951619
2022-02-19T20:00:00.000000000,-18050.595376,9177.716752,-16594.508955
2022-02-19T20:15:00.000000000,-17242.760518,7224.275782,-18257.902108
2022-02-19T20:30:00.000000000,-16467.360999,5067.229453,-19591.416564
2022-02-19T20:45:00.000000000,-15758.08269,2742.350775,-20569.286263
2022-02-19T21:00:00.000000000,-15142.936013,292.225698,-21172.346107
2022-02-19T21:15:00.000000000,-14643.04163,-2235.250174,-21388.537711
2022-02-19T21:30:00.000000000,-14271.720736,-4788.626767,-21213.24505
2022-02-19T21:45:00.000000000,-14033.938052,-7314.827332,-20649.443295
2022-02-19T22:00:00.000000000,-13926.127495,-9761.15859,-19707.652151
2022-02-19T22:15:00.000000000,-13936.409985,-12077.307494,-18405.693898
2022-02-19T22:30:00.000000000,-14045.191649,-14217.229604,-16768.265262
2022-02-19T22:45:00.000000000,-14226.110243,-16140.840731,-14826.340601
2022-02-19T23:00:00.000000000,-14447.279714,-17815.435637,-12616.430854
2022-02-19T23:15:00.000000000,-14672.768438,-19216.774027,-10179.72796
2022-02-19T23:30:00.000000000,-14864.236906,-20329.793388,-7561.167453
2022-02-19T23:45:00.000000000,-14982.655792,-21148.928785,-4808.442863
2022-02-18T00:00:00.000000000,-14998.148011,-21429.546342,-3517.512251
2022-02-18T00:15:00.000000000,-14942.544792,-21829.832213,-658.228732
2022-02-18T00:30:00.000000000,-14725.79231,-21961.584929,2212.576045
2022-02-18T00:45:00.000000000,-14319.109237,-21849.232488,5045.251461
2022-02-18T01:00:00.000000000,-13699.721566,-21523.744711,7791.599473
2022-02-18T01:15:00.000000000,-12851.809002,-21021.235124,10405.651886
2022-02-18T01:30:00.000000000,-11767.169231,-20381.418744,12844.360645
2022-02-18T01:45:00.000000000,-10445.587012,-19645.989408,15068.197966
2022-02-18T02:00:00.000000000,-8894.906582,-18856.978423,17041.666672
2022-02-18T02:15:00.000000000,-7130.81603,-18055.15248,18733.723906
2022-02-18T02:30:00.000000000,-5176.360984,-17278.503498,20118.123216
2022-02-18T02:45:00.000000000,-3061.212273,-16560.876861,21173.681029
2022-02-18T03:00:00.000000000,-820.717975,-15930.777773,21884.473913
2022-02-18T03:15:00.000000000,1505.225197,-15410.388463,22239.972699
2022-02-18T03:30:00.000000000,3873.442783,-15014.821934,22235.118785
2022-02-18T03:45:00.000000000,6238.855007,-14751.631002,21870.346869
2022-02-18T04:00:00.000000000,8555.908379,-14620.584506,21151.556959
2022-02-18T04:15:00.000000000,10780.023273,-14613.715847,20090.037082
2022-02-18T04:30:00.000000000,12869.014084,-14715.642333,18702.336587
2022-02-18T04:45:00.000000000,14784.43902,-14904.147125,17010.088491
2022-02-18T05:00:00.000000000,16492.837681,-15151.008901,15039.778086
2022-02-18T05:15:00.000000000,17966.816442,-15423.057532,12822.453968
2022-02-18T05:30:00.000000000,19185.944353,-15683.427245,10393.376997
2022-02-18T05:45:00.000000000,20137.425935,-15892.971874,7791.602518
2022-02-18T06:00:00.000000000,20816.522077,-16011.800085,5059.491505
2022-02-18T06:15:00.000000000,21226.696366,-16000.882129,2242.14727
2022-02-18T06:30:00.000000000,21379.471627,-15823.673967,-613.223846
2022-02-18T06:45:00.000000000,21293.990439,-15447.70004,-3458.026947
2022-02-18T07:00:00.000000000,20996.283673,-14846.032935,-6243.064125
2022-02-18T07:15:00.000000000,20518.262647,-13998.607277,-8919.383013
2022-02-18T07:30:00.000000000,19896.462793,-12893.306919,-11439.175918
2022-02-18T07:45:00.000000000,19170.579421,-11526.769299,-13756.712348
2022-02-18T08:00:00.000000000,18381.848314,-9904.859163,-15829.283074
2022-02-18T08:15:00.000000000,17571.334826,-8042.775612,-17618.129729
2022-02-18T08:30:00.000000000,16778.203738,-5964.771591,-19089.330656
2022-02-18T08:45:00.000000000,16038.047556,-3703.482857,-20214.61178
2022-02-18T09:00:00.000000000,15381.352236,-1298.883213,-20972.051161
2022-02-18T09:15:00.000000000,14832.176001,1203.096879,-21346.647757
2022-02-18T09:30:00.000000000,14407.108709,3752.231733,-21330.728789
2022-02-18T09:45:00.000000000,14114.566357,6295.868421,-20924.176128
2022-02-18T10:00:00.000000000,13954.458436,8780.914882,-20134.459581
2022-02-18T10:15:00.000000000,13918.246137,11155.853877,-18976.473621
2022-02-18T10:30:00.000000000,13989.388304,13372.686742,-17472.183109
2022-02-18T10:45:00.000000000,14144.15104,15388.715158,-15650.092226
2022-02-18T11:00:00.000000000,14352.737807,17168.079154,-13544.558476
2022-02-18T11:15:00.000000000,14580.680861,18682.984488,-11194.9796
2022-02-18T11:30:00.000000000,14790.423215,19914.570853,-8644.885174
2022-02-18T11:45:00.000000000,14943.013413,20853.392615,-5940.96646
2022-02-18T12:00:00.000000000,14999.833444,21499.504395,-3132.077637
2022-02-18T12:15:00.000000000,14924.282793,21862.163236,-268.239265
2022-02-18T12:30:00.000000000,14683.348207,21959.176179,2600.328876
2022-02-18T12:45:00.000000000,14248.998315,21815.936049,5424.123244
2022-02-18T13:00:00.000000000,13599.353877,21464.198634,8155.203153
2022-02-18T13:15:00.000000000,12719.597114,20940.661177,10747.95668
2022-02-18T13:30:00.000000000,11602.596371,20285.405413,13159.778906
2022-02-18T13:45:00.000000000,10249.234731,19540.268693,15351.65985
2022-02-18T14:00:00.000000000,8668.442518,18747.204555,17288.682885
2022-02-18T14:15:00.000000000,6876.943608,17946.690062,18940.43709
2022-02-18T14:30:00.000000000,4898.734002,17176.231767,20281.348721
2022-02-18T14:45:00.000000000,2764.318173,16469.015902,21290.937925
2022-02-18T15:00:00.000000000,509.734309,15852.741576,21954.007058
2022-02-18T15:15:00.000000000,-1824.596063,15348.66874,22260.766626
2022-02-18T15:30:00.000000000,-4195.155302,14970.90569,22206.904056
2022-02-18T15:45:00.000000000,-6556.712715,14725.953885,21793.599342
2022-02-18T16:00:00.000000000,-8863.760946,14612.521063,21027.490263
2022-02-18T16:15:00.000000000,-11071.962402,14621.606867,19920.588368
2022-02-18T16:30:00.000000000,-13139.56237,14736.858572,18490.145444
2022-02-18T16:45:00.000000000,-15028.725985,14935.187784,16758.468721
2022-02-18T17:00:00.000000000,-16706.757405,15187.632307,14752.681889
2022-02-18T17:15:00.000000000,-18147.161535,15460.440549,12504.427958
2022-02-18T17:30:00.000000000,-19330.511461,15716.348993,10049.509426
2022-02-18T17:45:00.000000000,-20245.088538,15916.016421,7427.461096
2022-02-18T18:00:00.000000000,-20887.267121,16019.571891,4681.051269
2022-02-18T18:15:00.000000000,-21261.622178,15988.227166,1855.708187
2022-02-18T18:30:00.000000000,-21380.745706,15785.898787,-1001.12961
2022-02-18T18:45:00.000000000,-21264.767027,15380.780507,-3840.737733
2022-02-18T19:00:00.000000000,-20940.582536,14746.804096,-6613.900607
2022-02-18T19:15:00.000000000,-20440.812097,13864.925912,-9271.767724
2022-02-18T19:30:00.000000000,-19802.511743,12724.178767,-11766.758408
2022-02-18T19:45:00.000000000,-19065.684946,11322.433894,-14053.497248
2022-02-18T20:00:00.000000000,-18271.646779,9666.826612,-16089.757763
2022-02-18T20:15:00.000000000,-17461.305977,7773.811529,-17837.387775
2022-02-18T20:30:00.000000000,-16673.438092,5668.828689,-19263.186859
2022-02-18T20:45:00.000000000,-15943.027858,3385.580314,-20339.704534
2022-02-18T21:00:00.000000000,-15299.759578,964.937693,-21045.928
2022-02-18T21:15:00.000000000,-14766.730358,-1546.481958,-21367.830341
2022-02-18T21:30:00.000000000,-14359.452171,-4098.009593,-21298.754321
2022-02-18T21:45:00.000000000,-14085.195231,-6636.813897,-20839.613108
2022-02-18T22:00:00.000000000,-13942.707859,-9109.898498,-19998.896951
2022-02-18T22:15:00.000000000,-13922.328046,-11466.111968,-18792.483547
2022-02-18T22:30:00.000000000,-14006.480668,-13658.074784,-17243.258857
2022-02-18T22:45:00.000000000,-14170.533573,-15643.932525,-15380.563699
2022-02-18T23:00:00.000000000,-14383.96698,-17388.855287,-13239.488882
2022-02-18T23:15:00.000000000,-14611.795211,-18866.218764,-10860.047356
2022-02-18T23:30:00.000000000,-14816.168681,-20058.421121,-8286.255528
2022-02-18T23:45:00.000000000,-14958.077923,-20957.310152,-5565.157354
2022-02-19T00:00:00.000000000,-14999.080048,-21564.215781,-2745.824127
2022-02-19T00:15:00.000000000,-14902.971327,-21889.602078,121.6396
2022-02-19T00:30:00.000000000,-14637.336574,-21952.369732,2987.057442
2022-02-19T00:45:00.000000000,-14174.916017,-21778.85339,5801.088279
2022-02-19T01:00:00.000000000,-13494.742011,-21401.568166,8516.062617
2022-02-19T01:15:00.000000000,-12583.010838,-20857.765904,11086.737016
2022-02-19T01:30:00.000000000,-11433.667567,-20187.864639,13470.960245
2022-02-19T01:45:00.000000000,-10048.694173,-19433.814635,15630.249045
2022-02-19T02:00:00.000000000,-8438.102312,-18637.461948,17530.274682
2022-02-19T02:15:00.000000000,-6619.641918,-17838.966132,19141.264022
2022-02-19T02:30:00.000000000,-4618.24513,-17075.323193,20438.320524
2022-02-19T02:45:00.000000000,-2465.231904,-16379.038452,21401.671286
2022-02-19T03:00:00.000000000,-197.309121,-15776.987171,22016.846548
2022-02-19T03:15:00.000000000,2144.60083,-15289.493757,22274.797561
2022-02-19T03:30:00.000000000,4516.662845,-14929.653349,22171.957894
2022-02-19T03:45:00.000000000,6873.522013,-14702.912628,21710.252065
2022-02-19T04:00:00.000000000,9169.743977,-14606.919908,20897.05399
2022-02-19T04:15:00.000000000,11361.259421,-14631.647819,19745.096251
2022-02-19T04:30:00.000000000,13406.76935,-14759.78524,18272.329688
2022-02-19T04:45:00.000000000,15269.068467,-14967.388469,16501.731406
2022-02-19T05:00:00.000000000,16916.245214,-15224.774861,14461.058112
2022-02-19T05:15:00.000000000,18322.719145,-15497.635424,12182.540704
2022-02-19T05:30:00.000000000,19470.079272,-15748.33591,9702.515545
2022-02-19T05:45:00.000000000,20347.690924,-15937.369211,7060.987764
2022-02-19T06:00:00.000000000,20953.043878,-16024.915134,4301.122442
2022-02-19T06:15:00.000000000,21291.820986,-15972.457491,1468.660743
2022-02-19T06:30:00.000000000,21377.674361,-15744.402969,-1388.740021
2022-02-19T06:45:00.000000000,21231.705564,-15309.642067,-4222.240721
2022-02-19T07:00:00.000000000,20881.656877,-14642.989859,-6982.624011
2022-02-19T07:15:00.000000000,20360.832528,-13726.444099,-9621.158029
2022-02-19T07:30:00.000000000,19706.78123,-12550.20076,-12090.50643
2022-02-19T07:45:00.000000000,18959.783992,-11113.372747,-14345.666319
2022-02-19T08:00:00.000000000,18161.203089,-9424.366896,-16344.911023
2022-02-19T08:15:00.000000000,17351.758462,-7500.887004,-18050.710694
2022-02-19T08:30:00.000000000,16569.805631,-5369.546648,-19430.600802
2022-02-19T08:45:00.000000000,15849.693589,-3065.094089,-20457.967085
2022-02-19T09:00:00.000000000,15220.281228,-629.271555,-21112.715931
2022-02-19T09:15:00.000000000,14703.686214,1890.64853,-21381.80158
2022-02-19T09:30:00.000000000,14314.330685,4443.588909,-21259.586005
2022-02-19T09:45:00.000000000,14058.334144,6976.577,-20748.013777
2022-02-19T10:00:00.000000000,13933.286109,9436.749455,-19856.59209
2022-02-19T10:15:00.000000000,13928.410886,11773.356432,-18602.174872
2022-02-19T10:30:00.000000000,14025.115552,13939.670096,-17008.558981
2022-02-19T10:45:00.000000000,14197.891663,15894.707766,-15105.908862
2022-02-19T11:00:00.000000000,14415.522817,17604.691542,-12930.033311
2022-02-19T11:15:00.000000000,14642.535312,19044.182242,-10521.54345
2022-02-19T11:30:00.000000000,14840.818726,20196.844457,-7924.924361
2022-02-19T11:45:00.000000000,14971.337683,21055.820034,-5187.554032
2022-02-19T12:00:00.000000000,14995.855439,21623.707735,-2358.702282
2022-02-19T12:15:00.000000000,14878.593694,21912.165698,511.460369
2022-02-19T12:30:00.000000000,14587.760523,21941.16962,3372.817943
2022-02-19T12:45:00.000000000,14096.888569,21737.972672,6176.207424
2022-02-19T13:00:00.000000000,13385.937621,21335.822491,8874.244627
2022-02-19T13:15:00.000000000,12442.128496,20772.496408,11422.067015
2022-02-19T13:30:00.000000000,11260.487945,20088.718525,13777.987733
2022-02-19T13:45:00.000000000,9844.096315,19326.521813,15904.059219
2022-02-19T14:00:00.000000000,8204.040838,18527.615713,17766.547972
2022-02-19T14:15:00.000000000,6359.086891,17731.815165,19336.32448
2022-02-19T14:30:00.000000000,4335.087769,16975.581353,20589.173834
2022-02-19T14:45:00.000000000,2164.160162,16290.717928,21506.033253
2022-02-19T15:00:00.000000000,-116.342208,15703.259622,22073.162872
2022-02-19T15:15:00.000000000,-2465.020326,15232.583107,22282.255631
2022-02-19T15:30:00.000000000,-4837.747481,14890.762956,22130.491185
2022-02-19T15:45:00.000000000,-7189.071228,14682.18862,21620.537552
2022-02-19T16:00:00.000000000,-9473.656927,14603.451538,20760.502812
2022-02-19T16:15:00.000000000,-11647.729481,14643.504797,19563.837629
2022-02-19T16:30:00.000000000,-13670.469985,14784.091083,18049.187945
2022-02-19T16:45:00.000000000,-15505.324735,15000.427976,16240.195739
2022-02-19T17:00:00.000000000,-17121.185405,15262.13294,14165.244618
2022-02-19T17:15:00.000000000,-18493.401414,15534.363512,11857.146088
2022-02-19T17:30:00.000000000,-19604.588581,15779.141347,9352.761872
2022-02-19T17:45:00.000000000,-20445.20227,15956.821957,6692.557647
2022-02-19T18:00:00.000000000,-21013.848568,16027.665391,3920.084205
2022-02-19T18:15:00.000000000,-21317.313708,15953.456961,1081.383261
2022-02-19T18:30:00.000000000,-21370.299988,15699.121854,-1775.682734
2022-02-19T18:45:00.000000000,-21194.865997,15234.273429,-4602.174706
2022-02-19T19:00:00.000000000,-20819.579769,14534.632819,-7348.889367
2022-02-19T19:15:00.000000000,-20278.405413,13583.257485,-9967.230093
2022-02-19T19:30:00.000000000,-19609.356295,12371.519425,-12410.121933
2022-02-19T19:45:00.000000000,-18852.960412,10899.779818,-14632.951619
2022-02-19T20:00:00.000000000,-18050.595376,9177.716752,-16594.508955
2022-02-19T20:15:00.000000000,-17242.760518,7224.275782,-18257.902108
2022-02-19T20:30:00.000000000,-16467.360999,5067.229453,-19591.416564
2022-02-19T20:45:00.000000000,-15758.08269,2742.350775,-20569.286263
2022-02-19T21:00:00.000000000,-15142.936013,292.225698,-21172.346107
2022-02-19T21:15:00.000000000,-14643.04163,-2235.250174,-21388.537711
2022-02-19T21:30:00.000000000,-14271.720736,-4788.626767,-21213.24505
2022-02-19T21:45:00.000000000,-14033.938052,-7314.827332,-20649.443295
2022-02-19T22:00:00.000000000,-13926.127495,-9761.15859,-19707.652151
2022-02-19T22:15:00.000000000,-13936.409985,-12077.307494,-18405.693898
2022-02-19T22:30:00.000000000,-14045.191649,-14217.229604,-16768.265262
2022-02-19T22:45:00.000000000,-14226.110243,-16140.840731,-14826.340601
2022-02-19T23:00:00.000000000,-14447.279714,-17815.435637,-12616.430854
2022-02-19T23:15:00.000000000,-14672.768438,-19216.774027,-10179.72796
2022-02-19T23:30:00.000000000,-14864.236906,-20329.793388,-7561.167453
2022-02-19T23:45:00.000000000,-14982.655792,-21148.928785,-4808.442863
2022-02-18T00:00:00.000000000,-14998.148011,-21429.546342,-3517.512251
2022-02-18T00:15:00.000000000,-14942.544792,-21829.832213,-658.228732
2022-02-18T00:30:00.000000000,-14725.79231,-21961.584929,2212.576045
2022-02-18T00:45:00.000000000,-14319.109237,-21849.232488,5045.251461
2022-02-18T01:00:00.000000000,-13699.721566,-21523.744711,7791.599473
2022-02-18T01:15:00.000000000,-12851.809002,-21021.235124,10405.651886
2022-02-18T01:30:00.000000000,-11767.169231,-20381.418744,12844.360645
2022-02-18T01:45:00.000000000,-10445.587012,-19645.989408,15068.197966
2022-02-18T02:00:00.000000000,-8894.906582,-18856.978423,17041.666672
2022-02-18T02:15:00.000000000,-7130.81603,-18055.15248,18733.723906
2022-02-18T02:30:00.000000000,-5176.360984,-17278.503498,20118.123216
2022-02-18T02:45:00.000000000,-3061.212273,-16560.876861,21173.681029
2022-02-18T03:00:00.000000000,-820.717975,-15930.777773,21884.473913
2022-02-18T03:15:00.000000000,1505.225197,-15410.388463,22239.972699
2022-02-18T03:30:00.000000000,3873.442783,-15014.821934,22235.118785
2022-02-18T03:45:00.000000000,6238.855007,-14751.631002,21870.346869
2022-02-18T04:00:00.000000000,8555.908379,-14620.584506,21151.556959
2022-02-18T04:15:00.000000000,10780.023273,-14613.715847,20090.037082
2022-02-18T04:30:00.000000000,12869.014084,-14715.642333,18702.336587
2022-02-18T04:45:00.000000000,14784.43902,-14904.147125,17010.088491
2022-02-18T05:00:00.000000000,16492.837681,-15151.008901,15039.778086
2022-02-18T05:15:00.000000000,17966.816442,-15423.057532,12822.453968
2022-02-18T05:30:00.000000000,19185.944353,-15683.427245,10393.376997
2022-02-18T05:45:00.000000000,20137.425935,-15892.971874,7791.602518
2022-02-18T06:00:00.000000000,20816.522077,-16011.800085,5059.491505
2022-02-18T06:15:00.000000000,21226.696366,-16000.882129,2242.14727
2022-02-18T06:30:00.000000000,21379.471627,-15823.673967,-613.223846
2022-02-18T06:45:00.000000000,21293.990439,-15447.70004,-3458.026947
2022-02-18T07:00:00.000000000,20996.283673,-14846.032935,-6243.064125
2022-02-18T07:15:00.000000000,20518.262647,-13998.607277,-8919.383013
2022-02-18T07:30:00.000000000,19896.462793,-12893.306919,-11439.175918
2022-02-18T07:45:00.000000000,19170.579421,-11526.769299,-13756.712348
2022-02-18T08:00:00.000000000,18381.848314,-9904.859163,-15829.283074
2022-02-18T08:15:00.000000000,17571.334826,-8042.775612,-17618.129729
2022-02-18T08:30:00.000000000,16778.203738,-5964.771591,-19089.330656
2022-02-18T08:45:00.000000000,16038.047556,-3703.482857,-20214.61178
2022-02-18T09:00:00.000000000,15381.352236,-1298.883213,-20972.051161
2022-02-18T09:15:00.000000000,14832.176001,1203.096879,-21346.647757
2022-02-18T09:30:00.000000000,14407.108709,3752.231733,-21330.728789
2022-02-18T09:45:00.000000000,14114.566357,6295.868421,-20924.176128
2022-02-18T10:00:00.000000000,13954.458436,8780.914882,-20134.459581
2022-02-18T10:15:00.000000000,13918.246137,11155.853877,-18976.473621
2022-02-18T10:30:00.000000000,13989.388304,13372.686742,-17472.183109
2022-02-18T10:45:00.000000000,14144.15104,15388.715158,-15650.092226
2022-02-18T11:00:00.000000000,14352.737807,17168.079154,-13544.558476
2022-02-18T11:15:00.000000000,14580.680861,18682.984488,-11194.9796
2022-02-18T11:30:00.000000000,14790.423215,19914.570853,-8644.885174
2022-02-18T11:45:00.000000000,14943.013413,20853.392615,-5940.96646
2022-02-18T12:00:00.000000000,14999.833444,21499.504395,-3132.077637
2022-02-18T12:15:00.000000000,14924.282793,21862.163236,-268.239265
2022-02-18T12:30:00.000000000,14683.348207,21959.176179,2600.328876
2022-02-18T12:45:00.000000000,14248.998315,21815.936049,5424.123244
2022-02-18T13:00:00.000000000,13599.353877,21464.198634,8155.203153
2022-02-18T13:15:00.000000000,12719.597114,20940.661177,10747.95668
2022-02-18T13:30:00.000000000,11602.596371,20285.405413,13159.778906
2022-02-18T13:45:00.000000000,10249.234731,19540.268693,15351.65985
2022-02-18T14:00:00.000000000,8668.442518,18747.204555,17288.682885
2022-02-18T14:15:00.000000000,6876.943608,17946.690062,18940.43709
2022-02-18T14:30:00.000000000,4898.734002,17176.231767,20281.348721
2022-02-18T14:45:00.000000000,2764.318173,16469.015902,21290.937925
2022-02-18T15:00:00.000000000,509.734309,15852.741576,21954.007058
2022-02-18T15:15:00.000000000,-1824.596063,15348.66874,22260.766626
2022-02-18T15:30:00.000000000,-4195.155302,14970.90569,22206.904056
2022-02-18T15:45:00.000000000,-6556.712715,14725.953885,21793.599342
2022-02-18T16:00:00.000000000,-8863.760946,14612.521063,21027.490263
2022-02-18T16:15:00.000000000,-11071.962402,14621.606867,19920.588368
2022-02-18T16:30:00.000000000,-13139.56237,14736.858572,18490.145444
2022-02-18T16:45:00.000000000,-15028.725985,14935.187784,16758.468721
2022-02-18T17:00:00.000000000,-16706.757405,15187.632307,14752.681889
2022-02-18T17:15:00.000000000,-18147.161535,15460.440549,12504.427958
2022-02-18T17:30:00.000000000,-19330.511461,15716.348993,10049.509426
2022-02-18T17:45:00.000000000,-20245.088538,15916.016421,7427.461096
2022-02-18T18:00:00.000000000,-20887.267121,16019.571891,4681.051269
2022-02-18T18:15:00.000000000,-21261.622178,15988.227166,1855.708187
2022-02-18T18:30:00.000000000,-21380.745706,15785.898787,-1001.12961
2022-02-18T18:45:00.000000000,-21264.767027,15380.780507,-3840.737733
2022-02-18T19:00:00.000000000,-20940.582536,14746.804096,-6613.900607
2022-02-18T19:15:00.000000000,-20440.812097,13864.925912,-9271.767724
2022-02-18T19:30:00.000000000,-19802.511743,12724.178767,-11766.758408
2022-02-18T19:45:00.000000000,-19065.684946,11322.433894,-14053.497248
2022-02-18T20:00:00.000000000,-18271.646779,9666.826612,-16089.757763
2022-02-18T20:15:00.000000000,-17461.305977,7773.811529,-17837.387775
2022-02-18T20:30:00.000000000,-16673.438092,5668.828689,-19263.186859
2022-02-18T20:45:00.000000000,-15943.027858,3385.580314,-20339.704534
2022-02-18T21:00:00.000000000,-15299.759578,964.937693,-21045.928
2022-02-18T21:15:00.000000000,-14766.730358,-1546.481958,-21367.830341
2022-02-18T21:30:00.000000000,-14359.452171,-4098.009593,-21298.754321
2022-02-18T21:45:00.000000000,-14085.195231,-6636.813897,-20839.613108
2022-02-18T22:00:00.000000000,-13942.707859,-9109.898498,-19998.896951
2022-02-18T22:15:00.000000000,-13922.328046,-11466.111968,-18792.483547
2022-02-18T22:30:00.000000000,-14006.480668,-13658.074784,-17243.258857
2022-02-18T22:45:00.000000000,-14170.533573,-15643.932525,-15380.563699
2022-02-18T23:00:00.000000000,-14383.96698,-17388.855287,-13239.488882
2022-02-18T23:15:00.000000000,-14611.795211,-18866.218764,-10860.047356
2022-02-18T23:30:00.000000000,-14816.168681,-20058.421121,-8286.255528
2022-02-18T23:45:00.000000000,-14958.077923,-20957.310152,-5565.157354
2022-02-19T00:00:00.000000000,-14999.080048,-21564.215781,-2745.824127
2022-02-19T00:15:00.000000000,-14902.971327,-21889.602078,121.6396
2022-02-19T00:30:00.000000000,-14637.336574,-21952.369732,2987.057442
2022-02-19T00:45:00.000000000,-14174.916017,-21778.85339,5801.088279
2022-02-19T01:00:00.000000000,-13494.742011,-21401.568166,8516.062617
2022-02-19T01:15:00.000000000,-12583.010838,-20857.765904,11086.737016
2022-02-19T01:30:00.000000000,-11433.667567,-20187.864639,13470.960245
2022-02-19T01:45:00.000000000,-10048.694173,-19433.814635,15630.249045
2022-02-19T02:00:00.000000000,-8438.102312,-18637.461948,17530.274682
2022-02-19T02:15:00.000000000,-6619.641918,-17838.966132,19141.264022
2022-02-19T02:30:00.000000000,-4618.24513,-17075.323193,20438.320524
2022-02-19T02:45:00.000000000,-2465.231904,-16379.038452,21401.671286
2022-02-19T03:00:00.000000000,-197.309121,-15776.987171,22016.846548
2022-02-19T03:15:00.000000000,2144.60083,-15289.493757,22274.797561
2022-02-19T03:30:00.000000000,4516.662845,-14929.653349,22171.957894
2022-02-19T03:45:00.000000000,6873.522013,-14702.912628,21710.252065
2022-02-19T04:00:00.000000000,9169.743977,-14606.919908,20897.05399
2022-02-19T04:15:00.000000000,11361.259421,-14631.647819,19745.096251
2022-02-19T04:30:00.000000000,13406.76935,-14759.78524,18272.329688
2022-02-19T04:45:00.000000000,15269.068467,-14967.388469,16501.731406
2022-02-19T05:00:00.000000000,16916.245214,-15224.774861,14461.058112
2022-02-19T05:15:00.000000000,18322.719145,-15497.635424,12182.540704
2022-02-19T05:30:00.000000000,19470.079272,-15748.33591,9702.515545
2022-02-19T05:45:00.000000000,20347.690924,-15937.369211,7060.987764
2022-02-19T06:00:00.000000000,20953.043878,-16024.915134,4301.122442
2022-02-19T06:15:00.000000000,21291.820986,-15972.457491,1468.660743
2022-02-19T06:30:00.000000000,21377.674361,-15744.402969,-1388.740021
2022-02-19T06:45:00.000000000,21231.705564,-15309.642067,-4222.240721
2022-02-19T07:00:00.000000000,20881.656877,-14642.989859,-6982.624011
2022-02-19T07:15:00.000000000,20360.832528,-13726.444099,-9621.158029
2022-02-19T07:30:00.000000000,19706.78123,-12550.20076,-12090.50643
2022-02-19T07:45:00.000000000,18959.783992,-11113.372747,-14345.666319
2022-02-19T08:00:00.000000000,18161.203089,-9424.366896,-16344.911023
2022-02-19T08:15:00.000000000,17351.758462,-7500.887004,-18050.710694
2022-02-19T08:30:00.000000000,16569.805631,-5369.546648,-19430.600802
2022-02-19T08:45:00.000000000,15849.693589,-3065.094089,-20457.967085
2022-02-19T09:00:00.000000000,15220.281228,-629.271555,-21112.715931
2022-02-19T09:15:00.000000000,14703.686214,1890.64853,-21381.80158
2022-02-19T09:30:00.000000000,14314.330685,4443.588909,-21259.586005
2022-02-19T09:45:00.000000000,14058.334144,6976.577,-20748.013777
2022-02-19T10:00:00.000000000,13933.286109,9436.749455,-19856.59209
2022-02-19T10:15:00.000000000,13928.410886,11773.356432,-18602.174872
2022-02-19T10:30:00.000000000,14025.115552,13939.670096,-17008.558981
2022-02-19T10:45:00.000000000,14197.891663,15894.707766,-15105.908862
2022-02-19T11:00:00.000000000,14415.522817,17604.691542,-12930.033311
2022-02-19T11:15:00.000000000,14642.535312,19044.182242,-10521.54345
2022-02-19T11:30:00.000000000,14840.818726,20196.844457,-7924.924361
2022-02-19T11:45:00.000000000,14971.337683,21055.820034,-5187.554032
2022-02-19T12:00:00.000000000,14995.855439,21623.707735,-2358.702282
2022-02-19T12:15:00.000000000,14878.593694,21912.165698,511.460369
2022-02-19T12:30:00.000000000,14587.760523,21941.16962,3372.817943
2022-02-19T12:45:00.000000000,14096.888569,21737.972672,6176.207424
2022-02-19T13:00:00.000000000,13385.937621,21335.822491,8874.244627
2022-02-19T13:15:00.000000000,12442.128496,20772.496408,11422.067015
2022-02-19T13:30:00.000000000,11260.487945,20088.718525,13777.987733
2022-02-19T13:45:00.000000000,9844.096315,19326.521813,15904.059219
2022-02-19T14:00:00.000000000,8204.040838,18527.615713,17766.547972
2022-02-19T14:15:00.000000000,6359.086891,17731.815165,19336.32448
2022-02-19T14:30:00.000000000,4335.087769,16975.581353,20589.173834
2022-02-19T14:45:00.000000000,2164.160162,16290.717928,21506.033253
2022-02-19T15:00:00.000000000,-116.342208,15703.259622,22073.162872
2022-02-19T15:15:00.000000000,-2465.020326,15232.583107,22282.255631
2022-02-19T15:30:00.000000000,-4837.747481,14890.762956,22130.491185
2022-02-19T15:45:00.000000000,-7189.071228,14682.18862,21620.537552
2022-02-19T16:00:00.000000000,-9473.656927,14603.451538,20760.502812
2022-02-19T16:15:00.000000000,-11647.729481,14643.504797,19563.837629
2022-02-19T16:30:00.000000000,-13670.469985,14784.091083,18049.187945
2022-02-19T16:45:00.000000000,-15505.324735,15000.427976,16240.195739
2022-02-19T17:00:00.000000000,-17121.185405,15262.13294,14165.244618
2022-02-19T17:15:00.000000000,-18493.401414,15534.363512,11857.146088
2022-02-19T17:30:00.000000000,-19604.588581,15779.141347,9352.761872
2022-02-19T17:45:00.000000000,-20445.20227,15956.821957,6692.557647
2022-02-19T18:00:00.000000000,-21013.848568,16027.665391,3920.084205
2022-02-19T18:15:00.000000000,-21317.313708,15953.456961,1081.383261
2022-02-19T18:30:00.000000000,-21370.299988,15699.121854,-1775.682734
2022-02-19T18:45:00.000000000,-21194.865997,15234.273429,-4602.174706
2022-02-19T19:00:00.000000000,-20819.579769,14534.632819,-7348.889367
2022-02-19T19:15:00.000000000,-20278.405413,13583.257485,-9967.230093
2022-02-19T19:30:00.000000000,-19609.356295,12371.519425,-12410.121933
2022-02-19T19:45:00.000000000,-18852.960412,10899.779818,-14632.951619
2022-02-19T20:00:00.000000000,-18050.595376,9177.716752,-16594.508955
2022-02-19T20:15:00.000000000,-17242.760518,7224.275782,-18257.902108
2022-02-19T20:30:00.000000000,-16467.360999,5067.229453,-19591.416564
2022-02-19T20:45:00.000000000,-15758.08269,2742.350775,-20569.286263
2022-02-19T21:00:00.000000000,-15142.936013,292.225698,-21172.346107
2022-02-19T21:15:00.000000000,-14643.04163,-2235.250174,-21388.537711
2022-02-19T21:30:00.000000000,-14271.720736,-4788.626767,-21213.24505
2022-02-19T21:45:00.000000000,-14033.938052,-7314.827332,-20649.443295
2022-02-19T22:00:00.000000000,-13926.127495,-9761.15859,-19707.652151
2022-02-19T22:15:00.000000000,-13936.409985,-12077.307494,-18405.693898
2022-02-19T22:30:00.000000000,-14045.191649,-14217.229604,-16768.265262
2022-02-19T22:45:00.000000000,-14226.110243,-16140.840731,-14826.340601
2022-02-19T23:00:00.000000000,-14447.279714,-17815.435637,-12616.430854
2022-02-19T23:15:00.000000000,-14672.768438,-19216.774027,-10179.72796
2022-02-19T23:30:00.000000000,-14864.236906,-20329.793388,-7561.167453
2022-02-19T23:45:00.000000000,-14982.655792,-21148.928785,-4808.442863
2022-02-18T00:00:00.000000000,-14998.148011,-21429.546342,-3517.512251
2022-02-18T00:15:00.000000000,-14942.544792,-21829.832213,-658.228732
2022-02-18T00:30:00.000000000,-14725.79231,-21961.584929,2212.576045
2022-02-18T00:45:00.000000000,-14319.109237,-21849.232488,5045.251461
2022-02-18T01:00:00.000000000,-13699.721566,-21523.744711,7791.599473
2022-02-18T01:15:00.000000000,-12851.809002,-21021.235124,10405.651886
2022-02-18T01:30:00.000000000,-11767.169231,-20381.418744,12844.360645
2022-02-18T01:45:00.000000000,-10445.587012,-19645.989408,15068.197966
2022-02-18T02:00:00.000000000,-8894.906582,-18856.978423,17041.666672
2022-02-18T02:15:00.000000000,-7130.81603,-18055.15248,18733.723906
2022-02-18T02:30:00.000000000,-5176.360984,-17278.503498,20118.123216
2022-02-18T02:45:00.000000000,-3061.212273,-16560.876861,21173.681029
2022-02-18T03:00:00.000000000,-820.717975,-15930.777773,21884.473913
2022-02-18T03:15:00.000000000,1505.225197,-15410.388463,22239.972699
2022-02-18T03:30:00.000000000,3873.442783,-15014.821934,22235.118785
2022-02-18T03:45:00.000000000,6238.855007,-14751.631002,21870.346869
2022-02-18T04:00:00.000000000,8555.908379,-14620.584506,21151.556959
2022-02-18T04:15:00.000000000,10780.023273,-14613.715847,20090.037082
2022-02-18T04:30:00.000000000,12869.014084,-14715.642333,18702.336587
2022-02-18T04:45:00.000000000,14784.43902,-14904.147125,17010.088491
2022-02-18T05:00:00.000000000,16492.837681,-15151.008901,15039.778086
2022-02-18T05:15:00.000000000,17966.816442,-15423.057532,12822.453968
2022-02-18T05:30:00.000000000,19185.944353,-15683.427245,10393.376997
2022-02-18T05:45:00.000000000,20137.425935,-15892.971874,7791.602518
2022-02-18T06:00:00.000000000,20816.522077,-16011.800085,5059.491505
2022-02-18T06:15:00.000000000,21226.696366,-16000.882129,2242.14727
2022-02-18T06:30:00.000000000,21379.471627,-15823.673967,-613.223846
2022-02-18T06:45:00.000000000,21293.990439,-15447.70004,-3458.026947
2022-02-18T07:00:00.000000000,20996.283673,-14846.032935,-6243.064125
2022-02-18T07:15:00.000000000,20518.262647,-13998.607277,-8919.383013
2022-02-18T07:30:00.000000000,19896.462793,-12893.306919,-11439.175918
2022-02-18T07:45:00.000000000,19170.579421,-11526.769299,-13756.712348
2022-02-18T08:00:00.000000000,18381.848314,-9904.859163,-15829.283074
2022-02-18T08:15:00.000000000,17571.334826,-8042.775612,-17618.129729
2022-02-18T08:30:00.000000000,16778.203738,-5964.771591,-19089.330656
2022-02-18T08:45:00.000000000,16038.047556,-3703.482857,-20214.61178
2022-02-18T09:00:00.000000000,15381.352236,-1298.883213,-20972.051161
2022-02-18T09:15:00.000000000,14832.176001,1203.096879,-21346.647757
2022-02-18T09:30:00.000000000,14407.108709,3752.231733,-21330.728789
2022-02-18T09:45:00.000000000,14114.566357,6295.868421,-20924.176128
2022-02-18T10:00:00.000000000,13954.458436,8780.914882,-20134.459581
2022-02-18T10:15:00.000000000,13918.246137,11155.853877,-18976.473621
2022-02-18T10:30:00.000000000,13989.388304,13372.686742,-17472.183109
2022-02-18T10:45:00.000000000,14144.15104,15388.715158,-15650.092226
2022-02-18T11:00:00.000000000,14352.737807,17168.079154,-13544.558476
2022-02-18T11:15:00.000000000,14580.680861,18682.984488,-11194.9796
2022-02-18T11:30:00.000000000,14790.423215,19914.570853,-8644.885174
2022-02-18T11:45:00.000000000,14943.013413,20853.392615,-5940.96646
2022-02-18T12:00:00.000000000,14999.833444,21499.504395,-3132.077637
2022-02-18T12:15:00.000000000,14924.282793,21862.163236,-268.239265
2022-02-18T12:30:00.000000000,14683.348207,21959.176179,2600.328876
2022-02-18T12:45:00.000000000,14248.998315,21815.936049,5424.123244
2022-02-18T13:00:00.000000000,13599.353877,21464.198634,8155.203153
2022-02-18T13:15:00.000000000,12719.597114,20940.661177,10747.95668
2022-02-18T13:30:00.000000000,11602.596371,20285.405413,13159.778906
2022-02-18T13:45:00.000000000,10249.234731,19540.268693,15351.65985
2022-02-18T14:00:00.000000000,8668.442518,18747.204555,17288.682885
2022-02-18T14:15:00.000000000,6876.943608,17946.690062,18940.43709
2022-02-18T14:30:00.000000000,4898.734002,17176.231767,20281.348721
2022-02-18T14:45:00.000000000,2764.318173,16469.015902,21290.937925
2022-02-18T15:00:00.000000000,509.734309,15852.741576,21954.007058
2022-02-18T15:15:00.000000000,-1824.596063,15348.66874,22260.766626
2022-02-18T15:30:00.000000000,-4195.155302,14970.90569,22206.904056
2022-02-18T15:45:00.000000000,-6556.712715,14725.953885,21793.599342
2022-02-18T16:00:00.000000000,-8863.760946,14612.521063,21027.490263
2022-02-18T16:15:00.000000000,-11071.962402,14621.606867,19920.588368
2022-02-18T16:30:00.000000000,-13139.56237,14736.858572,18490.145444
2022-02-18T16:45:00.000000000,-15028.725985,14935.187784,16758.468721
2022-02-18T17:00:00.000000000,-16706.757405,15187.632307,14752.681889
2022-02-18T17:15:00.000000000,-18147.161535,15460.440549,12504.427958
2022-02-18T17:30:00.000000000,-19330.511461,15716.348993,10049.509426
2022-02-18T17:45:00.000000000,-20245.088538,15916.016421,7427.461096
2022-02-18T18:00:00.000000000,-20887.267121,16019.571891,4681.051269
2022-02-18T18:15:00.000000000,-21261.622178,15988.227166,1855.708187
2022-02-18T18:30:00.000000000,-21380.745706,15785.898787,-1001.12961
2022-02-18T18:45:00.000000000,-21264.767027,15380.780507,-3840.737733
2022-02-18T19:00:00.000000000,-20940.582536,14746.804096,-6613.900607
2022-02-18T19:15:00.000000000,-20440.812097,13864.925912,-9271.767724
2022-02-18T19:30:00.000000000,-19802.511743,12724.178767,-11766.758408
2022-02-18T19:45:00.000000000,-19065.684946,11322.433894,-14053.497248
2022-02-18T20:00:00.000000000,-18271.646779,9666.826612,-16089.757763
2022-02-18T20:15:00.000000000,-17461.305977,7773.811529,-17837.387775
2022-02-18T20:30:00.000000000,-16673.438092,5668.828689,-19263.186859
2022-02-18T20:45:00.000000000,-15943.027858,3385.580314,-20339.704534
2022-02-18T21:00:00.000000000,-15299.759578,964.937693,-21045.928
2022-02-18T21:15:00.000000000,-14766.730358,-1546.481958,-21367.830341
2022-02-18T21:30:00.000000000,-14359.452171,-4098.009593,-21298.754321
2022-02-18T21:45:00.000000000,-14085.195231,-6636.813897,-20839.613108
2022-02-18T22:00:00.000000000,-13942.707859,-9109.898498,-19998.896951
2022-02-18T22:15:00.000000000,-13922.328046,-11466.111968,-18792.483547
2022-02-18T22:30:00.000000000,-14006.480668,-13658.074784,-17243.258857
2022-02-18T22:45:00.000000000,-14170.533573,-15643.932525,-15380.563699
2022-02-18T23:00:00.000000000,-14383.96698,-17388.855287,-13239.488882
2022-02-18T23:15:00.000000000,-14611.795211,-18866.218764,-10860.047356
2022-02-18T23:30:00.000000000,-14816.168681,-20058.421121,-8286.255528
2022-02-18T23:45:00.000000000,-14958.077923,-20957.310152,-5565.157354
2022-02-19T00:00:00.000000000,-14999.080048,-21564.215781,-2745.824127
2022-02-19T00:15:00.000000000,-14902.971327,-21889.602078,121.6396
2022-02-19T00:30:00.000000000,-14637.336574,-21952.369732,2987.057442
2022-02-19T00:45:00.000000000,-14174.916017,-21778.85339,5801.088279
2022-02-19T01:00:00.000000000,-13494.742011,-21401.568166,8516.062617
2022-02-19T01:15:00.000000000,-12583.010838,-20857.765904,11086.737016
2022-02-19T01:30:00.000000000,-11433.667567,-20187.864639,13470.960245
2022-02-19T01:45:00.000000000,-10048.694173,-19433.814635,15630.249045
2022-02-19T02:00:00.000000000,-8438.102312,-18637.461948,17530.274682
2022-02-19T02:15:00.000000000,-6619.641918,-17838.966132,19141.264022
2022-02-19T02:30:00.000000000,-4618.24513,-17075.323193,20438.320524
2022-02-19T02:45:00.000000000,-2465.231904,-16379.038452,21401.671286
2022-02-19T03:00:00.000000000,-197.309121,-15776.987171,22016.846548
2022-02-19T03:15:00.000000000,2144.60083,-15289.493757,22274.797561
2022-02-19T03:30:00.000000000,4516.662845,-14929.653349,22171.957894
2022-02-19T03:45:00.000000000,6873.522013,-14702.912628,21710.252065
2022-02-19T04:00:00.000000000,9169.743977,-14606.919908,20897.05399
2022-02-19T04:15:00.000000000,11361.259421,-14631.647819,19745.096251
2022-02-19T04:30:00.000000000,13406.76935,-14759.78524,18272.329688
2022-02-19T04:45:00.000000000,15269.068467,-14967.388469,16501.731406
2022-02-19T05:00:00.000000000,16916.245214,-15224.774861,14461.058112
2022-02-19T05:15:00.000000000,18322.719145,-15497.635424,12182.540704
2022-02-19T05:30:00.000000000,19470.079272,-15748.33591,9702.515545
2022-02-19T05:45:00.000000000,20347.690924,-15937.369211,7060.987764
2022-02-19T06:00:00.000000000,20953.043878,-16024.915134,4301.122442
2022-02-19T06:15:00.000000000,21291.820986,-15972.457491,1468.660743
2022-02-19T06:30:00.000000000,21377.674361,-15744.402969,-1388.740021
2022-02-19T06:45:00.000000000,21231.705564,-15309.642067,-4222.240721
2022-02-19T07:00:00.000000000,20881.656877,-14642.989859,-6982.624011
2022-02-19T07:15:00.000000000,20360.832528,-13726.444099,-9621.158029
2022-02-19T07:30:00.000000000,19706.78123,-12550.20076,-12090.50643
2022-02-19T07:45:00.000000000,18959.783992,-11113.372747,-14345.666319
2022-02-19T08:00:00.000000000,18161.203089,-9424.366896,-16344.911023
2022-02-19T08:15:00.000000000,17351.758462,-7500.887004,-18050.710694
2022-02-19T08:30:00.000000000,16569.805631,-5369.546648,-19430.600802
2022-02-19T08:45:00.000000000,15849.693589,-3065.094089,-20457.967085
2022-02-19T09:00:00.000000000,15220.281228,-629.271555,-21112.715931
2022-02-19T09:15:00.000000000,14703.686214,1890.64853,-21381.80158
2022-02-19T09:30:00.000000000,14314.330685,4443.588909,-21259.586005
2022-02-19T09:45:00.000000000,14058.334144,6976.577,-20748.013777
2022-02-19T10:00:00.000000000,13933.286109,9436.749455,-19856.59209
2022-02-19T10:15:00.000000000,13928.410886,11773.356432,-18602.174872
2022-02-19T10:30:00.000000000,14025.115552,13939.670096,-17008.558981
2022-02-19T10:45:00.000000000,14197.891663,15894.707766,-15105.908862
2022-02-19T11:00:00.000000000,14415.522817,17604.691542,-12930.033311
2022-02-19T11:15:00.000000000,14642.535312,19044.182242,-10521.54345
2022-02-19T11:30:00.000000000,14840.818726,20196.844457,-7924.924361
2022-02-19T11:45:00.000000000,14971.337683,21055.820034,-5187.554032
2022-02-19T12:00:00.000000000,14995.855439,21623.707735,-2358.702282
2022-02-19T12:15:00.000000000,14878.593694,21912.165698,511.460369
2022-02-19T12:30:00.000000000,14587.760523,21941.16962,3372.817943
2022-02-19T12:45:00.000000000,14096.888569,21737.972672,6176.207424
2022-02-19T13:00:00.000000000,13385.937621,21335.822491,8874.244627
2022-02-19T13:15:00.000000000,12442.128496,20772.496408,11422.067015
2022-02-19T13:30:00.000000000,11260.487945,20088.718525,13777.987733
2022-02-19T13:45:00.000000000,9844.096315,19326.521813,15904.059219
2022-02-19T14:00:00.000000000,8204.040838,18527.615713,17766.547972
2022-02-19T14:15:00.000000000,6359.086891,17731.815165,19336.32448
2022-02-19T14:30:00.000000000,4335.087769,16975.581353,20589.173834
2022-02-19T14:45:00.000000000,2164.160162,16290.717928,21506.033253
2022-02-19T15:00:00.000000000,-116.342208,15703.259622,22073.162872
2022-02-19T15:15:00.000000000,-2465.020326,15232.583107,22282.255631
2022-02-19T15:30:00.000000000,-4837.747481,14890.762956,22130.491185
2022-02-19T15:45:00.000000000,-7189.071228,14682.18862,21620.537552
2022-02-19T16:00:00.000000000,-9473.656927,14603.451538,20760.502812
2022-02-19T16:15:00.000000000,-11647.729481,14643.504797,19563.837629
2022-02-19T16:30:00.000000000,-13670.469985,14784.091083,18049.187945
2022-02-19T16:45:00.000000000,-15505.324735,15000.427976,16240.195739
2022-02-19T17:00:00.000000000,-17121.185405,15262.13294,14165.244618
2022-02-19T17:15:00.000000000,-18493.401414,15534.363512,11857.146088
2022-02-19T17:30:00.000000000,-19604.588581,15779.141347,9352.761872
2022-02-19T17:45:00.000000000,-20445.20227,15956.821957,6692.557647
2022-02-19T18:00:00.000000000,-21013.848568,16027.665391,3920.084205
2022-02-19T18:15:00.000000000,-21317.313708,15953.456961,1081.383261
2022-02-19T18:30:00.000000000,-21370.299988,15699.121854,-1775.682734
2022-02-19T18:45:00.000000000,-21194.865997,15234.273429,-4602.174706
2022-02-19T19:00:00.000000000,-20819.579769,14534.632819,-7348.889367
2022-02-19T19:15:00.000000000,-20278.405413,13583.257485,-9967.230093
2022-02-19T19:30:00.000000000,-19609.356295,12371.519425,-12410.121933
2022-02-19T19:45:00.000000000,-18852.960412,10899.779818,-14632.951619
2022-02-19T20:00:00.000000000,-18050.595376,9177.716752,-16594.508955
2022-02-19T20:15:00.000000000,-17242.760518,7224.275782,-18257.902108
2022-02-19T20:30:00.000000000,-16467.360999,5067.229453,-19591.416564
2022-02-19T20:45:00.000000000,-15758.08269,2742.350775,-20569.286263
2022-02-19T21:00:00.000000000,-15142.936013,292.225698,-21172.346107
2022-02-19T21:15:00.000000000,-14643.04163,-2235.250174,-21388.537711
2022-02-19T21:30:00.000000000,-14271.720736,-4788.626767,-21213.24505
2022-02-19T21:45:00.000000000,-14033.938052,-7314.827332,-20649.443295
2022-02-19T22:00:00.000000000,-13926.127495,-9761.15859,-19707.652151
2022-02-19T22:15:00.000000000,-13936.409985,-12077.307494,-18405.693898
2022-02-19T22:30:00.000000000,-14045.191649,-14217.229604,-16768.265262
2022-02-19T22:45:00.000000000,-14226.110243,-16140.840731,-14826.340601
2022-02-19T23:00:00.000000000,-14447.279714,-17815.435637,-12616.430854
2022-02-19T23:15:00.000000000,-14672.768438,-19216.774027,-10179.72796
2022-02-19T23:30:00.000000000,-14864.236906,-20329.793388,-7561.167453
2022-02-19T23:45:00.000000000,-14982.655792,-21148.928785,-4808.442863
