2022-02-19T00:00:00.000000000,21521.822633,-8363.805454,-13223.815837
2022-02-19T00:15:00.000000000,22887.017254,-8121.184463,-10861.956986
2022-02-19T00:30:00.000000000,23986.319815,-7936.218829,-8314.072206
2022-02-19T00:45:00.000000000,24799.989048,-7774.946031,-5623.704155
2022-02-19T01:00:00.000000000,25316.524959,-7601.040651,-2836.890596
2022-02-19T01:15:00.000000000,25533.037731,-7377.39134,-1.389583
2022-02-19T01:30:00.000000000,25455.298823,-7067.717376,2834.129305
2022-02-19T01:45:00.000000000,25097.471212,-6638.162221,5620.914587
2022-02-19T02:00:00.000000000,24481.527748,-6058.801811,8310.969473
2022-02-19T02:15:00.000000000,23636.378932,-5305.008141,10857.881125
2022-02-19T02:30:00.000000000,22596.742564,-4358.613748,13217.628001
2022-02-19T02:45:00.000000000,21401.798166,-3208.830114,15349.3507
2022-02-19T03:00:00.000000000,20093.677817,-1852.882294,17216.072179
2022-02-19T03:15:00.000000000,18715.851518,-296.33284,18785.353749
2022-02-19T03:30:00.000000000,17311.46991,1446.919781,20029.874279
2022-02-19T03:45:00.000000000,15921.729114,3354.970296,20927.921317
2022-02-19T04:00:00.000000000,14584.321868,5398.552356,21463.784322
2022-02-19T04:15:00.000000000,13332.035987,7541.977269,21628.042037
2022-02-19T04:30:00.000000000,12191.555465,9744.330387,21417.737953
2022-02-19T04:45:00.000000000,11182.511602,11960.879372,20836.440007
2022-02-19T05:00:00.000000000,10316.821623,14144.639868,19894.182897
2022-02-19T05:15:00.000000000,9598.340757,16248.037712,18607.2937
2022-02-19T05:30:00.000000000,9022.841183,18224.602802,16998.103869
2022-02-19T05:45:00.000000000,8578.318103,20030.628328,15094.552925
2022-02-19T06:00:00.000000000,8245.610038,21626.730458,12929.691379
2022-02-19T06:15:00.000000000,7999.307818,22979.247559,10541.092457
2022-02-19T06:30:00.000000000,7808.915203,24061.42448,7970.183985
2022-02-19T06:45:00.000000000,7640.214077,24854.336155,5261.513375
2022-02-19T07:00:00.000000000,7456.779118,25347.515308,2461.959868
2022-02-19T07:15:00.000000000,7221.581188,25539.260908,-380.090935
2022-02-19T07:30:00.000000000,6898.615419,25436.61682,-3215.594663
2022-02-19T07:45:00.000000000,6454.489444,25055.023156,-5995.702208
2022-02-19T08:00:00.000000000,5859.909211,24417.655645,-8672.604681
2022-02-19T08:15:00.000000000,5091.004333,23554.480419,-11200.354369
2022-02-19T08:30:00.000000000,4130.441605,22501.062437,-13535.647625
2022-02-19T08:45:00.000000000,2968.284021,21297.174897,-15638.55667
2022-02-19T09:00:00.000000000,1602.562732,19985.264231,-17473.198684
2022-02-19T09:15:00.000000000,39.540646,18608.830198,-19008.331912
2022-02-19T09:30:00.000000000,-1706.341698,17210.783314,-20217.870068
2022-02-19T09:45:00.000000000,-3612.835341,15831.842074,-21081.30787
2022-02-19T10:00:00.000000000,-5650.552724,14509.030435,-21584.052096
2022-02-19T10:15:00.000000000,-7783.912519,13274.331777,-21717.654028
2022-02-19T10:30:00.000000000,-9972.323789,12153.549359,-21479.94066
2022-02-19T10:45:00.000000000,-12171.565147,11165.415338,-20875.043413
2022-02-19T11:00:00.000000000,-14335.307412,10320.981025,-19913.324461
2022-02-19T11:15:00.000000000,-16416.723158,9623.310556,-18611.202106
2022-02-19T11:30:00.000000000,-18370.123345,9067.488896,-16990.877838
2022-02-19T11:45:00.000000000,-20152.560083,8640.943467,-15079.9691
2022-02-19T12:00:00.000000000,-21725.33579,8324.067069,-12911.052912
2022-02-19T12:15:00.000000000,-23055.362162,8091.1185,-10521.126831
2022-02-19T12:30:00.000000000,-24116.317699,7911.366882,-7950.994992
2022-02-19T12:45:00.000000000,-24889.559745,7750.436338,-5244.588157
2022-02-19T13:00:00.000000000,-25364.755893,7571.799913,-2448.227956
2022-02-19T13:15:00.000000000,-25540.20988,7338.365606,390.15339
2022-02-19T13:30:00.000000000,-25422.868544,7014.093473,3221.825502
2022-02-19T13:45:00.000000000,-25028.008441,6565.581108,5998.091281
2022-02-19T14:00:00.000000000,-24378.612772,5963.555461,8671.123347
2022-02-19T14:15:00.000000000,-23504.461565,5184.212152,11194.791144
2022-02-19T14:30:00.000000000,-22440.969025,4210.348741,13525.464101
2022-02-19T14:45:00.000000000,-21227.812298,3032.246162,15622.776318
2022-02-19T15:00:00.000000000,-19907.404269,1648.262024,17450.338699
2022-02-19T15:15:00.000000000,-18523.269313,65.110437,18976.385082
2022-02-19T15:30:00.000000000,-17118.385241,-1702.184692,20174.33993
2022-02-19T15:45:00.000000000,-15733.556257,-3630.663159,21023.296501
2022-02-19T16:00:00.000000000,-14405.880842,-5690.116062,21508.395934
2022-02-19T16:15:00.000000000,-13167.374941,-7844.06223,21621.099512
2022-02-19T16:30:00.000000000,-12043.804802,-10050.976588,21359.348371
2022-02-19T16:45:00.000000000,-11053.775613,-12265.723392,20727.607072
2022-02-19T17:00:00.000000000,-10208.111877,-14441.138839,19736.789753
2022-02-19T17:15:00.000000000,-9509.553873,-16529.701492,18404.069869
2022-02-19T17:30:00.000000000,-8952.781763,-18485.225278,16752.576902
2022-02-19T17:45:00.000000000,-8524.765843,-20264.508791,14810.985681
2022-02-19T18:00:00.000000000,-8205.428227,-21828.876405,12613.006142
2022-02-19T18:15:00.000000000,-7968.588785,-23145.551006,10196.783337
2022-02-19T18:30:00.000000000,-7783.1568,-24188.804945,7604.219331
2022-02-19T18:45:00.000000000,-7614.520059,-24940.844848,4880.230073
2022-02-19T19:00:00.000000000,-7426.075365,-25392.396573,2071.951537
2022-02-19T19:15:00.000000000,-7180.839106,-25542.968738,-772.089695
2022-02-19T19:30:00.000000000,-6843.073654,-25400.786005,-3602.825834
2022-02-19T19:45:00.000000000,-6379.865126,-24982.396437,-6371.501574
2022-02-19T20:00:00.000000000,-5762.59047,-24311.969941,-9030.516599
2022-02-19T20:15:00.000000000,-4968.216579,-23420.316778,-11534.242112
2022-02-19T20:30:00.000000000,-3980.381184,-22343.665703,-13839.797425
2022-02-19T20:45:00.000000000,-2790.214151,-21122.250217,-15907.773795
2022-02-19T21:00:00.000000000,-1396.868111,-19798.758322,-17702.894035
2022-02-19T21:15:00.000000000,192.261257,-18416.705822,-19194.597861
2022-02-19T21:30:00.000000000,1961.633011,-17018.795557,-20357.544463
2022-02-19T21:45:00.000000000,3887.972524,-15645.324904,-21172.025334
2022-02-19T22:00:00.000000000,5940.980796,-14332.701548,-21624.281986
2022-02-19T22:15:00.000000000,8084.314446,-13112.122992,-21706.724589
2022-02-19T22:30:00.000000000,10276.799441,-12008.468859,-21418.049123
2022-02-19T22:45:00.000000000,12473.833137,-11039.446797,-20763.251969
2022-02-19T23:00:00.000000000,14628.922317,-10215.023326,-19753.542214
2022-02-19T23:15:00.000000000,16695.300048,-9537.16027,-18406.153283
2022-02-19T23:30:00.000000000,18627.561271,-8999.866111,-16744.056728
2022-02-19T23:45:00.000000000,20383.256196,-8589.559977,-14795.582337
2022-02-19T00:00:00.000000000,21521.822633,-8363.805454,-13223.815837
2022-02-19T00:15:00.000000000,22887.017254,-8121.184463,-10861.956986
2022-02-19T00:30:00.000000000,23986.319815,-7936.218829,-8314.072206
2022-02-19T00:45:00.000000000,24799.989048,-7774.946031,-5623.704155
2022-02-19T01:00:00.000000000,25316.524959,-7601.040651,-2836.890596
2022-02-19T01:15:00.000000000,25533.037731,-7377.39134,-1.389583
2022-02-19T01:30:00.000000000,25455.298823,-7067.717376,2834.129305
2022-02-19T01:45:00.000000000,25097.471212,-6638.162221,5620.914587
2022-02-19T02:00:00.000000000,24481.527748,-6058.801811,8310.969473
2022-02-19T02:15:00.000000000,23636.378932,-5305.008141,10857.881125
2022-02-19T02:30:00.000000000,22596.742564,-4358.613748,13217.628001
2022-02-19T02:45:00.000000000,21401.798166,-3208.830114,15349.3507
2022-02-19T03:00:00.000000000,20093.677817,-1852.882294,17216.072179
2022-02-19T03:15:00.000000000,18715.851518,-296.33284,18785.353749
2022-02-19T03:30:00.000000000,17311.46991,1446.919781,20029.874279
2022-02-19T03:45:00.000000000,15921.729114,3354.970296,20927.921317
2022-02-19T04:00:00.000000000,14584.321868,5398.552356,21463.784322
2022-02-19T04:15:00.000000000,13332.035987,7541.977269,21628.042037
2022-02-19T04:30:00.000000000,12191.555465,9744.330387,21417.737953
2022-02-19T04:45:00.000000000,11182.511602,11960.879372,20836.440007
2022-02-19T05:00:00.000000000,10316.821623,14144.639868,19894.182897
2022-02-19T05:15:00.000000000,9598.340757,16248.037712,18607.2937
2022-02-19T05:30:00.000000000,9022.841183,18224.602802,16998.103869
2022-02-19T05:45:00.000000000,8578.318103,20030.628328,15094.552925
2022-02-19T06:00:00.000000000,8245.610038,21626.730458,12929.691379
2022-02-19T06:15:00.000000000,7999.307818,22979.247559,10541.092457
2022-02-19T06:30:00.000000000,7808.915203,24061.42448,7970.183985
2022-02-19T06:45:00.000000000,7640.214077,24854.336155,5261.513375
2022-02-19T07:00:00.000000000,7456.779118,25347.515308,2461.959868
2022-02-19T07:15:00.000000000,7221.581188,25539.260908,-380.090935
2022-02-19T07:30:00.000000000,6898.615419,25436.61682,-3215.594663
2022-02-19T07:45:00.000000000,6454.489444,25055.023156,-5995.702208
2022-02-19T08:00:00.000000000,5859.909211,24417.655645,-8672.604681
2022-02-19T08:15:00.000000000,5091.004333,23554.480419,-11200.354369
2022-02-19T08:30:00.000000000,4130.441605,22501.062437,-13535.647625
2022-02-19T08:45:00.000000000,2968.284021,21297.174897,-15638.55667
2022-02-19T09:00:00.000000000,1602.562732,19985.264231,-17473.198684
2022-02-19T09:15:00.000000000,39.540646,18608.830198,-19008.331912
2022-02-19T09:30:00.000000000,-1706.341698,17210.783314,-20217.870068
2022-02-19T09:45:00.000000000,-3612.835341,15831.842074,-21081.30787
2022-02-19T10:00:00.000000000,-5650.552724,14509.030435,-21584.052096
2022-02-19T10:15:00.000000000,-7783.912519,13274.331777,-21717.654028
2022-02-19T10:30:00.000000000,-9972.323789,12153.549359,-21479.94066
2022-02-19T10:45:00.000000000,-12171.565147,11165.415338,-20875.043413
2022-02-19T11:00:00.000000000,-14335.307412,10320.981025,-19913.324461
2022-02-19T11:15:00.000000000,-16416.723158,9623.310556,-18611.202106
2022-02-19T11:30:00.000000000,-18370.123345,9067.488896,-16990.877838
2022-02-19T11:45:00.000000000,-20152.560083,8640.943467,-15079.9691
2022-02-19T12:00:00.000000000,-21725.33579,8324.067069,-12911.052912
2022-02-19T12:15:00.000000000,-23055.362162,8091.1185,-10521.126831
2022-02-19T12:30:00.000000000,-24116.317699,7911.366882,-7950.994992
2022-02-19T12:45:00.000000000,-24889.559745,7750.436338,-5244.588157
2022-02-19T13:00:00.000000000,-25364.755893,7571.799913,-2448.227956
2022-02-19T13:15:00.000000000,-25540.20988,7338.365606,390.15339
2022-02-19T13:30:00.000000000,-25422.868544,7014.093473,3221.825502
2022-02-19T13:45:00.000000000,-25028.008441,6565.581108,5998.091281
2022-02-19T14:00:00.000000000,-24378.612772,5963.555461,8671.123347
2022-02-19T14:15:00.000000000,-23504.461565,5184.212152,11194.791144
2022-02-19T14:30:00.000000000,-22440.969025,4210.348741,13525.464101
2022-02-19T14:45:00.000000000,-21227.812298,3032.246162,15622.776318
2022-02-19T15:00:00.000000000,-19907.404269,1648.262024,17450.338699
2022-02-19T15:15:00.000000000,-18523.269313,65.110437,18976.385082
2022-02-19T15:30:00.000000000,-17118.385241,-1702.184692,20174.33993
2022-02-19T15:45:00.000000000,-15733.556257,-3630.663159,21023.296501
2022-02-19T16:00:00.000000000,-14405.880842,-5690.116062,21508.395934
2022-02-19T16:15:00.000000000,-13167.374941,-7844.06223,21621.099512
2022-02-19T16:30:00.000000000,-12043.804802,-10050.976588,21359.348371
2022-02-19T16:45:00.000000000,-11053.775613,-12265.723392,20727.607072
2022-02-19T17:00:00.000000000,-10208.111877,-14441.138839,19736.789753
2022-02-19T17:15:00.000000000,-9509.553873,-16529.701492,18404.069869
2022-02-19T17:30:00.000000000,-8952.781763,-18485.225278,16752.576902
2022-02-19T17:45:00.000000000,-8524.765843,-20264.508791,14810.985681
2022-02-19T18:00:00.000000000,-8205.428227,-21828.876405,12613.006142
2022-02-19T18:15:00.000000000,-7968.588785,-23145.551006,10196.783337
2022-02-19T18:30:00.000000000,-7783.1568,-24188.804945,7604.219331
2022-02-19T18:45:00.000000000,-7614.520059,-24940.844848,4880.230073
2022-02-19T19:00:00.000000000,-7426.075365,-25392.396573,2071.951537
2022-02-19T19:15:00.000000000,-7180.839106,-25542.968738,-772.089695
2022-02-19T19:30:00.000000000,-6843.073654,-25400.786005,-3602.825834
2022-02-19T19:45:00.000000000,-6379.865126,-24982.396437,-6371.501574
2022-02-19T20:00:00.000000000,-5762.59047,-24311.969941,-9030.516599
2022-02-19T20:15:00.000000000,-4968.216579,-23420.316778,-11534.242112
2022-02-19T20:30:00.000000000,-3980.381184,-22343.665703,-13839.797425
2022-02-19T20:45:00.000000000,-2790.214151,-21122.250217,-15907.773795
2022-02-19T21:00:00.000000000,-1396.868111,-19798.758322,-17702.894035
2022-02-19T21:15:00.000000000,192.261257,-18416.705822,-19194.597861
2022-02-19T21:30:00.000000000,1961.633011,-17018.795557,-20357.544463
2022-02-19T21:45:00.000000000,3887.972524,-15645.324904,-21172.025334
2022-02-19T22:00:00.000000000,5940.980796,-14332.701548,-21624.281986
2022-02-19T22:15:00.000000000,8084.314446,-13112.122992,-21706.724589
2022-02-19T22:30:00.000000000,10276.799441,-12008.468859,-21418.049123
2022-02-19T22:45:00.000000000,12473.833137,-11039.446797,-20763.251969
2022-02-19T23:00:00.000000000,14628.922317,-10215.023326,-19753.542214
2022-02-19T23:15:00.000000000,16695.300048,-9537.16027,-18406.153283
2022-02-19T23:30:00.000000000,18627.561271,-8999.866111,-16744.056728
2022-02-19T23:45:00.000000000,20383.256196,-8589.559977,-14795.582337
2022-02-19T00:00:00.000000000,21521.822633,-8363.805454,-13223.815837
2022-02-19T00:15:00.000000000,22887.017254,-8121.184463,-10861.956986
2022-02-19T00:30:00.000000000,23986.319815,-7936.218829,-8314.072206
2022-02-19T00:45:00.000000000,24799.989048,-7774.946031,-5623.704155
2022-02-19T01:00:00.000000000,25316.524959,-7601.040651,-2836.890596
2022-02-19T01:15:00.000000000,25533.037731,-7377.39134,-1.389583
2022-02-19T01:30:00.000000000,25455.298823,-7067.717376,2834.129305
2022-02-19T01:45:00.000000000,25097.471212,-6638.162221,5620.914587
2022-02-19T02:00:00.000000000,24481.527748,-6058.801811,8310.969473
2022-02-19T02:15:00.000000000,23636.378932,-5305.008141,10857.881125
2022-02-19T02:30:00.000000000,22596.742564,-4358.613748,13217.628001
2022-02-19T02:45:00.000000000,21401.798166,-3208.830114,15349.3507
2022-02-19T03:00:00.000000000,20093.677817,-1852.882294,17216.072179
2022-02-19T03:15:00.000000000,18715.851518,-296.33284,18785.353749
2022-02-19T03:30:00.000000000,17311.46991,1446.919781,20029.874279
2022-02-19T03:45:00.000000000,15921.729114,3354.970296,20927.921317
2022-02-19T04:00:00.000000000,14584.321868,5398.552356,21463.784322
2022-02-19T04:15:00.000000000,13332.035987,7541.977269,21628.042037
2022-02-19T04:30:00.000000000,12191.555465,9744.330387,21417.737953
2022-02-19T04:45:00.000000000,11182.511602,11960.879372,20836.440007
2022-02-19T05:00:00.000000000,10316.821623,14144.639868,19894.182897
2022-02-19T05:15:00.000000000,9598.340757,16248.037712,18607.2937
2022-02-19T05:30:00.000000000,9022.841183,18224.602802,16998.103869
2022-02-19T05:45:00.000000000,8578.318103,20030.628328,15094.552925
2022-02-19T06:00:00.000000000,8245.610038,21626.730458,12929.691379
2022-02-19T06:15:00.000000000,7999.307818,22979.247559,10541.092457
2022-02-19T06:30:00.000000000,7808.915203,24061.42448,7970.183985
2022-02-19T06:45:00.000000000,7640.214077,24854.336155,5261.513375
2022-02-19T07:00:00.000000000,7456.779118,25347.515308,2461.959868
2022-02-19T07:15:00.000000000,7221.581188,25539.260908,-380.090935
2022-02-19T07:30:00.000000000,6898.615419,25436.61682,-3215.594663
2022-02-19T07:45:00.000000000,6454.489444,25055.023156,-5995.702208
2022-02-19T08:00:00.000000000,5859.909211,24417.655645,-8672.604681
2022-02-19T08:15:00.000000000,5091.004333,23554.480419,-11200.354369
2022-02-19T08:30:00.000000000,4130.441605,22501.062437,-13535.647625
2022-02-19T08:45:00.000000000,2968.284021,21297.174897,-15638.55667
2022-02-19T09:00:00.000000000,1602.562732,19985.264231,-17473.198684
2022-02-19T09:15:00.000000000,39.540646,18608.830198,-19008.331912
2022-02-19T09:30:00.000000000,-1706.341698,17210.783314,-20217.870068
2022-02-19T09:45:00.000000000,-3612.835341,15831.842074,-21081.30787
2022-02-19T10:00:00.000000000,-5650.552724,14509.030435,-21584.052096
2022-02-19T10:15:00.000000000,-7783.912519,13274.331777,-21717.654028
2022-02-19T10:30:00.000000000,-9972.323789,12153.549359,-21479.94066
2022-02-19T10:45:00.000000000,-12171.565147,11165.415338,-20875.043413
2022-02-19T11:00:00.000000000,-14335.307412,10320.981025,-19913.324461
2022-02-19T11:15:00.000000000,-16416.723158,9623.310556,-18611.202106
2022-02-19T11:30:00.000000000,-18370.123345,9067.488896,-16990.877838
2022-02-19T11:45:00.000000000,-20152.560083,8640.943467,-15079.9691
2022-02-19T12:00:00.000000000,-21725.33579,8324.067069,-12911.052912
2022-02-19T12:15:00.000000000,-23055.362162,8091.1185,-10521.126831
2022-02-19T12:30:00.000000000,-24116.317699,7911.366882,-7950.994992
2022-02-19T12:45:00.000000000,-24889.559745,7750.436338,-5244.588157
2022-02-19T13:00:00.000000000,-25364.755893,7571.799913,-2448.227956
2022-02-19T13:15:00.000000000,-25540.20988,7338.365606,390.15339
2022-02-19T13:30:00.000000000,-25422.868544,7014.093473,3221.825502
2022-02-19T13:45:00.000000000,-25028.008441,6565.581108,5998.091281
2022-02-19T14:00:00.000000000,-24378.612772,5963.555461,8671.123347
2022-02-19T14:15:00.000000000,-23504.461565,5184.212152,11194.791144
2022-02-19T14:30:00.000000000,-22440.969025,4210.348741,13525.464101
2022-02-19T14:45:00.000000000,-21227.812298,3032.246162,15622.776318
2022-02-19T15:00:00.000000000,-19907.404269,1648.262024,17450.338699
2022-02-19T15:15:00.000000000,-18523.269313,65.110437,18976.385082
2022-02-19T15:30:00.000000000,-17118.385241,-1702.184692,20174.33993
2022-02-19T15:45:00.000000000,-15733.556257,-3630.663159,21023.296501
2022-02-19T16:00:00.000000000,-14405.880842,-5690.116062,21508.395934
2022-02-19T16:15:00.000000000,-13167.374941,-7844.06223,21621.099512
2022-02-19T16:30:00.000000000,-12043.804802,-10050.976588,21359.348371
2022-02-19T16:45:00.000000000,-11053.775613,-12265.723392,20727.607072
2022-02-19T17:00:00.000000000,-10208.111877,-14441.138839,19736.789753
2022-02-19T17:15:00.000000000,-9509.553873,-16529.701492,18404.069869
2022-02-19T17:30:00.000000000,-8952.781763,-18485.225278,16752.576902
2022-02-19T17:45:00.000000000,-8524.765843,-20264.508791,14810.985681
2022-02-19T18:00:00.000000000,-8205.428227,-21828.876405,12613.006142
2022-02-19T18:15:00.000000000,-7968.588785,-23145.551006,10196.783337
2022-02-19T18:30:00.000000000,-7783.1568,-24188.804945,7604.219331
2022-02-19T18:45:00.000000000,-7614.520059,-24940.844848,4880.230073
2022-02-19T19:00:00.000000000,-7426.075365,-25392.396573,2071.951537
2022-02-19T19:15:00.000000000,-7180.839106,-25542.968738,-772.089695
2022-02-19T19:30:00.000000000,-6843.073654,-25400.786005,-3602.825834
2022-02-19T19:45:00.000000000,-6379.865126,-24982.396437,-6371.501574
2022-02-19T20:00:00.000000000,-5762.59047,-24311.969941,-9030.516599
2022-02-19T20:15:00.000000000,-4968.216579,-23420.316778,-11534.242112
2022-02-19T20:30:00.000000000,-3980.381184,-22343.665703,-13839.797425
2022-02-19T20:45:00.000000000,-2790.214151,-21122.250217,-15907.773795
2022-02-19T21:00:00.000000000,-1396.868111,-19798.758322,-17702.894035
2022-02-19T21:15:00.000000000,192.261257,-18416.705822,-19194.597861
2022-02-19T21:30:00.000000000,1961.633011,-17018.795557,-20357.544463
2022-02-19T21:45:00.000000000,3887.972524,-15645.324904,-21172.025334
2022-02-19T22:00:00.000000000,5940.980796,-14332.701548,-21624.281986
2022-02-19T22:15:00.000000000,8084.314446,-13112.122992,-21706.724589
2022-02-19T22:30:00.000000000,10276.799441,-12008.468859,-21418.049123
2022-02-19T22:45:00.000000000,12473.833137,-11039.446797,-20763.251969
2022-02-19T23:00:00.000000000,14628.922317,-10215.023326,-19753.542214
2022-02-19T23:15:00.000000000,16695.300048,-9537.16027,-18406.153283
2022-02-19T23:30:00.000000000,18627.561271,-8999.866111,-16744.056728
2022-02-19T23:45:00.000000000,20383.256196,-8589.559977,-14795.582337
2022-02-19T00:00:00.000000000,21521.822633,-8363.805454,-13223.815837
2022-02-19T00:15:00.000000000,22887.017254,-8121.184463,-10861.956986
2022-02-19T00:30:00.000000000,23986.319815,-7936.218829,-8314.072206
2022-02-19T00:45:00.000000000,24799.989048,-7774.946031,-5623.704155
2022-02-19T01:00:00.000000000,25316.524959,-7601.040651,-2836.890596
2022-02-19T01:15:00.000000000,25533.037731,-7377.39134,-1.389583
2022-02-19T01:30:00.000000000,25455.298823,-7067.717376,2834.129305
2022-02-19T01:45:00.000000000,25097.471212,-6638.162221,5620.914587
2022-02-19T02:00:00.000000000,24481.527748,-6058.801811,8310.969473
2022-02-19T02:15:00.000000000,23636.378932,-5305.008141,10857.881125
2022-02-19T02:30:00.000000000,22596.742564,-4358.613748,13217.628001
2022-02-19T02:45:00.000000000,21401.798166,-3208.830114,15349.3507
2022-02-19T03:00:00.000000000,20093.677817,-1852.882294,17216.072179
2022-02-19T03:15:00.000000000,18715.851518,-296.33284,18785.353749
2022-02-19T03:30:00.000000000,17311.46991,1446.919781,20029.874279
2022-02-19T03:45:00.000000000,15921.729114,3354.970296,20927.921317
2022-02-19T04:00:00.000000000,14584.321868,5398.552356,21463.784322
2022-02-19T04:15:00.000000000,13332.035987,7541.977269,21628.042037
2022-02-19T04:30:00.000000000,12191.555465,9744.330387,21417.737953
2022-02-19T04:45:00.000000000,11182.511602,11960.879372,20836.440007
2022-02-19T05:00:00.000000000,10316.821623,14144.639868,19894.182897
2022-02-19T05:15:00.000000000,9598.340757,16248.037712,18607.2937
2022-02-19T05:30:00.000000000,9022.841183,18224.602802,16998.103869
2022-02-19T05:45:00.000000000,8578.318103,20030.628328,15094.552925
2022-02-19T06:00:00.000000000,8245.610038,21626.730458,12929.691379
2022-02-19T06:15:00.000000000,7999.307818,22979.247559,10541.092457
2022-02-19T06:30:00.000000000,7808.915203,24061.42448,7970.183985
2022-02-19T06:45:00.000000000,7640.214077,24854.336155,5261.513375
2022-02-19T07:00:00.000000000,7456.779118,25347.515308,2461.959868
2022-02-19T07:15:00.000000000,7221.581188,25539.260908,-380.090935
2022-02-19T07:30:00.000000000,6898.615419,25436.61682,-3215.594663
2022-02-19T07:45:00.000000000,6454.489444,25055.023156,-5995.702208
2022-02-19T08:00:00.000000000,5859.909211,24417.655645,-8672.604681
2022-02-19T08:15:00.000000000,5091.004333,23554.480419,-11200.354369
2022-02-19T08:30:00.000000000,4130.441605,22501.062437,-13535.647625
2022-02-19T08:45:00.000000000,2968.284021,21297.174897,-15638.55667
2022-02-19T09:00:00.000000000,1602.562732,19985.264231,-17473.198684
2022-02-19T09:15:00.000000000,39.540646,18608.830198,-19008.331912
2022-02-19T09:30:00.000000000,-1706.341698,17210.783314,-20217.870068
2022-02-19T09:45:00.000000000,-3612.835341,15831.842074,-21081.30787
2022-02-19T10:00:00.000000000,-5650.552724,14509.030435,-21584.052096
2022-02-19T10:15:00.000000000,-7783.912519,13274.331777,-21717.654028
2022-02-19T10:30:00.000000000,-9972.323789,12153.549359,-21479.94066
2022-02-19T10:45:00.000000000,-12171.565147,11165.415338,-20875.043413
2022-02-19T11:00:00.000000000,-14335.307412,10320.981025,-19913.324461
2022-02-19T11:15:00.000000000,-16416.723158,9623.310556,-18611.202106
2022-02-19T11:30:00.000000000,-18370.123345,9067.488896,-16990.877838
2022-02-19T11:45:00.000000000,-20152.560083,8640.943467,-15079.9691
2022-02-19T12:00:00.000000000,-21725.33579,8324.067069,-12911.052912
2022-02-19T12:15:00.000000000,-23055.362162,8091.1185,-10521.126831
2022-02-19T12:30:00.000000000,-24116.317699,7911.366882,-7950.994992
2022-02-19T12:45:00.000000000,-24889.559745,7750.436338,-5244.588157
2022-02-19T13:00:00.000000000,-25364.755893,7571.799913,-2448.227956
2022-02-19T13:15:00.000000000,-25540.20988,7338.365606,390.15339
2022-02-19T13:30:00.000000000,-25422.868544,7014.093473,3221.825502
2022-02-19T13:45:00.000000000,-25028.008441,6565.581108,5998.091281
2022-02-19T14:00:00.000000000,-24378.612772,5963.555461,8671.123347
2022-02-19T14:15:00.000000000,-23504.461565,5184.212152,11194.791144
2022-02-19T14:30:00.000000000,-22440.969025,4210.348741,13525.464101
2022-02-19T14:45:00.000000000,-21227.812298,3032.246162,15622.776318
2022-02-19T15:00:00.000000000,-19907.404269,1648.262024,17450.338699
2022-02-19T15:15:00.000000000,-18523.269313,65.110437,18976.385082
2022-02-19T15:30:00.000000000,-17118.385241,-1702.184692,20174.33993
2022-02-19T15:45:00.000000000,-15733.556257,-3630.663159,21023.296501
2022-02-19T16:00:00.000000000,-14405.880842,-5690.116062,21508.395934
2022-02-19T16:15:00.000000000,-13167.374941,-7844.06223,21621.099512
2022-02-19T16:30:00.000000000,-12043.804802,-10050.976588,21359.348371
2022-02-19T16:45:00.000000000,-11053.775613,-12265.723392,20727.607072
2022-02-19T17:00:00.000000000,-10208.111877,-14441.138839,19736.789753
2022-02-19T17:15:00.000000000,-9509.553873,-16529.701492,18404.069869
2022-02-19T17:30:00.000000000,-8952.781763,-18485.225278,16752.576902
2022-02-19T17:45:00.000000000,-8524.765843,-20264.508791,14810.985681
2022-02-19T18:00:00.000000000,-8205.428227,-21828.876405,12613.006142
2022-02-19T18:15:00.000000000,-7968.588785,-23145.551006,10196.783337
2022-02-19T18:30:00.000000000,-7783.1568,-24188.804945,7604.219331
2022-02-19T18:45:00.000000000,-7614.520059,-24940.844848,4880.230073
2022-02-19T19:00:00.000000000,-7426.075365,-25392.396573,2071.951537
2022-02-19T19:15:00.000000000,-7180.839106,-25542.968738,-772.089695
2022-02-19T19:30:00.000000000,-6843.073654,-25400.786005,-3602.825834
2022-02-19T19:45:00.000000000,-6379.865126,-24982.396437,-6371.501574
2022-02-19T20:00:00.000000000,-5762.59047,-24311.969941,-9030.516599
2022-02-19T20:15:00.000000000,-4968.216579,-23420.316778,-11534.242112
2022-02-19T20:30:00.000000000,-3980.381184,-22343.665703,-13839.797425
2022-02-19T20:45:00.000000000,-2790.214151,-21122.250217,-15907.773795
2022-02-19T21:00:00.000000000,-1396.868111,-19798.758322,-17702.894035
2022-02-19T21:15:00.000000000,192.261257,-18416.705822,-19194.597861
2022-02-19T21:30:00.000000000,1961.633011,-17018.795557,-20357.544463
2022-02-19T21:45:00.000000000,3887.972524,-15645.324904,-21172.025334
2022-02-19T22:00:00.000000000,5940.980796,-14332.701548,-21624.281986
2022-02-19T22:15:00.000000000,8084.314446,-13112.122992,-21706.724589
2022-02-19T22:30:00.000000000,10276.799441,-12008.468859,-21418.049123
2022-02-19T22:45:00.000000000,12473.833137,-11039.446797,-20763.251969
2022-02-19T23:00:00.000000000,14628.922317,-10215.023326,-19753.542214
2022-02-19T23:15:00.000000000,16695.300048,-9537.16027,-18406.153283
2022-02-19T23:30:00.000000000,18627.561271,-8999.866111,-16744.056728
2022-02-19T23:45:00.000000000,20383.256196,-8589.559977,-14795.582337
2022-02-19T00:00:00.000000000,21521.822633,-8363.805454,-13223.815837
2022-02-19T00:15:00.000000000,22887.017254,-8121.184463,-10861.956986
2022-02-19T00:30:00.000000000,23986.319815,-7936.218829,-8314.072206
2022-02-19T00:45:00.000000000,24799.989048,-7774.946031,-5623.704155
2022-02-19T01:00:00.000000000,25316.524959,-7601.040651,-2836.890596
2022-02-19T01:15:00.000000000,25533.037731,-7377.39134,-1.389583
2022-02-19T01:30:00.000000000,25455.298823,-7067.717376,2834.129305
2022-02-19T01:45:00.000000000,25097.471212,-6638.162221,5620.914587
2022-02-19T02:00:00.000000000,24481.527748,-6058.801811,8310.969473
2022-02-19T02:15:00.000000000,23636.378932,-5305.008141,10857.881125
2022-02-19T02:30:00.000000000,22596.742564,-4358.613748,13217.628001
2022-02-19T02:45:00.000000000,21401.798166,-3208.830114,15349.3507
2022-02-19T03:00:00.000000000,20093.677817,-1852.882294,17216.072179
2022-02-19T03:15:00.000000000,18715.851518,-296.33284,18785.353749
2022-02-19T03:30:00.000000000,17311.46991,1446.919781,20029.874279
2022-02-19T03:45:00.000000000,15921.729114,3354.970296,20927.921317
2022-02-19T04:00:00.000000000,14584.321868,5398.552356,21463.784322
2022-02-19T04:15:00.000000000,13332.035987,7541.977269,21628.042037
2022-02-19T04:30:00.000000000,12191.555465,9744.330387,21417.737953
2022-02-19T04:45:00.000000000,11182.511602,11960.879372,20836.440007
2022-02-19T05:00:00.000000000,10316.821623,14144.639868,19894.182897
2022-02-19T05:15:00.000000000,9598.340757,16248.037712,18607.2937
2022-02-19T05:30:00.000000000,9022.841183,18224.602802,16998.103869
2022-02-19T05:45:00.000000000,8578.318103,20030.628328,15094.552925
2022-02-19T06:00:00.000000000,8245.610038,21626.730458,12929.691379
2022-02-19T06:15:00.000000000,7999.307818,22979.247559,10541.092457
2022-02-19T06:30:00.000000000,7808.915203,24061.42448,7970.183985
2022-02-19T06:45:00.000000000,7640.214077,24854.336155,5261.513375
2022-02-19T07:00:00.000000000,7456.779118,25347.515308,2461.959868
2022-02-19T07:15:00.000000000,7221.581188,25539.260908,-380.090935
2022-02-19T07:30:00.000000000,6898.615419,25436.61682,-3215.594663
2022-02-19T07:45:00.000000000,6454.489444,25055.023156,-5995.702208
2022-02-19T08:00:00.000000000,5859.909211,24417.655645,-8672.604681
2022-02-19T08:15:00.000000000,5091.004333,23554.480419,-11200.354369
2022-02-19T08:30:00.000000000,4130.441605,22501.062437,-13535.647625
2022-02-19T08:45:00.000000000,2968.284021,21297.174897,-15638.55667
2022-02-19T09:00:00.000000000,1602.562732,19985.264231,-17473.198684
2022-02-19T09:15:00.000000000,39.540646,18608.830198,-19008.331912
2022-02-19T09:30:00.000000000,-1706.341698,17210.783314,-20217.870068
2022-02-19T09:45:00.000000000,-3612.835341,15831.842074,-21081.30787
2022-02-19T10:00:00.000000000,-5650.552724,14509.030435,-21584.052096
2022-02-19T10:15:00.000000000,-7783.912519,13274.331777,-21717.654028
2022-02-19T10:30:00.000000000,-9972.323789,12153.549359,-21479.94066
2022-02-19T10:45:00.000000000,-12171.565147,11165.415338,-20875.043413
2022-02-19T11:00:00.000000000,-14335.307412,10320.981025,-19913.324461
2022-02-19T11:15:00.000000000,-16416.723158,9623.310556,-18611.202106
2022-02-19T11:30:00.000000000,-18370.123345,9067.488896,-16990.877838
2022-02-19T11:45:00.000000000,-20152.560083,8640.943467,-15079.9691
2022-02-19T12:00:00.000000000,-21725.33579,8324.067069,-12911.052912
2022-02-19T12:15:00.000000000,-23055.362162,8091.1185,-10521.126831
2022-02-19T12:30:00.000000000,-24116.317699,7911.366882,-7950.994992
2022-02-19T12:45:00.000000000,-24889.559745,7750.436338,-5244.588157
2022-02-19T13:00:00.000000000,-25364.755893,7571.799913,-2448.227956
2022-02-19T13:15:00.000000000,-25540.20988,7338.365606,390.15339
2022-02-19T13:30:00.000000000,-25422.868544,7014.093473,3221.825502
2022-02-19T13:45:00.000000000,-25028.008441,6565.581108,5998.091281
2022-02-19T14:00:00.000000000,-24378.612772,5963.555461,8671.123347
2022-02-19T14:15:00.000000000,-23504.461565,5184.212152,11194.791144
2022-02-19T14:30:00.000000000,-22440.969025,4210.348741,13525.464101
2022-02-19T14:45:00.000000000,-21227.812298,3032.246162,15622.776318
2022-02-19T15:00:00.000000000,-19907.404269,1648.262024,17450.338699
2022-02-19T15:15:00.000000000,-18523.269313,65.110437,18976.385082
2022-02-19T15:30:00.000000000,-17118.385241,-1702.184692,20174.33993
2022-02-19T15:45:00.000000000,-15733.556257,-3630.663159,21023.296501
2022-02-19T16:00:00.000000000,-14405.880842,-5690.116062,21508.395934
2022-02-19T16:15:00.000000000,-13167.374941,-7844.06223,21621.099512
2022-02-19T16:30:00.000000000,-12043.804802,-10050.976588,21359.348371
2022-02-19T16:45:00.000000000,-11053.775613,-12265.723392,20727.607072
2022-02-19T17:00:00.000000000,-10208.111877,-14441.138839,19736.789753
2022-02-19T17:15:00.000000000,-9509.553873,-16529.701492,18404.069869
2022-02-19T17:30:00.000000000,-8952.781763,-18485.225278,16752.576902
2022-02-19T17:45:00.000000000,-8524.765843,-20264.508791,14810.985681
2022-02-19T18:00:00.000000000,-8205.428227,-21828.876405,12613.006142
2022-02-19T18:15:00.000000000,-7968.588785,-23145.551006,10196.783337
2022-02-19T18:30:00.000000000,-7783.1568,-24188.804945,7604.219331
2022-02-19T18:45:00.000000000,-7614.520059,-24940.844848,4880.230073
2022-02-19T19:00:00.000000000,-7426.075365,-25392.396573,2071.951537
2022-02-19T19:15:00.000000000,-7180.839106,-25542.968738,-772.089695
2022-02-19T19:30:00.000000000,-6843.073654,-25400.786005,-3602.825834
2022-02-19T19:45:00.000000000,-6379.865126,-24982.396437,-6371.501574
2022-02-19T20:00:00.000000000,-5762.59047,-24311.969941,-9030.516599
2022-02-19T20:15:00.000000000,-4968.216579,-23420.316778,-11534.242112
2022-02-19T20:30:00.000000000,-3980.381184,-22343.665703,-13839.797425
2022-02-19T20:45:00.000000000,-2790.214151,-21122.250217,-15907.773795
2022-02-19T21:00:00.000000000,-1396.868111,-19798.758322,-17702.894035
2022-02-19T21:15:00.000000000,192.261257,-18416.705822,-19194.597861
2022-02-19T21:30:00.000000000,1961.633011,-17018.795557,-20357.544463
2022-02-19T21:45:00.000000000,3887.972524,-15645.324904,-21172.025334
2022-02-19T22:00:00.000000000,5940.980796,-14332.701548,-21624.281986
2022-02-19T22:15:00.000000000,8084.314446,-13112.122992,-21706.724589
2022-02-19T22:30:00.000000000,10276.799441,-12008.468859,-21418.049123
2022-02-19T22:45:00.000000000,12473.833137,-11039.446797,-20763.251969
2022-02-19T23:00:00.000000000,14628.922317,-10215.023326,-19753.542214
2022-02-19T23:15:00.000000000,16695.300048,-9537.16027,-18406.153283
2022-02-19T23:30:00.000000000,18627.561271,-8999.866111,-16744.056728
2022-02-19T23:45:00.000000000,20383.256196,-8589.559977,-14795.582337
2022-02-19T00:00:00.000000000,21521.822633,-8363.805454,-13223.815837
2022-02-19T00:15:00.000000000,22887.017254,-8121.184463,-10861.956986
2022-02-19T00:30:00.000000000,23986.319815,-7936.218829,-8314.072206
2022-02-19T00:45:00.000000000,24799.989048,-7774.946031,-5623.704155
2022-02-19T01:00:00.000000000,25316.524959,-7601.040651,-2836.890596
2022-02-19T01:15:00.000000000,25533.037731,-7377.39134,-1.389583
2022-02-19T01:30:00.000000000,25455.298823,-7067.717376,2834.129305
2022-02-19T01:45:00.000000000,25097.471212,-6638.162221,5620.914587
2022-02-19T02:00:00.000000000,24481.527748,-6058.801811,8310.969473
2022-02-19T02:15:00.000000000,23636.378932,-5305.008141,10857.881125
2022-02-19T02:30:00.000000000,22596.742564,-4358.613748,13217.628001
2022-02-19T02:45:00.000000000,21401.798166,-3208.830114,15349.3507
2022-02-19T03:00:00.000000000,20093.677817,-1852.882294,17216.072179
2022-02-19T03:15:00.000000000,18715.851518,-296.33284,18785.353749
2022-02-19T03:30:00.000000000,17311.46991,1446.919781,20029.874279
2022-02-19T03:45:00.000000000,15921.729114,3354.970296,20927.921317
2022-02-19T04:00:00.000000000,14584.321868,5398.552356,21463.784322
2022-02-19T04:15:00.000000000,13332.035987,7541.977269,21628.042037
2022-02-19T04:30:00.000000000,12191.555465,9744.330387,21417.737953
2022-02-19T04:45:00.000000000,11182.511602,11960.879372,20836.440007
2022-02-19T05:00:00.000000000,10316.821623,14144.639868,19894.182897
2022-02-19T05:15:00.000000000,9598.340757,16248.037712,18607.2937
2022-02-19T05:30:00.000000000,9022.841183,18224.602802,16998.103869
2022-02-19T05:45:00.000000000,8578.318103,20030.628328,15094.552925
2022-02-19T06:00:00.000000000,8245.610038,21626.730458,12929.691379
2022-02-19T06:15:00.000000000,7999.307818,22979.247559,10541.092457
2022-02-19T06:30:00.000000000,7808.915203,24061.42448,7970.183985
2022-02-19T06:45:00.000000000,7640.214077,24854.336155,5261.513375
2022-02-19T07:00:00.000000000,7456.779118,25347.515308,2461.959868
2022-02-19T07:15:00.000000000,7221.581188,25539.260908,-380.090935
2022-02-19T07:30:00.000000000,6898.615419,25436.61682,-3215.594663
2022-02-19T07:45:00.000000000,6454.489444,25055.023156,-5995.702208
2022-02-19T08:00:00.000000000,5859.909211,24417.655645,-8672.604681
2022-02-19T08:15:00.000000000,5091.004333,23554.480419,-11200.354369
2022-02-19T08:30:00.000000000,4130.441605,22501.062437,-13535.647625
2022-02-19T08:45:00.000000000,2968.284021,21297.174897,-15638.55667
2022-02-19T09:00:00.000000000,1602.562732,19985.264231,-17473.198684
2022-02-19T09:15:00.000000000,39.540646,18608.830198,-19008.331912
2022-02-19T09:30:00.000000000,-1706.341698,17210.783314,-20217.870068
2022-02-19T09:45:00.000000000,-3612.835341,15831.842074,-21081.30787
2022-02-19T10:00:00.000000000,-5650.552724,14509.030435,-21584.052096
2022-02-19T10:15:00.000000000,-7783.912519,13274.331777,-21717.654028
2022-02-19T10:30:00.000000000,-9972.323789,12153.549359,-21479.94066
2022-02-19T10:45:00.000000000,-12171.565147,11165.415338,-20875.043413
2022-02-19T11:00:00.000000000,-14335.307412,10320.981025,-19913.324461
2022-02-19T11:15:00.000000000,-16416.723158,9623.310556,-18611.202106
2022-02-19T11:30:00.000000000,-18370.123345,9067.488896,-16990.877838
2022-02-19T11:45:00.000000000,-20152.560083,8640.943467,-15079.9691
2022-02-19T12:00:00.000000000,-21725.33579,8324.067069,-12911.052912
2022-02-19T12:15:00.000000000,-23055.362162,8091.1185,-10521.126831
2022-02-19T12:30:00.000000000,-24116.317699,7911.366882,-7950.994992
2022-02-19T12:45:00.000000000,-24889.559745,7750.436338,-5244.588157
2022-02-19T13:00:00.000000000,-25364.755893,7571.799913,-2448.227956
2022-02-19T13:15:00.000000000,-25540.20988,7338.365606,390.15339
2022-02-19T13:30:00.000000000,-25422.868544,7014.093473,3221.825502
2022-02-19T13:45:00.000000000,-25028.008441,6565.581108,5998.091281
2022-02-19T14:00:00.000000000,-24378.612772,5963.555461,8671.123347
2022-02-19T14:15:00.000000000,-23504.461565,5184.212152,11194.791144
2022-02-19T14:30:00.000000000,-22440.969025,4210.348741,13525.464101
2022-02-19T14:45:00.000000000,-21227.812298,3032.246162,15622.776318
2022-02-19T15:00:00.000000000,-19907.404269,1648.262024,17450.338699
2022-02-19T15:15:00.000000000,-18523.269313,65.110437,18976.385082
2022-02-19T15:30:00.000000000,-17118.385241,-1702.184692,20174.33993
2022-02-19T15:45:00.000000000,-15733.556257,-3630.663159,21023.296501
2022-02-19T16:00:00.000000000,-14405.880842,-5690.116062,21508.395934
2022-02-19T16:15:00.000000000,-13167.374941,-7844.06223,21621.099512
2022-02-19T16:30:00.000000000,-12043.804802,-10050.976588,21359.348371
2022-02-19T16:45:00.000000000,-11053.775613,-12265.723392,20727.607072
2022-02-19T17:00:00.000000000,-10208.111877,-14441.138839,19736.789753
2022-02-19T17:15:00.000000000,-9509.553873,-16529.701492,18404.069869
2022-02-19T17:30:00.000000000,-8952.781763,-18485.225278,16752.576902
2022-02-19T17:45:00.000000000,-8524.765843,-20264.508791,14810.985681
2022-02-19T18:00:00.000000000,-8205.428227,-21828.876405,12613.006142
2022-02-19T18:15:00.000000000,-7968.588785,-23145.551006,10196.783337
2022-02-19T18:30:00.000000000,-7783.1568,-24188.804945,7604.219331
2022-02-19T18:45:00.000000000,-7614.520059,-24940.844848,4880.230073
2022-02-19T19:00:00.000000000,-7426.075365,-25392.396573,2071.951537
2022-02-19T19:15:00.000000000,-7180.839106,-25542.968738,-772.089695
2022-02-19T19:30:00.000000000,-6843.073654,-25400.786005,-3602.825834
2022-02-19T19:45:00.000000000,-6379.865126,-24982.396437,-6371.501574
2022-02-19T20:00:00.000000000,-5762.59047,-24311.969941,-9030.516599
2022-02-19T20:15:00.000000000,-4968.216579,-23420.316778,-11534.242112
2022-02-19T20:30:00.000000000,-3980.381184,-22343.665703,-13839.797425
2022-02-19T20:45:00.000000000,-2790.214151,-21122.250217,-15907.773795
2022-02-19T21:00:00.000000000,-1396.868111,-19798.758322,-17702.894035
2022-02-19T21:15:00.000000000,192.261257,-18416.705822,-19194.597861
2022-02-19T21:30:00.000000000,1961.633011,-17018.795557,-20357.544463
2022-02-19T21:45:00.000000000,3887.972524,-15645.324904,-21172.025334
2022-02-19T22:00:00.000000000,5940.980796,-14332.701548,-21624.281986
2022-02-19T22:15:00.000000000,8084.314446,-13112.122992,-21706.724589
2022-02-19T22:30:00.000000000,10276.799441,-12008.468859,-21418.049123
2022-02-19T22:45:00.000000000,12473.833137,-11039.446797,-20763.251969
2022-02-19T23:00:00.000000000,14628.922317,-10215.023326,-19753.542214
2022-02-19T23:15:00.000000000,16695.300048,-9537.16027,-18406.153283
2022-02-19T23:30:00.000000000,18627.561271,-8999.866111,-16744.056728
2022-02-19T23:45:00.000000000,20383.256196,-8589.559977,-14795.582337
2022-02-19T00:00:00.000000000,21521.822633,-8363.805454,-13223.815837
2022-02-19T00:15:00.000000000,22887.017254,-8121.184463,-10861.956986
2022-02-19T00:30:00.000000000,23986.319815,-7936.218829,-8314.072206
2022-02-19T00:45:00.000000000,24799.989048,-7774.946031,-5623.704155
2022-02-19T01:00:00.000000000,25316.524959,-7601.040651,-2836.890596
2022-02-19T01:15:00.000000000,25533.037731,-7377.39134,-1.389583
2022-02-19T01:30:00.000000000,25455.298823,-7067.717376,2834.129305
2022-02-19T01:45:00.000000000,25097.471212,-6638.162221,5620.914587
2022-02-19T02:00:00.000000000,24481.527748,-6058.801811,8310.969473
2022-02-19T02:15:00.000000000,23636.378932,-5305.008141,10857.881125
2022-02-19T02:30:00.000000000,22596.742564,-4358.613748,13217.628001
2022-02-19T02:45:00.000000000,21401.798166,-3208.830114,15349.3507
2022-02-19T03:00:00.000000000,20093.677817,-1852.882294,17216.072179
2022-02-19T03:15:00.000000000,18715.851518,-296.33284,18785.353749
2022-02-19T03:30:00.000000000,17311.46991,1446.919781,20029.874279
2022-02-19T03:45:00.000000000,15921.729114,3354.970296,20927.921317
2022-02-19T04:00:00.000000000,14584.321868,5398.552356,21463.784322
2022-02-19T04:15:00.000000000,13332.035987,7541.977269,21628.042037
2022-02-19T04:30:00.000000000,12191.555465,9744.330387,21417.737953
2022-02-19T04:45:00.000000000,11182.511602,11960.879372,20836.440007
2022-02-19T05:00:00.000000000,10316.821623,14144.639868,19894.182897
2022-02-19T05:15:00.000000000,9598.340757,16248.037712,18607.2937
2022-02-19T05:30:00.000000000,9022.841183,18224.602802,16998.103869
2022-02-19T05:45:00.000000000,8578.318103,20030.628328,15094.552925
2022-02-19T06:00:00.000000000,8245.610038,21626.730458,12929.691379
2022-02-19T06:15:00.000000000,7999.307818,22979.247559,10541.092457
2022-02-19T06:30:00.000000000,7808.915203,24061.42448,7970.183985
2022-02-19T06:45:00.000000000,7640.214077,24854.336155,5261.513375
2022-02-19T07:00:00.000000000,7456.779118,25347.515308,2461.959868
2022-02-19T07:15:00.000000000,7221.581188,25539.260908,-380.090935
2022-02-19T07:30:00.000000000,6898.615419,25436.61682,-3215.594663
2022-02-19T07:45:00.000000000,6454.489444,25055.023156,-5995.702208
2022-02-19T08:00:00.000000000,5859.909211,24417.655645,-8672.604681
2022-02-19T08:15:00.000000000,5091.004333,23554.480419,-11200.354369
2022-02-19T08:30:00.000000000,4130.441605,22501.062437,-13535.647625
2022-02-19T08:45:00.000000000,2968.284021,21297.174897,-15638.55667
2022-02-19T09:00:00.000000000,1602.562732,19985.264231,-17473.198684
2022-02-19T09:15:00.000000000,39.540646,18608.830198,-19008.331912
2022-02-19T09:30:00.000000000,-1706.341698,17210.783314,-20217.870068
2022-02-19T09:45:00.000000000,-3612.835341,15831.842074,-21081.30787
2022-02-19T10:00:00.000000000,-5650.552724,14509.030435,-21584.052096
2022-02-19T10:15:00.000000000,-7783.912519,13274.331777,-21717.654028
2022-02-19T10:30:00.000000000,-9972.323789,12153.549359,-21479.94066
2022-02-19T10:45:00.000000000,-12171.565147,11165.415338,-20875.043413
2022-02-19T11:00:00.000000000,-14335.307412,10320.981025,-19913.324461
2022-02-19T11:15:00.000000000,-16416.723158,9623.310556,-18611.202106
2022-02-19T11:30:00.000000000,-18370.123345,9067.488896,-16990.877838
2022-02-19T11:45:00.000000000,-20152.560083,8640.943467,-15079.9691
2022-02-19T12:00:00.000000000,-21725.33579,8324.067069,-12911.052912
2022-02-19T12:15:00.000000000,-23055.362162,8091.1185,-10521.126831
2022-02-19T12:30:00.000000000,-24116.317699,7911.366882,-7950.994992
2022-02-19T12:45:00.000000000,-24889.559745,7750.436338,-5244.588157
2022-02-19T13:00:00.000000000,-25364.755893,7571.799913,-2448.227956
2022-02-19T13:15:00.000000000,-25540.20988,7338.365606,390.15339
2022-02-19T13:30:00.000000000,-25422.868544,7014.093473,3221.825502
2022-02-19T13:45:00.000000000,-25028.008441,6565.581108,5998.091281
2022-02-19T14:00:00.000000000,-24378.612772,5963.555461,8671.123347
2022-02-19T14:15:00.000000000,-23504.461565,5184.212152,11194.791144
2022-02-19T14:30:00.000000000,-22440.969025,4210.348741,13525.464101
2022-02-19T14:45:00.000000000,-21227.812298,3032.246162,15622.776318
2022-02-19T15:00:00.000000000,-19907.404269,1648.262024,17450.338699
2022-02-19T15:15:00.000000000,-18523.269313,65.110437,18976.385082
2022-02-19T15:30:00.000000000,-17118.385241,-1702.184692,20174.33993
2022-02-19T15:45:00.000000000,-15733.556257,-3630.663159,21023.296501
2022-02-19T16:00:00.000000000,-14405.880842,-5690.116062,21508.395934
2022-02-19T16:15:00.000000000,-13167.374941,-7844.06223,21621.099512
2022-02-19T16:30:00.000000000,-12043.804802,-10050.976588,21359.348371
2022-02-19T16:45:00.000000000,-11053.775613,-12265.723392,20727.607072
2022-02-19T17:00:00.000000000,-10208.111877,-14441.138839,19736.789753
2022-02-19T17:15:00.000000000,-9509.553873,-16529.701492,18404.069869
2022-02-19T17:30:00.000000000,-8952.781763,-18485.225278,16752.576902
2022-02-19T17:45:00.000000000,-8524.765843,-20264.508791,14810.985681
2022-02-19T18:00:00.000000000,-8205.428227,-21828.876405,12613.006142
2022-02-19T18:15:00.000000000,-7968.588785,-23145.551006,10196.783337
2022-02-19T18:30:00.000000000,-7783.1568,-24188.804945,7604.219331
2022-02-19T18:45:00.000000000,-7614.520059,-24940.844848,4880.230073
2022-02-19T19:00:00.000000000,-7426.075365,-25392.396573,2071.951537
2022-02-19T19:15:00.000000000,-7180.839106,-25542.968738,-772.089695
2022-02-19T19:30:00.000000000,-6843.073654,-25400.786005,-3602.825834
2022-02-19T19:45:00.000000000,-6379.865126,-24982.396437,-6371.501574
2022-02-19T20:00:00.000000000,-5762.59047,-24311.969941,-9030.516599
2022-02-19T20:15:00.000000000,-4968.216579,-23420.316778,-11534.242112
2022-02-19T20:30:00.000000000,-3980.381184,-22343.665703,-13839.797425
2022-02-19T20:45:00.000000000,-2790.214151,-21122.250217,-15907.773795
2022-02-19T21:00:00.000000000,-1396.868111,-19798.758322,-17702.894035
2022-02-19T21:15:00.000000000,192.261257,-18416.705822,-19194.597861
2022-02-19T21:30:00.000000000,1961.633011,-17018.795557,-20357.544463
2022-02-19T21:45:00.000000000,3887.972524,-15645.324904,-21172.025334
2022-02-19T22:00:00.000000000,5940.980796,-14332.701548,-21624.281986
2022-02-19T22:15:00.000000000,8084.314446,-13112.122992,-21706.724589
2022-02-19T22:30:00.000000000,10276.799441,-12008.468859,-21418.049123
2022-02-19T22:45:00.000000000,12473.833137,-11039.446797,-20763.251969
2022-02-19T23:00:00.000000000,14628.922317,-10215.023326,-19753.542214
2022-02-19T23:15:00.000000000,16695.300048,-9537.16027,-18406.153283
2022-02-19T23:30:00.000000000,18627.561271,-8999.866111,-16744.056728
2022-02-19T23:45:00.000000000,20383.256196,-8589.559977,-14795.582337
2022-02-18T00:00:00.000000000,21101.501398,-8448.387798,-13835.938643
2022-02-18T00:15:00.000000000,22535.419254,-8184.69999,-11532.492767
2022-02-18T00:30:00.000000000,23710.23036,-7987.357083,-9031.572261
2022-02-18T00:45:00.000000000,24604.036037,-7823.307228,-6375.902356
2022-02-18T01:00:00.000000000,25203.023718,-7656.718081,-3610.9092
2022-02-18T01:15:00.000000000,25501.920965,-7450.532166,-783.956597
2022-02-18T01:30:00.000000000,25504.134647,-7168.078772,2056.454666
2022-02-18T01:45:00.000000000,25221.568878,-6774.680095,4861.51205
2022-02-18T02:00:00.000000000,24674.127402,-6239.189043,7582.927364
2022-02-18T02:15:00.000000000,23888.918353,-5535.398237,10173.769516
2022-02-18T02:30:00.000000000,22899.190889,-4643.264189,12589.279383
2022-02-18T02:45:00.000000000,21743.043875,-3549.897448,14787.652174
2022-02-18T03:00:00.000000000,20461.956051,-2250.278312,16730.77301
2022-02-18T03:15:00.000000000,19099.194201,-747.668025,18384.891945
2022-02-18T03:30:00.000000000,17698.161125,946.302706,19721.225539
2022-02-18T03:45:00.000000000,16300.747905,2811.873476,20716.473304
2022-02-18T04:00:00.000000000,14945.755052,4821.714866,21353.238805
2022-02-18T04:15:00.000000000,13667.444701,6941.789834,21620.346888
2022-02-18T04:30:00.000000000,12494.28097,9132.483594,21513.050457
2022-02-18T04:45:00.000000000,11447.90825,11349.958883,21033.122328
2022-02-18T05:00:00.000000000,10542.407819,13547.684344,20188.829886
2022-02-18T05:15:00.000000000,9783.862004,15678.076667,18994.792635
2022-02-18T05:30:00.000000000,9170.242845,17694.192453,17471.725024
2022-02-18T05:45:00.000000000,8691.629161,19551.403609,15646.069265
2022-02-18T06:00:00.000000000,8330.742673,21208.990721,13549.525098
2022-02-18T06:15:00.000000000,8063.781053,22631.592128,11218.485499
2022-02-18T06:30:00.000000000,7861.513859,23790.452201,8693.389261
2022-02-18T06:45:00.000000000,7690.596847,24664.4205,6018.002967
2022-02-18T07:00:00.000000000,7515.051554,25240.663531,3238.646203
2022-02-18T07:15:00.000000000,7297.850693,25515.062393,403.374875
2022-02-18T07:30:00.000000000,7002.545974,25492.282188,-2438.861924
2022-02-18T07:45:00.000000000,6594.873676,25185.512133,-5239.075776
2022-02-18T08:00:00.000000000,6044.274604,24615.888217,-7949.087948
2022-02-18T08:15:00.000000000,5325.268909,23811.622621,-10522.358398
2022-02-18T08:30:00.000000000,4418.632361,22806.87529,-12914.78049
2022-02-18T08:45:00.000000000,3312.328875,21640.412714,-15085.428038
2022-02-18T09:00:00.000000000,2002.163798,20354.106713,-16997.242697
2022-02-18T09:15:00.000000000,492.133527,18991.331668,-18617.651027
2022-02-18T09:30:00.000000000,-1205.541234,17595.321881,-19919.102091
2022-02-18T09:45:00.000000000,-3070.699206,16207.551735,-20879.518004
2022-02-18T10:00:00.000000000,-5075.827998,14866.199849,-21482.651395
2022-02-18T10:15:00.000000000,-7186.936617,13604.754857,-21718.345261
2022-02-18T10:30:00.000000000,-9364.678034,12450.814677,-21582.692176
2022-02-18T10:45:00.000000000,-11565.67967,11425.123685,-21078.091243
2022-02-18T11:00:00.000000000,-13744.032099,10540.883153,-20213.202519
2022-02-18T11:15:00.000000000,-15852.880585,9803.360117,-19002.799979
2022-02-18T11:30:00.000000000,-17846.060317,9209.808711,-17467.525346
2022-02-18T11:45:00.000000000,-19679.714479,8749.706481,-15633.546405
2022-02-18T12:00:00.000000000,-21313.834909,8405.296515,-13532.124637
2022-02-18T12:15:00.000000000,-22713.667663,8152.41481,-11199.098296
2022-02-18T12:30:00.000000000,-23850.930572,7961.571672,-8674.2883
2022-02-18T12:45:00.000000000,-24704.796614,7799.246204,-6000.835542
2022-02-18T13:00:00.000000000,-25262.605313,7629.344758,-3224.479458
2022-02-18T13:15:00.000000000,-25520.274392,7414.767662,-392.788848
2022-02-18T13:30:00.000000000,-25482.394963,7119.024054,2445.642978
2022-02-18T13:45:00.000000000,-25162.005559,6707.832328,5242.025788
2022-02-18T14:00:00.000000000,-24580.052314,6150.643751,7948.208924
2022-02-18T14:15:00.000000000,-23764.55494,5422.029288,10517.512472
2022-02-18T14:30:00.000000000,-22749.509454,4502.874388,12905.538512
2022-02-18T14:45:00.000000000,-21573.569244,3381.333631,15070.947866
2022-02-18T15:00:00.000000000,-20278.555016,2053.506166,16976.188128
2022-02-18T15:15:00.000000000,-18907.850956,523.803426,18588.15928
2022-02-18T15:30:00.000000000,-17504.749464,-1195.007363,19878.804185
2022-02-18T15:45:00.000000000,-16110.809089,-3082.087707,20825.612457
2022-02-18T16:00:00.000000000,-14764.290094,-5109.131244,21412.027695
2022-02-18T16:15:00.000000000,-13498.729244,-7241.26413,21627.749842
2022-02-18T16:30:00.000000000,-12341.710078,-9438.208583,21468.92634
2022-02-18T16:45:00.000000000,-11313.877253,-11655.665147,20938.22793
2022-02-18T17:00:00.000000000,-10428.233881,-13846.86029,20044.807128
2022-02-18T17:15:00.000000000,-9689.749513,-15964.199187,18804.139798
2022-02-18T17:30:00.000000000,-9095.293908,-17960.959218,17237.7525
2022-02-18T17:45:00.000000000,-8633.898701,-19792.957898,15372.840696
2022-02-18T18:00:00.000000000,-8287.335831,-21420.129999,13241.784996
2022-02-18T18:15:00.000000000,-8030.988889,-22807.952226,10881.574774
2022-02-18T18:30:00.000000000,-7834.981831,-23928.659955,8333.150285
2022-02-18T18:45:00.000000000,-7665.519233,-24762.208979,5640.676008
2022-02-18T19:00:00.000000000,-7486.383998,-25296.945481,2850.759233
2022-02-18T19:15:00.000000000,-7260.532353,-25529.959219,11.628836
2022-02-18T19:30:00.000000000,-6951.722427,-25467.107563,-2827.710242
2022-02-18T19:45:00.000000000,-6526.111753,-25122.711094,-5618.331098
2022-02-18T20:00:00.000000000,-5953.760729,-24518.934383,-8312.232
2022-02-18T20:15:00.000000000,-5209.983195,-23684.877734,-10863.161515
2022-02-18T20:30:00.000000000,-4276.491768,-22655.416734,-13227.407433
2022-02-18T20:45:00.000000000,-3142.293928,-21469.835827,-15364.536307
2022-02-18T21:00:00.000000000,-1804.304868,-20170.309633,-17238.071784
2022-02-18T21:15:00.000000000,-267.654215,-18800.291013,-18816.101267
2022-02-18T21:30:00.000000000,1454.324412,-17402.867864,-20071.801975
2022-02-18T21:45:00.000000000,3340.419991,-16019.151223,-20983.87904
2022-02-18T22:00:00.000000000,5362.173955,-14686.755552,-21536.909794
2022-02-18T22:15:00.000000000,7484.789191,-13438.428112,-21721.589953
2022-02-18T22:30:00.000000000,9668.283811,-12300.878422,-21534.878844
2022-02-18T22:45:00.000000000,11868.846455,-11293.851021,-20980.042242
2022-02-18T23:00:00.000000000,14040.342518,-10429.475594,-20066.592748
2022-02-18T23:15:00.000000000,16135.915264,-9711.918118,-18810.128927
2022-02-18T23:30:00.000000000,18109.622353,-9137.345513,-17232.075726
2022-02-18T23:45:00.000000000,19918.04684,-8694.204726,-15359.329952
2022-02-19T00:00:00.000000000,21521.822633,-8363.805454,-13223.815837
2022-02-19T00:15:00.000000000,22887.017254,-8121.184463,-10861.956986
2022-02-19T00:30:00.000000000,23986.319815,-7936.218829,-8314.072206
2022-02-19T00:45:00.000000000,24799.989048,-7774.946031,-5623.704155
2022-02-19T01:00:00.000000000,25316.524959,-7601.040651,-2836.890596
2022-02-19T01:15:00.000000000,25533.037731,-7377.39134,-1.389583
2022-02-19T01:30:00.000000000,25455.298823,-7067.717376,2834.129305
2022-02-19T01:45:00.000000000,25097.471212,-6638.162221,5620.914587
2022-02-19T02:00:00.000000000,24481.527748,-6058.801811,8310.969473
2022-02-19T02:15:00.000000000,23636.378932,-5305.008141,10857.881125
2022-02-19T02:30:00.000000000,22596.742564,-4358.613748,13217.628001
2022-02-19T02:45:00.000000000,21401.798166,-3208.830114,15349.3507
2022-02-19T03:00:00.000000000,20093.677817,-1852.882294,17216.072179
2022-02-19T03:15:00.000000000,18715.851518,-296.33284,18785.353749
2022-02-19T03:30:00.000000000,17311.46991,1446.919781,20029.874279
2022-02-19T03:45:00.000000000,15921.729114,3354.970296,20927.921317
2022-02-19T04:00:00.000000000,14584.321868,5398.552356,21463.784322
2022-02-19T04:15:00.000000000,13332.035987,7541.977269,21628.042037
2022-02-19T04:30:00.000000000,12191.555465,9744.330387,21417.737953
2022-02-19T04:45:00.000000000,11182.511602,11960.879372,20836.440007
2022-02-19T05:00:00.000000000,10316.821623,14144.639868,19894.182897
2022-02-19T05:15:00.000000000,9598.340757,16248.037712,18607.2937
2022-02-19T05:30:00.000000000,9022.841183,18224.602802,16998.103869
2022-02-19T05:45:00.000000000,8578.318103,20030.628328,15094.552925
2022-02-19T06:00:00.000000000,8245.610038,21626.730458,12929.691379
2022-02-19T06:15:00.000000000,7999.307818,22979.247559,10541.092457
2022-02-19T06:30:00.000000000,7808.915203,24061.42448,7970.183985
2022-02-19T06:45:00.000000000,7640.214077,24854.336155,5261.513375
2022-02-19T07:00:00.000000000,7456.779118,25347.515308,2461.959868
2022-02-19T07:15:00.000000000,7221.581188,25539.260908,-380.090935
2022-02-19T07:30:00.000000000,6898.615419,25436.61682,-3215.594663
2022-02-19T07:45:00.000000000,6454.489444,25055.023156,-5995.702208
2022-02-19T08:00:00.000000000,5859.909211,24417.655645,-8672.604681
2022-02-19T08:15:00.000000000,5091.004333,23554.480419,-11200.354369
2022-02-19T08:30:00.000000000,4130.441605,22501.062437,-13535.647625
2022-02-19T08:45:00.000000000,2968.284021,21297.174897,-15638.55667
2022-02-19T09:00:00.000000000,1602.562732,19985.264231,-17473.198684
2022-02-19T09:15:00.000000000,39.540646,18608.830198,-19008.331912
2022-02-19T09:30:00.000000000,-1706.341698,17210.783314,-20217.870068
2022-02-19T09:45:00.000000000,-3612.835341,15831.842074,-21081.30787
2022-02-19T10:00:00.000000000,-5650.552724,14509.030435,-21584.052096
2022-02-19T10:15:00.000000000,-7783.912519,13274.331777,-21717.654028
2022-02-19T10:30:00.000000000,-9972.323789,12153.549359,-21479.94066
2022-02-19T10:45:00.000000000,-12171.565147,11165.415338,-20875.043413
2022-02-19T11:00:00.000000000,-14335.307412,10320.981025,-19913.324461
2022-02-19T11:15:00.000000000,-16416.723158,9623.310556,-18611.202106
2022-02-19T11:30:00.000000000,-18370.123345,9067.488896,-16990.877838
2022-02-19T11:45:00.000000000,-20152.560083,8640.943467,-15079.9691
2022-02-19T12:00:00.000000000,-21725.33579,8324.067069,-12911.052912
2022-02-19T12:15:00.000000000,-23055.362162,8091.1185,-10521.126831
2022-02-19T12:30:00.000000000,-24116.317699,7911.366882,-7950.994992
2022-02-19T12:45:00.000000000,-24889.559745,7750.436338,-5244.588157
2022-02-19T13:00:00.000000000,-25364.755893,7571.799913,-2448.227956
2022-02-19T13:15:00.000000000,-25540.20988,7338.365606,390.15339
2022-02-19T13:30:00.000000000,-25422.868544,7014.093473,3221.825502
2022-02-19T13:45:00.000000000,-25028.008441,6565.581108,5998.091281
2022-02-19T14:00:00.000000000,-24378.612772,5963.555461,8671.123347
2022-02-19T14:15:00.000000000,-23504.461565,5184.212152,11194.791144
2022-02-19T14:30:00.000000000,-22440.969025,4210.348741,13525.464101
2022-02-19T14:45:00.000000000,-21227.812298,3032.246162,15622.776318
2022-02-19T15:00:00.000000000,-19907.404269,1648.262024,17450.338699
2022-02-19T15:15:00.000000000,-18523.269313,65.110437,18976.385082
2022-02-19T15:30:00.000000000,-17118.385241,-1702.184692,20174.33993
2022-02-19T15:45:00.000000000,-15733.556257,-3630.663159,21023.296501
2022-02-19T16:00:00.000000000,-14405.880842,-5690.116062,21508.395934
2022-02-19T16:15:00.000000000,-13167.374941,-7844.06223,21621.099512
2022-02-19T16:30:00.000000000,-12043.804802,-10050.976588,21359.348371
2022-02-19T16:45:00.000000000,-11053.775613,-12265.723392,20727.607072
2022-02-19T17:00:00.000000000,-10208.111877,-14441.138839,19736.789753
2022-02-19T17:15:00.000000000,-9509.553873,-16529.701492,18404.069869
2022-02-19T17:30:00.000000000,-8952.781763,-18485.225278,16752.576902
2022-02-19T17:45:00.000000000,-8524.765843,-20264.508791,14810.985681
2022-02-19T18:00:00.000000000,-8205.428227,-21828.876405,12613.006142
2022-02-19T18:15:00.000000000,-7968.588785,-23145.551006,10196.783337
2022-02-19T18:30:00.000000000,-7783.1568,-24188.804945,7604.219331
2022-02-19T18:45:00.000000000,-7614.520059,-24940.844848,4880.230073
2022-02-19T19:00:00.000000000,-7426.075365,-25392.396573,2071.951537
2022-02-19T19:15:00.000000000,-7180.839106,-25542.968738,-772.089695
2022-02-19T19:30:00.000000000,-6843.073654,-25400.786005,-3602.825834
2022-02-19T19:45:00.000000000,-6379.865126,-24982.396437,-6371.501574
2022-02-19T20:00:00.000000000,-5762.59047,-24311.969941,-9030.516599
2022-02-19T20:15:00.000000000,-4968.216579,-23420.316778,-11534.242112
2022-02-19T20:30:00.000000000,-3980.381184,-22343.665703,-13839.797425
2022-02-19T20:45:00.000000000,-2790.214151,-21122.250217,-15907.773795
2022-02-19T21:00:00.000000000,-1396.868111,-19798.758322,-17702.894035
2022-02-19T21:15:00.000000000,192.261257,-18416.705822,-19194.597861
2022-02-19T21:30:00.000000000,1961.633011,-17018.795557,-20357.544463
2022-02-19T21:45:00.000000000,3887.972524,-15645.324904,-21172.025334
2022-02-19T22:00:00.000000000,5940.980796,-14332.701548,-21624.281986
2022-02-19T22:15:00.000000000,8084.314446,-13112.122992,-21706.724589
2022-02-19T22:30:00.000000000,10276.799441,-12008.468859,-21418.049123
2022-02-19T22:45:00.000000000,12473.833137,-11039.446797,-20763.251969
2022-02-19T23:00:00.000000000,14628.922317,-10215.023326,-19753.542214
2022-02-19T23:15:00.000000000,16695.300048,-9537.16027,-18406.153283
2022-02-19T23:30:00.000000000,18627.561271,-8999.866111,-16744.056728
2022-02-19T23:45:00.000000000,20383.256196,-8589.559977,-14795.582337
2022-02-18T00:00:00.000000000,21101.501398,-8448.387798,-13835.938643
2022-02-18T00:15:00.000000000,22535.419254,-8184.69999,-11532.492767
2022-02-18T00:30:00.000000000,23710.23036,-7987.357083,-9031.572261
2022-02-18T00:45:00.000000000,24604.036037,-7823.307228,-6375.902356
2022-02-18T01:00:00.000000000,25203.023718,-7656.718081,-3610.9092
2022-02-18T01:15:00.000000000,25501.920965,-7450.532166,-783.956597
2022-02-18T01:30:00.000000000,25504.134647,-7168.078772,2056.454666
2022-02-18T01:45:00.000000000,25221.568878,-6774.680095,4861.51205
2022-02-18T02:00:00.000000000,24674.127402,-6239.189043,7582.927364
2022-02-18T02:15:00.000000000,23888.918353,-5535.398237,10173.769516
2022-02-18T02:30:00.000000000,22899.190889,-4643.264189,12589.279383
2022-02-18T02:45:00.000000000,21743.043875,-3549.897448,14787.652174
2022-02-18T03:00:00.000000000,20461.956051,-2250.278312,16730.77301
2022-02-18T03:15:00.000000000,19099.194201,-747.668025,18384.891945
2022-02-18T03:30:00.000000000,17698.161125,946.302706,19721.225539
2022-02-18T03:45:00.000000000,16300.747905,2811.873476,20716.473304
2022-02-18T04:00:00.000000000,14945.755052,4821.714866,21353.238805
2022-02-18T04:15:00.000000000,13667.444701,6941.789834,21620.346888
2022-02-18T04:30:00.000000000,12494.28097,9132.483594,21513.050457
2022-02-18T04:45:00.000000000,11447.90825,11349.958883,21033.122328
2022-02-18T05:00:00.000000000,10542.407819,13547.684344,20188.829886
2022-02-18T05:15:00.000000000,9783.862004,15678.076667,18994.792635
2022-02-18T05:30:00.000000000,9170.242845,17694.192453,17471.725024
2022-02-18T05:45:00.000000000,8691.629161,19551.403609,15646.069265
2022-02-18T06:00:00.000000000,8330.742673,21208.990721,13549.525098
2022-02-18T06:15:00.000000000,8063.781053,22631.592128,11218.485499
2022-02-18T06:30:00.000000000,7861.513859,23790.452201,8693.389261
2022-02-18T06:45:00.000000000,7690.596847,24664.4205,6018.002967
2022-02-18T07:00:00.000000000,7515.051554,25240.663531,3238.646203
2022-02-18T07:15:00.000000000,7297.850693,25515.062393,403.374875
2022-02-18T07:30:00.000000000,7002.545974,25492.282188,-2438.861924
2022-02-18T07:45:00.000000000,6594.873676,25185.512133,-5239.075776
2022-02-18T08:00:00.000000000,6044.274604,24615.888217,-7949.087948
2022-02-18T08:15:00.000000000,5325.268909,23811.622621,-10522.358398
2022-02-18T08:30:00.000000000,4418.632361,22806.87529,-12914.78049
2022-02-18T08:45:00.000000000,3312.328875,21640.412714,-15085.428038
2022-02-18T09:00:00.000000000,2002.163798,20354.106713,-16997.242697
2022-02-18T09:15:00.000000000,492.133527,18991.331668,-18617.651027
2022-02-18T09:30:00.000000000,-1205.541234,17595.321881,-19919.102091
2022-02-18T09:45:00.000000000,-3070.699206,16207.551735,-20879.518004
2022-02-18T10:00:00.000000000,-5075.827998,14866.199849,-21482.651395
2022-02-18T10:15:00.000000000,-7186.936617,13604.754857,-21718.345261
2022-02-18T10:30:00.000000000,-9364.678034,12450.814677,-21582.692176
2022-02-18T10:45:00.000000000,-11565.67967,11425.123685,-21078.091243
2022-02-18T11:00:00.000000000,-13744.032099,10540.883153,-20213.202519
2022-02-18T11:15:00.000000000,-15852.880585,9803.360117,-19002.799979
2022-02-18T11:30:00.000000000,-17846.060317,9209.808711,-17467.525346
2022-02-18T11:45:00.000000000,-19679.714479,8749.706481,-15633.546405
2022-02-18T12:00:00.000000000,-21313.834909,8405.296515,-13532.124637
2022-02-18T12:15:00.000000000,-22713.667663,8152.41481,-11199.098296
2022-02-18T12:30:00.000000000,-23850.930572,7961.571672,-8674.2883
2022-02-18T12:45:00.000000000,-24704.796614,7799.246204,-6000.835542
2022-02-18T13:00:00.000000000,-25262.605313,7629.344758,-3224.479458
2022-02-18T13:15:00.000000000,-25520.274392,7414.767662,-392.788848
2022-02-18T13:30:00.000000000,-25482.394963,7119.024054,2445.642978
2022-02-18T13:45:00.000000000,-25162.005559,6707.832328,5242.025788
2022-02-18T14:00:00.000000000,-24580.052314,6150.643751,7948.208924
2022-02-18T14:15:00.000000000,-23764.55494,5422.029288,10517.512472
2022-02-18T14:30:00.000000000,-22749.509454,4502.874388,12905.538512
2022-02-18T14:45:00.000000000,-21573.569244,3381.333631,15070.947866
2022-02-18T15:00:00.000000000,-20278.555016,2053.506166,16976.188128
2022-02-18T15:15:00.000000000,-18907.850956,523.803426,18588.15928
2022-02-18T15:30:00.000000000,-17504.749464,-1195.007363,19878.804185
2022-02-18T15:45:00.000000000,-16110.809089,-3082.087707,20825.612457
2022-02-18T16:00:00.000000000,-14764.290094,-5109.131244,21412.027695
2022-02-18T16:15:00.000000000,-13498.729244,-7241.26413,21627.749842
2022-02-18T16:30:00.000000000,-12341.710078,-9438.208583,21468.92634
2022-02-18T16:45:00.000000000,-11313.877253,-11655.665147,20938.22793
2022-02-18T17:00:00.000000000,-10428.233881,-13846.86029,20044.807128
2022-02-18T17:15:00.000000000,-9689.749513,-15964.199187,18804.139798
2022-02-18T17:30:00.000000000,-9095.293908,-17960.959218,17237.7525
2022-02-18T17:45:00.000000000,-8633.898701,-19792.957898,15372.840696
2022-02-18T18:00:00.000000000,-8287.335831,-21420.129999,13241.784996
2022-02-18T18:15:00.000000000,-8030.988889,-22807.952226,10881.574774
2022-02-18T18:30:00.000000000,-7834.981831,-23928.659955,8333.150285
2022-02-18T18:45:00.000000000,-7665.519233,-24762.208979,5640.676008
2022-02-18T19:00:00.000000000,-7486.383998,-25296.945481,2850.759233
2022-02-18T19:15:00.000000000,-7260.532353,-25529.959219,11.628836
2022-02-18T19:30:00.000000000,-6951.722427,-25467.107563,-2827.710242
2022-02-18T19:45:00.000000000,-6526.111753,-25122.711094,-5618.331098
2022-02-18T20:00:00.000000000,-5953.760729,-24518.934383,-8312.232
2022-02-18T20:15:00.000000000,-5209.983195,-23684.877734,-10863.161515
2022-02-18T20:30:00.000000000,-4276.491768,-22655.416734,-13227.407433
2022-02-18T20:45:00.000000000,-3142.293928,-21469.835827,-15364.536307
2022-02-18T21:00:00.000000000,-1804.304868,-20170.309633,-17238.071784
2022-02-18T21:15:00.000000000,-267.654215,-18800.291013,-18816.101267
2022-02-18T21:30:00.000000000,1454.324412,-17402.867864,-20071.801975
2022-02-18T21:45:00.000000000,3340.419991,-16019.151223,-20983.87904
2022-02-18T22:00:00.000000000,5362.173955,-14686.755552,-21536.909794
2022-02-18T22:15:00.000000000,7484.789191,-13438.428112,-21721.589953
2022-02-18T22:30:00.000000000,9668.283811,-12300.878422,-21534.878844
2022-02-18T22:45:00.000000000,11868.846455,-11293.851021,-20980.042242
2022-02-18T23:00:00.000000000,14040.342518,-10429.475594,-20066.592748
2022-02-18T23:15:00.000000000,16135.915264,-9711.918118,-18810.128927
2022-02-18T23:30:00.000000000,18109.622353,-9137.345513,-17232.075726
2022-02-18T23:45:00.000000000,19918.04684,-8694.204726,-15359.329952
2022-02-19T00:00:00.000000000,21521.822633,-8363.805454,-13223.815837
2022-02-19T00:15:00.000000000,22887.017254,-8121.184463,-10861.956986
2022-02-19T00:30:00.000000000,23986.319815,-7936.218829,-8314.072206
2022-02-19T00:45:00.000000000,24799.989048,-7774.946031,-5623.704155
2022-02-19T01:00:00.000000000,25316.524959,-7601.040651,-2836.890596
2022-02-19T01:15:00.000000000,25533.037731,-7377.39134,-1.389583
2022-02-19T01:30:00.000000000,25455.298823,-7067.717376,2834.129305
2022-02-19T01:45:00.000000000,25097.471212,-6638.162221,5620.914587
2022-02-19T02:00:00.000000000,24481.527748,-6058.801811,8310.969473
2022-02-19T02:15:00.000000000,23636.378932,-5305.008141,10857.881125
2022-02-19T02:30:00.000000000,22596.742564,-4358.613748,13217.628001
2022-02-19T02:45:00.000000000,21401.798166,-3208.830114,15349.3507
2022-02-19T03:00:00.000000000,20093.677817,-1852.882294,17216.072179
2022-02-19T03:15:00.000000000,18715.851518,-296.33284,18785.353749
2022-02-19T03:30:00.000000000,17311.46991,1446.919781,20029.874279
2022-02-19T03:45:00.000000000,15921.729114,3354.970296,20927.921317
2022-02-19T04:00:00.000000000,14584.321868,5398.552356,21463.784322
2022-02-19T04:15:00.000000000,13332.035987,7541.977269,21628.042037
2022-02-19T04:30:00.000000000,12191.555465,9744.330387,21417.737953
2022-02-19T04:45:00.000000000,11182.511602,11960.879372,20836.440007
2022-02-19T05:00:00.000000000,10316.821623,14144.639868,19894.182897
2022-02-19T05:15:00.000000000,9598.340757,16248.037712,18607.2937
2022-02-19T05:30:00.000000000,9022.841183,18224.602802,16998.103869
2022-02-19T05:45:00.000000000,8578.318103,20030.628328,15094.552925
2022-02-19T06:00:00.000000000,8245.610038,21626.730458,12929.691379
2022-02-19T06:15:00.000000000,7999.307818,22979.247559,10541.092457
2022-02-19T06:30:00.000000000,7808.915203,24061.42448,7970.183985
2022-02-19T06:45:00.000000000,7640.214077,24854.336155,5261.513375
2022-02-19T07:00:00.000000000,7456.779118,25347.515308,2461.959868
2022-02-19T07:15:00.000000000,7221.581188,25539.260908,-380.090935
2022-02-19T07:30:00.000000000,6898.615419,25436.61682,-3215.594663
2022-02-19T07:45:00.000000000,6454.489444,25055.023156,-5995.702208
2022-02-19T08:00:00.000000000,5859.909211,24417.655645,-8672.604681
2022-02-19T08:15:00.000000000,5091.004333,23554.480419,-11200.354369
2022-02-19T08:30:00.000000000,4130.441605,22501.062437,-13535.647625
2022-02-19T08:45:00.000000000,2968.284021,21297.174897,-15638.55667
2022-02-19T09:00:00.000000000,1602.562732,19985.264231,-17473.198684
2022-02-19T09:15:00.000000000,39.540646,18608.830198,-19008.331912
2022-02-19T09:30:00.000000000,-1706.341698,17210.783314,-20217.870068
2022-02-19T09:45:00.000000000,-3612.835341,15831.842074,-21081.30787
2022-02-19T10:00:00.000000000,-5650.552724,14509.030435,-21584.052096
2022-02-19T10:15:00.000000000,-7783.912519,13274.331777,-21717.654028
2022-02-19T10:30:00.000000000,-9972.323789,12153.549359,-21479.94066
2022-02-19T10:45:00.000000000,-12171.565147,11165.415338,-20875.043413
2022-02-19T11:00:00.000000000,-14335.307412,10320.981025,-19913.324461
2022-02-19T11:15:00.000000000,-16416.723158,9623.310556,-18611.202106
2022-02-19T11:30:00.000000000,-18370.123345,9067.488896,-16990.877838
2022-02-19T11:45:00.000000000,-20152.560083,8640.943467,-15079.9691
2022-02-19T12:00:00.000000000,-21725.33579,8324.067069,-12911.052912
2022-02-19T12:15:00.000000000,-23055.362162,8091.1185,-10521.126831
2022-02-19T12:30:00.000000000,-24116.317699,7911.366882,-7950.994992
2022-02-19T12:45:00.000000000,-24889.559745,7750.436338,-5244.588157
2022-02-19T13:00:00.000000000,-25364.755893,7571.799913,-2448.227956
2022-02-19T13:15:00.000000000,-25540.20988,7338.365606,390.15339
2022-02-19T13:30:00.000000000,-25422.868544,7014.093473,3221.825502
2022-02-19T13:45:00.000000000,-25028.008441,6565.581108,5998.091281
2022-02-19T14:00:00.000000000,-24378.612772,5963.555461,8671.123347
2022-02-19T14:15:00.000000000,-23504.461565,5184.212152,11194.791144
2022-02-19T14:30:00.000000000,-22440.969025,4210.348741,13525.464101
2022-02-19T14:45:00.000000000,-21227.812298,3032.246162,15622.776318
2022-02-19T15:00:00.000000000,-19907.404269,1648.262024,17450.338699
2022-02-19T15:15:00.000000000,-18523.269313,65.110437,18976.385082
2022-02-19T15:30:00.000000000,-17118.385241,-1702.184692,20174.33993
2022-02-19T15:45:00.000000000,-15733.556257,-3630.663159,21023.296501
2022-02-19T16:00:00.000000000,-14405.880842,-5690.116062,21508.395934
2022-02-19T16:15:00.000000000,-13167.374941,-7844.06223,21621.099512
2022-02-19T16:30:00.000000000,-12043.804802,-10050.976588,21359.348371
2022-02-19T16:45:00.000000000,-11053.775613,-12265.723392,20727.607072
2022-02-19T17:00:00.000000000,-10208.111877,-14441.138839,19736.789753
2022-02-19T17:15:00.000000000,-9509.553873,-16529.701492,18404.069869
2022-02-19T17:30:00.000000000,-8952.781763,-18485.225278,16752.576902
2022-02-19T17:45:00.000000000,-8524.765843,-20264.508791,14810.985681
2022-02-19T18:00:00.000000000,-8205.428227,-21828.876405,12613.006142
2022-02-19T18:15:00.000000000,-7968.588785,-23145.551006,10196.783337
2022-02-19T18:30:00.000000000,-7783.1568,-24188.804945,7604.219331
2022-02-19T18:45:00.000000000,-7614.520059,-24940.844848,4880.230073
2022-02-19T19:00:00.000000000,-7426.075365,-25392.396573,2071.951537
2022-02-19T19:15:00.000000000,-7180.839106,-25542.968738,-772.089695
2022-02-19T19:30:00.000000000,-6843.073654,-25400.786005,-3602.825834
2022-02-19T19:45:00.000000000,-6379.865126,-24982.396437,-6371.501574
2022-02-19T20:00:00.000000000,-5762.59047,-24311.969941,-9030.516599
2022-02-19T20:15:00.000000000,-4968.216579,-23420.316778,-11534.242112
2022-02-19T20:30:00.000000000,-3980.381184,-22343.665703,-13839.797425
2022-02-19T20:45:00.000000000,-2790.214151,-21122.250217,-15907.773795
2022-02-19T21:00:00.000000000,-1396.868111,-19798.758322,-17702.894035
2022-02-19T21:15:00.000000000,192.261257,-18416.705822,-19194.597861
2022-02-19T21:30:00.000000000,1961.633011,-17018.795557,-20357.544463
2022-02-19T21:45:00.000000000,3887.972524,-15645.324904,-21172.025334
2022-02-19T22:00:00.000000000,5940.980796,-14332.701548,-21624.281986
2022-02-19T22:15:00.000000000,8084.314446,-13112.122992,-21706.724589
2022-02-19T22:30:00.000000000,10276.799441,-12008.468859,-21418.049123
2022-02-19T22:45:00.000000000,12473.833137,-11039.446797,-20763.251969
2022-02-19T23:00:00.000000000,14628.922317,-10215.023326,-19753.542214
2022-02-19T23:15:00.000000000,16695.300048,-9537.16027,-18406.153283
2022-02-19T23:30:00.000000000,18627.561271,-8999.866111,-16744.056728
2022-02-19T23:45:00.000000000,20383.256196,-8589.559977,-14795.582337
2022-02-18T00:00:00.000000000,21101.501398,-8448.387798,-13835.938643
2022-02-18T00:15:00.000000000,22535.419254,-8184.69999,-11532.492767
2022-02-18T00:30:00.000000000,23710.23036,-7987.357083,-9031.572261
2022-02-18T00:45:00.000000000,24604.036037,-7823.307228,-6375.902356
2022-02-18T01:00:00.000000000,25203.023718,-7656.718081,-3610.9092
2022-02-18T01:15:00.000000000,25501.920965,-7450.532166,-783.956597
2022-02-18T01:30:00.000000000,25504.134647,-7168.078772,2056.454666
2022-02-18T01:45:00.000000000,25221.568878,-6774.680095,4861.51205
2022-02-18T02:00:00.000000000,24674.127402,-6239.189043,7582.927364
2022-02-18T02:15:00.000000000,23888.918353,-5535.398237,10173.769516
2022-02-18T02:30:00.000000000,22899.190889,-4643.264189,12589.279383
2022-02-18T02:45:00.000000000,21743.043875,-3549.897448,14787.652174
2022-02-18T03:00:00.000000000,20461.956051,-2250.278312,16730.77301
2022-02-18T03:15:00.000000000,19099.194201,-747.668025,18384.891945
2022-02-18T03:30:00.000000000,17698.161125,946.302706,19721.225539
2022-02-18T03:45:00.000000000,16300.747905,2811.873476,20716.473304
2022-02-18T04:00:00.000000000,14945.755052,4821.714866,21353.238805
2022-02-18T04:15:00.000000000,13667.444701,6941.789834,21620.346888
2022-02-18T04:30:00.000000000,12494.28097,9132.483594,21513.050457
2022-02-18T04:45:00.000000000,11447.90825,11349.958883,21033.122328
2022-02-18T05:00:00.000000000,10542.407819,13547.684344,20188.829886
2022-02-18T05:15:00.000000000,9783.862004,15678.076667,18994.792635
2022-02-18T05:30:00.000000000,9170.242845,17694.192453,17471.725024
2022-02-18T05:45:00.000000000,8691.629161,19551.403609,15646.069265
2022-02-18T06:00:00.000000000,8330.742673,21208.990721,13549.525098
2022-02-18T06:15:00.000000000,8063.781053,22631.592128,11218.485499
2022-02-18T06:30:00.000000000,7861.513859,23790.452201,8693.389261
2022-02-18T06:45:00.000000000,7690.596847,24664.4205,6018.002967
2022-02-18T07:00:00.000000000,7515.051554,25240.663531,3238.646203
2022-02-18T07:15:00.000000000,7297.850693,25515.062393,403.374875
2022-02-18T07:30:00.000000000,7002.545974,25492.282188,-2438.861924
2022-02-18T07:45:00.000000000,6594.873676,25185.512133,-5239.075776
2022-02-18T08:00:00.000000000,6044.274604,24615.888217,-7949.087948
2022-02-18T08:15:00.000000000,5325.268909,23811.622621,-10522.358398
2022-02-18T08:30:00.000000000,4418.632361,22806.87529,-12914.78049
2022-02-18T08:45:00.000000000,3312.328875,21640.412714,-15085.428038
2022-02-18T09:00:00.000000000,2002.163798,20354.106713,-16997.242697
2022-02-18T09:15:00.000000000,492.133527,18991.331668,-18617.651027
2022-02-18T09:30:00.000000000,-1205.541234,17595.321881,-19919.102091
2022-02-18T09:45:00.000000000,-3070.699206,16207.551735,-20879.518004
2022-02-18T10:00:00.000000000,-5075.827998,14866.199849,-21482.651395
2022-02-18T10:15:00.000000000,-7186.936617,13604.754857,-21718.345261
2022-02-18T10:30:00.000000000,-9364.678034,12450.814677,-21582.692176
2022-02-18T10:45:00.000000000,-11565.67967,11425.123685,-21078.091243
2022-02-18T11:00:00.000000000,-13744.032099,10540.883153,-20213.202519
2022-02-18T11:15:00.000000000,-15852.880585,9803.360117,-19002.799979
2022-02-18T11:30:00.000000000,-17846.060317,9209.808711,-17467.525346
2022-02-18T11:45:00.000000000,-19679.714479,8749.706481,-15633.546405
2022-02-18T12:00:00.000000000,-21313.834909,8405.296515,-13532.124637
2022-02-18T12:15:00.000000000,-22713.667663,8152.41481,-11199.098296
2022-02-18T12:30:00.000000000,-23850.930572,7961.571672,-8674.2883
2022-02-18T12:45:00.000000000,-24704.796614,7799.246204,-6000.835542
2022-02-18T13:00:00.000000000,-25262.605313,7629.344758,-3224.479458
2022-02-18T13:15:00.000000000,-25520.274392,7414.767662,-392.788848
2022-02-18T13:30:00.000000000,-25482.394963,7119.024054,2445.642978
2022-02-18T13:45:00.000000000,-25162.005559,6707.832328,5242.025788
2022-02-18T14:00:00.000000000,-24580.052314,6150.643751,7948.208924
2022-02-18T14:15:00.000000000,-23764.55494,5422.029288,10517.512472
2022-02-18T14:30:00.000000000,-22749.509454,4502.874388,12905.538512
2022-02-18T14:45:00.000000000,-21573.569244,3381.333631,15070.947866
2022-02-18T15:00:00.000000000,-20278.555016,2053.506166,16976.188128
2022-02-18T15:15:00.000000000,-18907.850956,523.803426,18588.15928
2022-02-18T15:30:00.000000000,-17504.749464,-1195.007363,19878.804185
2022-02-18T15:45:00.000000000,-16110.809089,-3082.087707,20825.612457
2022-02-18T16:00:00.000000000,-14764.290094,-5109.131244,21412.027695
2022-02-18T16:15:00.000000000,-13498.729244,-7241.26413,21627.749842
2022-02-18T16:30:00.000000000,-12341.710078,-9438.208583,21468.92634
2022-02-18T16:45:00.000000000,-11313.877253,-11655.665147,20938.22793
2022-02-18T17:00:00.000000000,-10428.233881,-13846.86029,20044.807128
2022-02-18T17:15:00.000000000,-9689.749513,-15964.199187,18804.139798
2022-02-18T17:30:00.000000000,-9095.293908,-17960.959218,17237.7525
2022-02-18T17:45:00.000000000,-8633.898701,-19792.957898,15372.840696
2022-02-18T18:00:00.000000000,-8287.335831,-21420.129999,13241.784996
2022-02-18T18:15:00.000000000,-8030.988889,-22807.952226,10881.574774
2022-02-18T18:30:00.000000000,-7834.981831,-23928.659955,8333.150285
2022-02-18T18:45:00.000000000,-7665.519233,-24762.208979,5640.676008
2022-02-18T19:00:00.000000000,-7486.383998,-25296.945481,2850.759233
2022-02-18T19:15:00.000000000,-7260.532353,-25529.959219,11.628836
2022-02-18T19:30:00.000000000,-6951.722427,-25467.107563,-2827.710242
2022-02-18T19:45:00.000000000,-6526.111753,-25122.711094,-5618.331098
2022-02-18T20:00:00.000000000,-5953.760729,-24518.934383,-8312.232
2022-02-18T20:15:00.000000000,-5209.983195,-23684.877734,-10863.161515
2022-02-18T20:30:00.000000000,-4276.491768,-22655.416734,-13227.407433
2022-02-18T20:45:00.000000000,-3142.293928,-21469.835827,-15364.536307
2022-02-18T21:00:00.000000000,-1804.304868,-20170.309633,-17238.071784
2022-02-18T21:15:00.000000000,-267.654215,-18800.291013,-18816.101267
2022-02-18T21:30:00.000000000,1454.324412,-17402.867864,-20071.801975
2022-02-18T21:45:00.000000000,3340.419991,-16019.151223,-20983.87904
2022-02-18T22:00:00.000000000,5362.173955,-14686.755552,-21536.909794
2022-02-18T22:15:00.000000000,7484.789191,-13438.428112,-21721.589953
2022-02-18T22:30:00.000000000,9668.283811,-12300.878422,-21534.878844
2022-02-18T22:45:00.000000000,11868.846455,-11293.851021,-20980.042242
2022-02-18T23:00:00.000000000,14040.342518,-10429.475594,-20066.592748
2022-02-18T23:15:00.000000000,16135.915264,-9711.918118,-18810.128927
2022-02-18T23:30:00.000000000,18109.622353,-9137.345513,-17232.075726
2022-02-18T23:45:00.000000000,19918.04684,-8694.204726,-15359.329952
2022-02-19T00:00:00.000000000,21521.822633,-8363.805454,-13223.815837
2022-02-19T00:15:00.000000000,22887.017254,-8121.184463,-10861.956986
2022-02-19T00:30:00.000000000,23986.319815,-7936.218829,-8314.072206
2022-02-19T00:45:00.000000000,24799.989048,-7774.946031,-5623.704155
2022-02-19T01:00:00.000000000,25316.524959,-7601.040651,-2836.890596
2022-02-19T01:15:00.000000000,25533.037731,-7377.39134,-1.389583
2022-02-19T01:30:00.000000000,25455.298823,-7067.717376,2834.129305
2022-02-19T01:45:00.000000000,25097.471212,-6638.162221,5620.914587
2022-02-19T02:00:00.000000000,24481.527748,-6058.801811,8310.969473
2022-02-19T02:15:00.000000000,23636.378932,-5305.008141,10857.881125
2022-02-19T02:30:00.000000000,22596.742564,-4358.613748,13217.628001
2022-02-19T02:45:00.000000000,21401.798166,-3208.830114,15349.3507
2022-02-19T03:00:00.000000000,20093.677817,-1852.882294,17216.072179
2022-02-19T03:15:00.000000000,18715.851518,-296.33284,18785.353749
2022-02-19T03:30:00.000000000,17311.46991,1446.919781,20029.874279
2022-02-19T03:45:00.000000000,15921.729114,3354.970296,20927.921317
2022-02-19T04:00:00.000000000,14584.321868,5398.552356,21463.784322
2022-02-19T04:15:00.000000000,13332.035987,7541.977269,21628.042037
2022-02-19T04:30:00.000000000,12191.555465,9744.330387,21417.737953
2022-02-19T04:45:00.000000000,11182.511602,11960.879372,20836.440007
2022-02-19T05:00:00.000000000,10316.821623,14144.639868,19894.182897
2022-02-19T05:15:00.000000000,9598.340757,16248.037712,18607.2937
2022-02-19T05:30:00.000000000,9022.841183,18224.602802,16998.103869
2022-02-19T05:45:00.000000000,8578.318103,20030.628328,15094.552925
2022-02-19T06:00:00.000000000,8245.610038,21626.730458,12929.691379
2022-02-19T06:15:00.000000000,7999.307818,22979.247559,10541.092457
2022-02-19T06:30:00.000000000,7808.915203,24061.42448,7970.183985
2022-02-19T06:45:00.000000000,7640.214077,24854.336155,5261.513375
2022-02-19T07:00:00.000000000,7456.779118,25347.515308,2461.959868
2022-02-19T07:15:00.000000000,7221.581188,25539.260908,-380.090935
2022-02-19T07:30:00.000000000,6898.615419,25436.61682,-3215.594663
2022-02-19T07:45:00.000000000,6454.489444,25055.023156,-5995.702208
2022-02-19T08:00:00.000000000,5859.909211,24417.655645,-8672.604681
2022-02-19T08:15:00.000000000,5091.004333,23554.480419,-11200.354369
2022-02-19T08:30:00.000000000,4130.441605,22501.062437,-13535.647625
2022-02-19T08:45:00.000000000,2968.284021,21297.174897,-15638.55667
2022-02-19T09:00:00.000000000,1602.562732,19985.264231,-17473.198684
2022-02-19T09:15:00.000000000,39.540646,18608.830198,-19008.331912
2022-02-19T09:30:00.000000000,-1706.341698,17210.783314,-20217.870068
2022-02-19T09:45:00.000000000,-3612.835341,15831.842074,-21081.30787
2022-02-19T10:00:00.000000000,-5650.552724,14509.030435,-21584.052096
2022-02-19T10:15:00.000000000,-7783.912519,13274.331777,-21717.654028
2022-02-19T10:30:00.000000000,-9972.323789,12153.549359,-21479.94066
2022-02-19T10:45:00.000000000,-12171.565147,11165.415338,-20875.043413
2022-02-19T11:00:00.000000000,-14335.307412,10320.981025,-19913.324461
2022-02-19T11:15:00.000000000,-16416.723158,9623.310556,-18611.202106
2022-02-19T11:30:00.000000000,-18370.123345,9067.488896,-16990.877838
2022-02-19T11:45:00.000000000,-20152.560083,8640.943467,-15079.9691
2022-02-19T12:00:00.000000000,-21725.33579,8324.067069,-12911.052912
2022-02-19T12:15:00.000000000,-23055.362162,8091.1185,-10521.126831
2022-02-19T12:30:00.000000000,-24116.317699,7911.366882,-7950.994992
2022-02-19T12:45:00.000000000,-24889.559745,7750.436338,-5244.588157
2022-02-19T13:00:00.000000000,-25364.755893,7571.799913,-2448.227956
2022-02-19T13:15:00.000000000,-25540.20988,7338.365606,390.15339
2022-02-19T13:30:00.000000000,-25422.868544,7014.093473,3221.825502
2022-02-19T13:45:00.000000000,-25028.008441,6565.581108,5998.091281
2022-02-19T14:00:00.000000000,-24378.612772,5963.555461,8671.123347
2022-02-19T14:15:00.000000000,-23504.461565,5184.212152,11194.791144
2022-02-19T14:30:00.000000000,-22440.969025,4210.348741,13525.464101
2022-02-19T14:45:00.000000000,-21227.812298,3032.246162,15622.776318
2022-02-19T15:00:00.000000000,-19907.404269,1648.262024,17450.338699
2022-02-19T15:15:00.000000000,-18523.269313,65.110437,18976.385082
2022-02-19T15:30:00.000000000,-17118.385241,-1702.184692,20174.33993
2022-02-19T15:45:00.000000000,-15733.556257,-3630.663159,21023.296501
2022-02-19T16:00:00.000000000,-14405.880842,-5690.116062,21508.395934
2022-02-19T16:15:00.000000000,-13167.374941,-7844.06223,21621.099512
2022-02-19T16:30:00.000000000,-12043.804802,-10050.976588,21359.348371
2022-02-19T16:45:00.000000000,-11053.775613,-12265.723392,20727.607072
2022-02-19T17:00:00.000000000,-10208.111877,-14441.138839,19736.789753
2022-02-19T17:15:00.000000000,-9509.553873,-16529.701492,18404.069869
2022-02-19T17:30:00.000000000,-8952.781763,-18485.225278,16752.576902
2022-02-19T17:45:00.000000000,-8524.765843,-20264.508791,14810.985681
2022-02-19T18:00:00.000000000,-8205.428227,-21828.876405,12613.006142
2022-02-19T18:15:00.000000000,-7968.588785,-23145.551006,10196.783337
2022-02-19T18:30:00.000000000,-7783.1568,-24188.804945,7604.219331
2022-02-19T18:45:00.000000000,-7614.520059,-24940.844848,4880.230073
2022-02-19T19:00:00.000000000,-7426.075365,-25392.396573,2071.951537
2022-02-19T19:15:00.000000000,-7180.839106,-25542.968738,-772.089695
2022-02-19T19:30:00.000000000,-6843.073654,-25400.786005,-3602.825834
2022-02-19T19:45:00.000000000,-6379.865126,-24982.396437,-6371.501574
2022-02-19T20:00:00.000000000,-5762.59047,-24311.969941,-9030.516599
2022-02-19T20:15:00.000000000,-4968.216579,-23420.316778,-11534.242112
2022-02-19T20:30:00.000000000,-3980.381184,-22343.665703,-13839.797425
2022-02-19T20:45:00.000000000,-2790.214151,-21122.250217,-15907.773795
2022-02-19T21:00:00.000000000,-1396.868111,-19798.758322,-17702.894035
2022-02-19T21:15:00.000000000,192.261257,-18416.705822,-19194.597861
2022-02-19T21:30:00.000000000,1961.633011,-17018.795557,-20357.544463
2022-02-19T21:45:00.000000000,3887.972524,-15645.324904,-21172.025334
2022-02-19T22:00:00.000000000,5940.980796,-14332.701548,-21624.281986
2022-02-19T22:15:00.000000000,8084.314446,-13112.122992,-21706.724589
2022-02-19T22:30:00.000000000,10276.799441,-12008.468859,-21418.049123
2022-02-19T22:45:00.000000000,12473.833137,-11039.446797,-20763.251969
2022-02-19T23:00:00.000000000,14628.922317,-10215.023326,-19753.542214
2022-02-19T23:15:00.000000000,16695.300048,-9537.16027,-18406.153283
2022-02-19T23:30:00.000000000,18627.561271,-8999.866111,-16744.056728
2022-02-19T23:45:00.000000000,20383.256196,-8589.559977,-14795.582337
