2022-02-19T00:00:00.000000000,5082.316631,24499.123238,8047.037099
2022-02-19T00:15:00.000000000,4336.742204,23644.124912,10633.985787
2022-02-19T00:30:00.000000000,3406.647183,22580.67571,13032.143648
2022-02-19T00:45:00.000000000,2279.824692,21348.51808,15199.143759
2022-02-19T01:00:00.000000000,952.158728,19990.903331,17096.934855
2022-02-19T01:15:00.000000000,-572.020231,18552.866617,18692.488467
2022-02-19T01:30:00.000000000,-2279.930849,17079.452447,19958.390964
2022-02-19T01:45:00.000000000,-4150.685072,15613.966728,20873.308996
2022-02-19T02:00:00.000000000,-6155.962433,14196.328556,21422.321331
2022-02-19T02:15:00.000000000,-8260.982162,12861.588727,21597.114484
2022-02-19T02:30:00.000000000,-10425.728615,11638.67273,21396.043734
2022-02-19T02:45:00.000000000,-12606.376153,10549.394626,20824.064743
2022-02-19T03:00:00.000000000,-14756.853026,9607.775262,19892.544077
2022-02-19T03:15:00.000000000,-16830.480208,8819.684613,18618.959228
2022-02-19T03:30:00.000000000,-18781.620384,8182.814368,17026.500432
2022-02-19T03:45:00.000000000,-20567.274241,7686.973707,15143.587481
2022-02-19T04:00:00.000000000,-22148.565433,7314.689153,13003.315096
2022-02-19T04:15:00.000000000,-23492.061775,7042.078786,10642.840271
2022-02-19T04:30:00.000000000,-24570.887938,6839.962188,8102.724439
2022-02-19T04:45:00.000000000,-25365.593702,6675.160425,5426.242423
2022-02-19T05:00:00.000000000,-25864.751366,6511.935267,2658.669198
2022-02-19T05:15:00.000000000,-26065.26578,6313.513584,-153.445675
2022-02-19T05:30:00.000000000,-25972.390409,6043.641424,-2963.007099
2022-02-19T05:45:00.000000000,-25599.45255,5668.11258,-5723.099113
2022-02-19T06:00:00.000000000,-24967.300128,5156.218284,-8387.698151
2022-02-19T06:15:00.000000000,-24103.491159,4482.067946,-10912.36851
2022-02-19T06:30:00.000000000,-23041.254903,3625.73545,-13254.93401
2022-02-19T06:45:00.000000000,-21818.260782,2574.191233,-15376.12011
2022-02-19T07:00:00.000000000,-20475.237122,1321.98709,-17240.16067
2022-02-19T07:15:00.000000000,-19054.486771,-128.331626,-18815.363367
2022-02-19T07:30:00.000000000,-17598.35031,-1766.10338,-20074.627415
2022-02-19T07:45:00.000000000,-16147.669955,-3572.725302,-20995.906743
2022-02-19T08:00:00.000000000,-14740.308241,-5522.123808,-21562.611292
2022-02-19T08:15:00.000000000,-13409.774894,-7581.509444,-21763.938566
2022-02-19T08:30:00.000000000,-12184.013048,-9712.394482,-21595.127262
2022-02-19T08:45:00.000000000,-11084.391946,-11871.841879,-21057.624591
2022-02-19T09:00:00.000000000,-10124.947375,-14013.904993,-20159.159128
2022-02-19T09:15:00.000000000,-9311.903432,-16091.208888,-18913.711583
2022-02-19T09:30:00.000000000,-8643.499893,-18056.616804,-17341.376998
2022-02-19T09:45:00.000000000,-8110.138414,-19864.919815,-15468.113514
2022-02-19T10:00:00.000000000,-7694.848668,-21474.484236,-13325.375121
2022-02-19T10:15:00.000000000,-7374.062431,-22848.790347,-10949.628621
2022-02-19T10:30:00.000000000,-7118.670243,-23957.797962,-8381.758402
2022-02-19T10:45:00.000000000,-6895.322256,-24779.079269,-5666.366287
2022-02-19T11:00:00.000000000,-6667.922882,-25298.667398,-2850.977698
2022-02-19T11:15:00.000000000,-6399.258677,-25511.580154,14.830744
2022-02-19T11:30:00.000000000,-6052.691212,-25421.991813,2880.36355
2022-02-19T11:45:00.000000000,-5593.842185,-25043.04126,5694.77681
2022-02-19T12:00:00.000000000,-4992.196966,-24396.281313,8408.062847
2022-02-19T12:15:00.000000000,-4222.55561,-23510.79074,10972.023888
2022-02-19T12:30:00.000000000,-3266.266856,-22421.986367,13341.209379
2022-02-19T12:45:00.000000000,-2112.190499,-21170.18678,15473.792761
2022-02-19T13:00:00.000000000,-757.346267,-19798.990513,17332.365524
2022-02-19T13:15:00.000000000,792.777928,-18353.539757,18884.629554
2022-02-19T13:30:00.000000000,2524.269549,-16878.744974,20103.97254
2022-02-19T13:45:00.000000000,4415.181906,-15417.546253,20969.915585
2022-02-19T14:00:00.000000000,6436.251216,-14009.283972,21468.426585
2022-02-19T14:15:00.000000000,8551.906046,-12688.244641,21592.097396
2022-02-19T14:30:00.000000000,10721.523285,-11482.438267,21340.186899
2022-02-19T14:45:00.000000000,12900.875647,-10412.651939,20718.535628
2022-02-19T15:00:00.000000000,15043.709633,-9491.811267,19739.360618
2022-02-19T15:15:00.000000000,17103.389611,-8724.667589,18420.941351
2022-02-19T15:30:00.000000000,19034.543345,-8107.815228,16787.209228
2022-02-19T15:45:00.000000000,20794.646536,-7630.030029,14867.253874
2022-02-19T16:00:00.000000000,22345.488509,-7272.908532,12694.759833
2022-02-19T16:15:00.000000000,23654.467548,-7011.776752,10307.387006
2022-02-19T16:30:00.000000000,24695.672284,-6816.82884,7746.107598
2022-02-19T16:45:00.000000000,25450.714468,-6654.449148,5054.511396
2022-02-19T17:00:00.000000000,25909.288044,-6488.666325,2278.090257
2022-02-19T17:15:00.000000000,26069.439339,-6282.685082,-536.488448
2022-02-19T17:30:00.000000000,25937.543149,-6000.440072,-3342.110768
2022-02-19T17:45:00.000000000,25527.989103,-5608.116854,-6091.93971
2022-02-19T18:00:00.000000000,24862.591979,-5075.586934,-8740.126459
2022-02-19T18:15:00.000000000,23969.748183,-4377.707362,-11242.502967
2022-02-19T18:30:00.000000000,22883.368427,-3495.440098,-13557.249943
2022-02-19T18:45:00.000000000,21641.62356,-2416.752244,-15645.534504
2022-02-19T19:00:00.000000000,20285.546368,-1137.265067,-17472.111675
2022-02-19T19:15:00.000000000,18857.536957,339.372405,-19005.883699
2022-02-19T19:30:00.000000000,17399.822844,2001.400989,-20220.410746
2022-02-19T19:45:00.000000000,15952.927094,3829.166776,-21094.366105
2022-02-19T20:00:00.000000000,14554.198572,5795.631337,-21611.928451
2022-02-19T20:15:00.000000000,13236.457528,7867.163835,-21763.103281
2022-02-19T20:30:00.000000000,12026.807236,10004.592171,-21543.965277
2022-02-19T20:45:00.000000000,10945.6581,12164.48051,-20956.813253
2022-02-19T21:00:00.000000000,10006.004585,14300.591346,-20010.229546
2022-02-19T21:15:00.000000000,9212.987361,16365.481876,-18719.036387
2022-02-19T21:30:00.000000000,8563.763533,18312.17739,-17104.142922
2022-02-19T21:45:00.000000000,8047.696604,20095.859105,-15192.278325
2022-02-19T22:00:00.000000000,7646.865521,21675.500702,-13015.608739
2022-02-19T22:15:00.000000000,7336.879014,23015.387249,-10611.238725
2022-02-19T22:30:00.000000000,7087.968038,24086.452482,-8020.60127
2022-02-19T22:45:00.000000000,6866.316232,24867.375827,-5288.744177
2022-02-19T23:00:00.000000000,6635.576484,25345.388915,-2463.52459
2022-02-19T23:15:00.000000000,6358.51185,25516.752727,405.272717
2022-02-19T23:30:00.000000000,5998.691753,25386.88027,3266.874184
2022-02-19T23:45:00.000000000,5522.170359,24970.095255,6070.491286
2022-02-19T00:00:00.000000000,5082.316631,24499.123238,8047.037099
2022-02-19T00:15:00.000000000,4336.742204,23644.124912,10633.985787
2022-02-19T00:30:00.000000000,3406.647183,22580.67571,13032.143648
2022-02-19T00:45:00.000000000,2279.824692,21348.51808,15199.143759
2022-02-19T01:00:00.000000000,952.158728,19990.903331,17096.934855
2022-02-19T01:15:00.000000000,-572.020231,18552.866617,18692.488467
2022-02-19T01:30:00.000000000,-2279.930849,17079.452447,19958.390964
2022-02-19T01:45:00.000000000,-4150.685072,15613.966728,20873.308996
2022-02-19T02:00:00.000000000,-6155.962433,14196.328556,21422.321331
2022-02-19T02:15:00.000000000,-8260.982162,12861.588727,21597.114484
2022-02-19T02:30:00.000000000,-10425.728615,11638.67273,21396.043734
2022-02-19T02:45:00.000000000,-12606.376153,10549.394626,20824.064743
2022-02-19T03:00:00.000000000,-14756.853026,9607.775262,19892.544077
2022-02-19T03:15:00.000000000,-16830.480208,8819.684613,18618.959228
2022-02-19T03:30:00.000000000,-18781.620384,8182.814368,17026.500432
2022-02-19T03:45:00.000000000,-20567.274241,7686.973707,15143.587481
2022-02-19T04:00:00.000000000,-22148.565433,7314.689153,13003.315096
2022-02-19T04:15:00.000000000,-23492.061775,7042.078786,10642.840271
2022-02-19T04:30:00.000000000,-24570.887938,6839.962188,8102.724439
2022-02-19T04:45:00.000000000,-25365.593702,6675.160425,5426.242423
2022-02-19T05:00:00.000000000,-25864.751366,6511.935267,2658.669198
2022-02-19T05:15:00.000000000,-26065.26578,6313.513584,-153.445675
2022-02-19T05:30:00.000000000,-25972.390409,6043.641424,-2963.007099
2022-02-19T05:45:00.000000000,-25599.45255,5668.11258,-5723.099113
2022-02-19T06:00:00.000000000,-24967.300128,5156.218284,-8387.698151
2022-02-19T06:15:00.000000000,-24103.491159,4482.067946,-10912.36851
2022-02-19T06:30:00.000000000,-23041.254903,3625.73545,-13254.93401
2022-02-19T06:45:00.000000000,-21818.260782,2574.191233,-15376.12011
2022-02-19T07:00:00.000000000,-20475.237122,1321.98709,-17240.16067
2022-02-19T07:15:00.000000000,-19054.486771,-128.331626,-18815.363367
2022-02-19T07:30:00.000000000,-17598.35031,-1766.10338,-20074.627415
2022-02-19T07:45:00.000000000,-16147.669955,-3572.725302,-20995.906743
2022-02-19T08:00:00.000000000,-14740.308241,-5522.123808,-21562.611292
2022-02-19T08:15:00.000000000,-13409.774894,-7581.509444,-21763.938566
2022-02-19T08:30:00.000000000,-12184.013048,-9712.394482,-21595.127262
2022-02-19T08:45:00.000000000,-11084.391946,-11871.841879,-21057.624591
2022-02-19T09:00:00.000000000,-10124.947375,-14013.904993,-20159.159128
2022-02-19T09:15:00.000000000,-9311.903432,-16091.208888,-18913.711583
2022-02-19T09:30:00.000000000,-8643.499893,-18056.616804,-17341.376998
2022-02-19T09:45:00.000000000,-8110.138414,-19864.919815,-15468.113514
2022-02-19T10:00:00.000000000,-7694.848668,-21474.484236,-13325.375121
2022-02-19T10:15:00.000000000,-7374.062431,-22848.790347,-10949.628621
2022-02-19T10:30:00.000000000,-7118.670243,-23957.797962,-8381.758402
2022-02-19T10:45:00.000000000,-6895.322256,-24779.079269,-5666.366287
2022-02-19T11:00:00.000000000,-6667.922882,-25298.667398,-2850.977698
2022-02-19T11:15:00.000000000,-6399.258677,-25511.580154,14.830744
2022-02-19T11:30:00.000000000,-6052.691212,-25421.991813,2880.36355
2022-02-19T11:45:00.000000000,-5593.842185,-25043.04126,5694.77681
2022-02-19T12:00:00.000000000,-4992.196966,-24396.281313,8408.062847
2022-02-19T12:15:00.000000000,-4222.55561,-23510.79074,10972.023888
2022-02-19T12:30:00.000000000,-3266.266856,-22421.986367,13341.209379
2022-02-19T12:45:00.000000000,-2112.190499,-21170.18678,15473.792761
2022-02-19T13:00:00.000000000,-757.346267,-19798.990513,17332.365524
2022-02-19T13:15:00.000000000,792.777928,-18353.539757,18884.629554
2022-02-19T13:30:00.000000000,2524.269549,-16878.744974,20103.97254
2022-02-19T13:45:00.000000000,4415.181906,-15417.546253,20969.915585
2022-02-19T14:00:00.000000000,6436.251216,-14009.283972,21468.426585
2022-02-19T14:15:00.000000000,8551.906046,-12688.244641,21592.097396
2022-02-19T14:30:00.000000000,10721.523285,-11482.438267,21340.186899
2022-02-19T14:45:00.000000000,12900.875647,-10412.651939,20718.535628
2022-02-19T15:00:00.000000000,15043.709633,-9491.811267,19739.360618
2022-02-19T15:15:00.000000000,17103.389611,-8724.667589,18420.941351
2022-02-19T15:30:00.000000000,19034.543345,-8107.815228,16787.209228
2022-02-19T15:45:00.000000000,20794.646536,-7630.030029,14867.253874
2022-02-19T16:00:00.000000000,22345.488509,-7272.908532,12694.759833
2022-02-19T16:15:00.000000000,23654.467548,-7011.776752,10307.387006
2022-02-19T16:30:00.000000000,24695.672284,-6816.82884,7746.107598
2022-02-19T16:45:00.000000000,25450.714468,-6654.449148,5054.511396
2022-02-19T17:00:00.000000000,25909.288044,-6488.666325,2278.090257
2022-02-19T17:15:00.000000000,26069.439339,-6282.685082,-536.488448
2022-02-19T17:30:00.000000000,25937.543149,-6000.440072,-3342.110768
2022-02-19T17:45:00.000000000,25527.989103,-5608.116854,-6091.93971
2022-02-19T18:00:00.000000000,24862.591979,-5075.586934,-8740.126459
2022-02-19T18:15:00.000000000,23969.748183,-4377.707362,-11242.502967
2022-02-19T18:30:00.000000000,22883.368427,-3495.440098,-13557.249943
2022-02-19T18:45:00.000000000,21641.62356,-2416.752244,-15645.534504
2022-02-19T19:00:00.000000000,20285.546368,-1137.265067,-17472.111675
2022-02-19T19:15:00.000000000,18857.536957,339.372405,-19005.883699
2022-02-19T19:30:00.000000000,17399.822844,2001.400989,-20220.410746
2022-02-19T19:45:00.000000000,15952.927094,3829.166776,-21094.366105
2022-02-19T20:00:00.000000000,14554.198572,5795.631337,-21611.928451
2022-02-19T20:15:00.000000000,13236.457528,7867.163835,-21763.103281
2022-02-19T20:30:00.000000000,12026.807236,10004.592171,-21543.965277
2022-02-19T20:45:00.000000000,10945.6581,12164.48051,-20956.813253
2022-02-19T21:00:00.000000000,10006.004585,14300.591346,-20010.229546
2022-02-19T21:15:00.000000000,9212.987361,16365.481876,-18719.036387
2022-02-19T21:30:00.000000000,8563.763533,18312.17739,-17104.142922
2022-02-19T21:45:00.000000000,8047.696604,20095.859105,-15192.278325
2022-02-19T22:00:00.000000000,7646.865521,21675.500702,-13015.608739
2022-02-19T22:15:00.000000000,7336.879014,23015.387249,-10611.238725
2022-02-19T22:30:00.000000000,7087.968038,24086.452482,-8020.60127
2022-02-19T22:45:00.000000000,6866.316232,24867.375827,-5288.744177
2022-02-19T23:00:00.000000000,6635.576484,25345.388915,-2463.52459
2022-02-19T23:15:00.000000000,6358.51185,25516.752727,405.272717
2022-02-19T23:30:00.000000000,5998.691753,25386.88027,3266.874184
2022-02-19T23:45:00.000000000,5522.170359,24970.095255,6070.491286
2022-02-19T00:00:00.000000000,5082.316631,24499.123238,8047.037099
2022-02-19T00:15:00.000000000,4336.742204,23644.124912,10633.985787
2022-02-19T00:30:00.000000000,3406.647183,22580.67571,13032.143648
2022-02-19T00:45:00.000000000,2279.824692,21348.51808,15199.143759
2022-02-19T01:00:00.000000000,952.158728,19990.903331,17096.934855
2022-02-19T01:15:00.000000000,-572.020231,18552.866617,18692.488467
2022-02-19T01:30:00.000000000,-2279.930849,17079.452447,19958.390964
2022-02-19T01:45:00.000000000,-4150.685072,15613.966728,20873.308996
2022-02-19T02:00:00.000000000,-6155.962433,14196.328556,21422.321331
2022-02-19T02:15:00.000000000,-8260.982162,12861.588727,21597.114484
2022-02-19T02:30:00.000000000,-10425.728615,11638.67273,21396.043734
2022-02-19T02:45:00.000000000,-12606.376153,10549.394626,20824.064743
2022-02-19T03:00:00.000000000,-14756.853026,9607.775262,19892.544077
2022-02-19T03:15:00.000000000,-16830.480208,8819.684613,18618.959228
2022-02-19T03:30:00.000000000,-18781.620384,8182.814368,17026.500432
2022-02-19T03:45:00.000000000,-20567.274241,7686.973707,15143.587481
2022-02-19T04:00:00.000000000,-22148.565433,7314.689153,13003.315096
2022-02-19T04:15:00.000000000,-23492.061775,7042.078786,10642.840271
2022-02-19T04:30:00.000000000,-24570.887938,6839.962188,8102.724439
2022-02-19T04:45:00.000000000,-25365.593702,6675.160425,5426.242423
2022-02-19T05:00:00.000000000,-25864.751366,6511.935267,2658.669198
2022-02-19T05:15:00.000000000,-26065.26578,6313.513584,-153.445675
2022-02-19T05:30:00.000000000,-25972.390409,6043.641424,-2963.007099
2022-02-19T05:45:00.000000000,-25599.45255,5668.11258,-5723.099113
2022-02-19T06:00:00.000000000,-24967.300128,5156.218284,-8387.698151
2022-02-19T06:15:00.000000000,-24103.491159,4482.067946,-10912.36851
2022-02-19T06:30:00.000000000,-23041.254903,3625.73545,-13254.93401
2022-02-19T06:45:00.000000000,-21818.260782,2574.191233,-15376.12011
2022-02-19T07:00:00.000000000,-20475.237122,1321.98709,-17240.16067
2022-02-19T07:15:00.000000000,-19054.486771,-128.331626,-18815.363367
2022-02-19T07:30:00.000000000,-17598.35031,-1766.10338,-20074.627415
2022-02-19T07:45:00.000000000,-16147.669955,-3572.725302,-20995.906743
2022-02-19T08:00:00.000000000,-14740.308241,-5522.123808,-21562.611292
2022-02-19T08:15:00.000000000,-13409.774894,-7581.509444,-21763.938566
2022-02-19T08:30:00.000000000,-12184.013048,-9712.394482,-21595.127262
2022-02-19T08:45:00.000000000,-11084.391946,-11871.841879,-21057.624591
2022-02-19T09:00:00.000000000,-10124.947375,-14013.904993,-20159.159128
2022-02-19T09:15:00.000000000,-9311.903432,-16091.208888,-18913.711583
2022-02-19T09:30:00.000000000,-8643.499893,-18056.616804,-17341.376998
2022-02-19T09:45:00.000000000,-8110.138414,-19864.919815,-15468.113514
2022-02-19T10:00:00.000000000,-7694.848668,-21474.484236,-13325.375121
2022-02-19T10:15:00.000000000,-7374.062431,-22848.790347,-10949.628621
2022-02-19T10:30:00.000000000,-7118.670243,-23957.797962,-8381.758402
2022-02-19T10:45:00.000000000,-6895.322256,-24779.079269,-5666.366287
2022-02-19T11:00:00.000000000,-6667.922882,-25298.667398,-2850.977698
2022-02-19T11:15:00.000000000,-6399.258677,-25511.580154,14.830744
2022-02-19T11:30:00.000000000,-6052.691212,-25421.991813,2880.36355
2022-02-19T11:45:00.000000000,-5593.842185,-25043.04126,5694.77681
2022-02-19T12:00:00.000000000,-4992.196966,-24396.281313,8408.062847
2022-02-19T12:15:00.000000000,-4222.55561,-23510.79074,10972.023888
2022-02-19T12:30:00.000000000,-3266.266856,-22421.986367,13341.209379
2022-02-19T12:45:00.000000000,-2112.190499,-21170.18678,15473.792761
2022-02-19T13:00:00.000000000,-757.346267,-19798.990513,17332.365524
2022-02-19T13:15:00.000000000,792.777928,-18353.539757,18884.629554
2022-02-19T13:30:00.000000000,2524.269549,-16878.744974,20103.97254
2022-02-19T13:45:00.000000000,4415.181906,-15417.546253,20969.915585
2022-02-19T14:00:00.000000000,6436.251216,-14009.283972,21468.426585
2022-02-19T14:15:00.000000000,8551.906046,-12688.244641,21592.097396
2022-02-19T14:30:00.000000000,10721.523285,-11482.438267,21340.186899
2022-02-19T14:45:00.000000000,12900.875647,-10412.651939,20718.535628
2022-02-19T15:00:00.000000000,15043.709633,-9491.811267,19739.360618
2022-02-19T15:15:00.000000000,17103.389611,-8724.667589,18420.941351
2022-02-19T15:30:00.000000000,19034.543345,-8107.815228,16787.209228
2022-02-19T15:45:00.000000000,20794.646536,-7630.030029,14867.253874
2022-02-19T16:00:00.000000000,22345.488509,-7272.908532,12694.759833
2022-02-19T16:15:00.000000000,23654.467548,-7011.776752,10307.387006
2022-02-19T16:30:00.000000000,24695.672284,-6816.82884,7746.107598
2022-02-19T16:45:00.000000000,25450.714468,-6654.449148,5054.511396
2022-02-19T17:00:00.000000000,25909.288044,-6488.666325,2278.090257
2022-02-19T17:15:00.000000000,26069.439339,-6282.685082,-536.488448
2022-02-19T17:30:00.000000000,25937.543149,-6000.440072,-3342.110768
2022-02-19T17:45:00.000000000,25527.989103,-5608.116854,-6091.93971
2022-02-19T18:00:00.000000000,24862.591979,-5075.586934,-8740.126459
2022-02-19T18:15:00.000000000,23969.748183,-4377.707362,-11242.502967
2022-02-19T18:30:00.000000000,22883.368427,-3495.440098,-13557.249943
2022-02-19T18:45:00.000000000,21641.62356,-2416.752244,-15645.534504
2022-02-19T19:00:00.000000000,20285.546368,-1137.265067,-17472.111675
2022-02-19T19:15:00.000000000,18857.536957,339.372405,-19005.883699
2022-02-19T19:30:00.000000000,17399.822844,2001.400989,-20220.410746
2022-02-19T19:45:00.000000000,15952.927094,3829.166776,-21094.366105
2022-02-19T20:00:00.000000000,14554.198572,5795.631337,-21611.928451
2022-02-19T20:15:00.000000000,13236.457528,7867.163835,-21763.103281
2022-02-19T20:30:00.000000000,12026.807236,10004.592171,-21543.965277
2022-02-19T20:45:00.000000000,10945.6581,12164.48051,-20956.813253
2022-02-19T21:00:00.000000000,10006.004585,14300.591346,-20010.229546
2022-02-19T21:15:00.000000000,9212.987361,16365.481876,-18719.036387
2022-02-19T21:30:00.000000000,8563.763533,18312.17739,-17104.142922
2022-02-19T21:45:00.000000000,8047.696604,20095.859105,-15192.278325
2022-02-19T22:00:00.000000000,7646.865521,21675.500702,-13015.608739
2022-02-19T22:15:00.000000000,7336.879014,23015.387249,-10611.238725
2022-02-19T22:30:00.000000000,7087.968038,24086.452482,-8020.60127
2022-02-19T22:45:00.000000000,6866.316232,24867.375827,-5288.744177
2022-02-19T23:00:00.000000000,6635.576484,25345.388915,-2463.52459
2022-02-19T23:15:00.000000000,6358.51185,25516.752727,405.272717
2022-02-19T23:30:00.000000000,5998.691753,25386.88027,3266.874184
2022-02-19T23:45:00.000000000,5522.170359,24970.095255,6070.491286
2022-02-19T00:00:00.000000000,5082.316631,24499.123238,8047.037099
2022-02-19T00:15:00.000000000,4336.742204,23644.124912,10633.985787
2022-02-19T00:30:00.000000000,3406.647183,22580.67571,13032.143648
2022-02-19T00:45:00.000000000,2279.824692,21348.51808,15199.143759
2022-02-19T01:00:00.000000000,952.158728,19990.903331,17096.934855
2022-02-19T01:15:00.000000000,-572.020231,18552.866617,18692.488467
2022-02-19T01:30:00.000000000,-2279.930849,17079.452447,19958.390964
2022-02-19T01:45:00.000000000,-4150.685072,15613.966728,20873.308996
2022-02-19T02:00:00.000000000,-6155.962433,14196.328556,21422.321331
2022-02-19T02:15:00.000000000,-8260.982162,12861.588727,21597.114484
2022-02-19T02:30:00.000000000,-10425.728615,11638.67273,21396.043734
2022-02-19T02:45:00.000000000,-12606.376153,10549.394626,20824.064743
2022-02-19T03:00:00.000000000,-14756.853026,9607.775262,19892.544077
2022-02-19T03:15:00.000000000,-16830.480208,8819.684613,18618.959228
2022-02-19T03:30:00.000000000,-18781.620384,8182.814368,17026.500432
2022-02-19T03:45:00.000000000,-20567.274241,7686.973707,15143.587481
2022-02-19T04:00:00.000000000,-22148.565433,7314.689153,13003.315096
2022-02-19T04:15:00.000000000,-23492.061775,7042.078786,10642.840271
2022-02-19T04:30:00.000000000,-24570.887938,6839.962188,8102.724439
2022-02-19T04:45:00.000000000,-25365.593702,6675.160425,5426.242423
2022-02-19T05:00:00.000000000,-25864.751366,6511.935267,2658.669198
2022-02-19T05:15:00.000000000,-26065.26578,6313.513584,-153.445675
2022-02-19T05:30:00.000000000,-25972.390409,6043.641424,-2963.007099
2022-02-19T05:45:00.000000000,-25599.45255,5668.11258,-5723.099113
2022-02-19T06:00:00.000000000,-24967.300128,5156.218284,-8387.698151
2022-02-19T06:15:00.000000000,-24103.491159,4482.067946,-10912.36851
2022-02-19T06:30:00.000000000,-23041.254903,3625.73545,-13254.93401
2022-02-19T06:45:00.000000000,-21818.260782,2574.191233,-15376.12011
2022-02-19T07:00:00.000000000,-20475.237122,1321.98709,-17240.16067
2022-02-19T07:15:00.000000000,-19054.486771,-128.331626,-18815.363367
2022-02-19T07:30:00.000000000,-17598.35031,-1766.10338,-20074.627415
2022-02-19T07:45:00.000000000,-16147.669955,-3572.725302,-20995.906743
2022-02-19T08:00:00.000000000,-14740.308241,-5522.123808,-21562.611292
2022-02-19T08:15:00.000000000,-13409.774894,-7581.509444,-21763.938566
2022-02-19T08:30:00.000000000,-12184.013048,-9712.394482,-21595.127262
2022-02-19T08:45:00.000000000,-11084.391946,-11871.841879,-21057.624591
2022-02-19T09:00:00.000000000,-10124.947375,-14013.904993,-20159.159128
2022-02-19T09:15:00.000000000,-9311.903432,-16091.208888,-18913.711583
2022-02-19T09:30:00.000000000,-8643.499893,-18056.616804,-17341.376998
2022-02-19T09:45:00.000000000,-8110.138414,-19864.919815,-15468.113514
2022-02-19T10:00:00.000000000,-7694.848668,-21474.484236,-13325.375121
2022-02-19T10:15:00.000000000,-7374.062431,-22848.790347,-10949.628621
2022-02-19T10:30:00.000000000,-7118.670243,-23957.797962,-8381.758402
2022-02-19T10:45:00.000000000,-6895.322256,-24779.079269,-5666.366287
2022-02-19T11:00:00.000000000,-6667.922882,-25298.667398,-2850.977698
2022-02-19T11:15:00.000000000,-6399.258677,-25511.580154,14.830744
2022-02-19T11:30:00.000000000,-6052.691212,-25421.991813,2880.36355
2022-02-19T11:45:00.000000000,-5593.842185,-25043.04126,5694.77681
2022-02-19T12:00:00.000000000,-4992.196966,-24396.281313,8408.062847
2022-02-19T12:15:00.000000000,-4222.55561,-23510.79074,10972.023888
2022-02-19T12:30:00.000000000,-3266.266856,-22421.986367,13341.209379
2022-02-19T12:45:00.000000000,-2112.190499,-21170.18678,15473.792761
2022-02-19T13:00:00.000000000,-757.346267,-19798.990513,17332.365524
2022-02-19T13:15:00.000000000,792.777928,-18353.539757,18884.629554
2022-02-19T13:30:00.000000000,2524.269549,-16878.744974,20103.97254
2022-02-19T13:45:00.000000000,4415.181906,-15417.546253,20969.915585
2022-02-19T14:00:00.000000000,6436.251216,-14009.283972,21468.426585
2022-02-19T14:15:00.000000000,8551.906046,-12688.244641,21592.097396
2022-02-19T14:30:00.000000000,10721.523285,-11482.438267,21340.186899
2022-02-19T14:45:00.000000000,12900.875647,-10412.651939,20718.535628
2022-02-19T15:00:00.000000000,15043.709633,-9491.811267,19739.360618
2022-02-19T15:15:00.000000000,17103.389611,-8724.667589,18420.941351
2022-02-19T15:30:00.000000000,19034.543345,-8107.815228,16787.209228
2022-02-19T15:45:00.000000000,20794.646536,-7630.030029,14867.253874
2022-02-19T16:00:00.000000000,22345.488509,-7272.908532,12694.759833
2022-02-19T16:15:00.000000000,23654.467548,-7011.776752,10307.387006
2022-02-19T16:30:00.000000000,24695.672284,-6816.82884,7746.107598
2022-02-19T16:45:00.000000000,25450.714468,-6654.449148,5054.511396
2022-02-19T17:00:00.000000000,25909.288044,-6488.666325,2278.090257
2022-02-19T17:15:00.000000000,26069.439339,-6282.685082,-536.488448
2022-02-19T17:30:00.000000000,25937.543149,-6000.440072,-3342.110768
2022-02-19T17:45:00.000000000,25527.989103,-5608.116854,-6091.93971
2022-02-19T18:00:00.000000000,24862.591979,-5075.586934,-8740.126459
2022-02-19T18:15:00.000000000,23969.748183,-4377.707362,-11242.502967
2022-02-19T18:30:00.000000000,22883.368427,-3495.440098,-13557.249943
2022-02-19T18:45:00.000000000,21641.62356,-2416.752244,-15645.534504
2022-02-19T19:00:00.000000000,20285.546368,-1137.265067,-17472.111675
2022-02-19T19:15:00.000000000,18857.536957,339.372405,-19005.883699
2022-02-19T19:30:00.000000000,17399.822844,2001.400989,-20220.410746
2022-02-19T19:45:00.000000000,15952.927094,3829.166776,-21094.366105
2022-02-19T20:00:00.000000000,14554.198572,5795.631337,-21611.928451
2022-02-19T20:15:00.000000000,13236.457528,7867.163835,-21763.103281
2022-02-19T20:30:00.000000000,12026.807236,10004.592171,-21543.965277
2022-02-19T20:45:00.000000000,10945.6581,12164.48051,-20956.813253
2022-02-19T21:00:00.000000000,10006.004585,14300.591346,-20010.229546
2022-02-19T21:15:00.000000000,9212.987361,16365.481876,-18719.036387
2022-02-19T21:30:00.000000000,8563.763533,18312.17739,-17104.142922
2022-02-19T21:45:00.000000000,8047.696604,20095.859105,-15192.278325
2022-02-19T22:00:00.000000000,7646.865521,21675.500702,-13015.608739
2022-02-19T22:15:00.000000000,7336.879014,23015.387249,-10611.238725
2022-02-19T22:30:00.000000000,7087.968038,24086.452482,-8020.60127
2022-02-19T22:45:00.000000000,6866.316232,24867.375827,-5288.744177
2022-02-19T23:00:00.000000000,6635.576484,25345.388915,-2463.52459
2022-02-19T23:15:00.000000000,6358.51185,25516.752727,405.272717
2022-02-19T23:30:00.000000000,5998.691753,25386.88027,3266.874184
2022-02-19T23:45:00.000000000,5522.170359,24970.095255,6070.491286
2022-02-19T00:00:00.000000000,5082.316631,24499.123238,8047.037099
2022-02-19T00:15:00.000000000,4336.742204,23644.124912,10633.985787
2022-02-19T00:30:00.000000000,3406.647183,22580.67571,13032.143648
2022-02-19T00:45:00.000000000,2279.824692,21348.51808,15199.143759
2022-02-19T01:00:00.000000000,952.158728,19990.903331,17096.934855
2022-02-19T01:15:00.000000000,-572.020231,18552.866617,18692.488467
2022-02-19T01:30:00.000000000,-2279.930849,17079.452447,19958.390964
2022-02-19T01:45:00.000000000,-4150.685072,15613.966728,20873.308996
2022-02-19T02:00:00.000000000,-6155.962433,14196.328556,21422.321331
2022-02-19T02:15:00.000000000,-8260.982162,12861.588727,21597.114484
2022-02-19T02:30:00.000000000,-10425.728615,11638.67273,21396.043734
2022-02-19T02:45:00.000000000,-12606.376153,10549.394626,20824.064743
2022-02-19T03:00:00.000000000,-14756.853026,9607.775262,19892.544077
2022-02-19T03:15:00.000000000,-16830.480208,8819.684613,18618.959228
2022-02-19T03:30:00.000000000,-18781.620384,8182.814368,17026.500432
2022-02-19T03:45:00.000000000,-20567.274241,7686.973707,15143.587481
2022-02-19T04:00:00.000000000,-22148.565433,7314.689153,13003.315096
2022-02-19T04:15:00.000000000,-23492.061775,7042.078786,10642.840271
2022-02-19T04:30:00.000000000,-24570.887938,6839.962188,8102.724439
2022-02-19T04:45:00.000000000,-25365.593702,6675.160425,5426.242423
2022-02-19T05:00:00.000000000,-25864.751366,6511.935267,2658.669198
2022-02-19T05:15:00.000000000,-26065.26578,6313.513584,-153.445675
2022-02-19T05:30:00.000000000,-25972.390409,6043.641424,-2963.007099
2022-02-19T05:45:00.000000000,-25599.45255,5668.11258,-5723.099113
2022-02-19T06:00:00.000000000,-24967.300128,5156.218284,-8387.698151
2022-02-19T06:15:00.000000000,-24103.491159,4482.067946,-10912.36851
2022-02-19T06:30:00.000000000,-23041.254903,3625.73545,-13254.93401
2022-02-19T06:45:00.000000000,-21818.260782,2574.191233,-15376.12011
2022-02-19T07:00:00.000000000,-20475.237122,1321.98709,-17240.16067
2022-02-19T07:15:00.000000000,-19054.486771,-128.331626,-18815.363367
2022-02-19T07:30:00.000000000,-17598.35031,-1766.10338,-20074.627415
2022-02-19T07:45:00.000000000,-16147.669955,-3572.725302,-20995.906743
2022-02-19T08:00:00.000000000,-14740.308241,-5522.123808,-21562.611292
2022-02-19T08:15:00.000000000,-13409.774894,-7581.509444,-21763.938566
2022-02-19T08:30:00.000000000,-12184.013048,-9712.394482,-21595.127262
2022-02-19T08:45:00.000000000,-11084.391946,-11871.841879,-21057.624591
2022-02-19T09:00:00.000000000,-10124.947375,-14013.904993,-20159.159128
2022-02-19T09:15:00.000000000,-9311.903432,-16091.208888,-18913.711583
2022-02-19T09:30:00.000000000,-8643.499893,-18056.616804,-17341.376998
2022-02-19T09:45:00.000000000,-8110.138414,-19864.919815,-15468.113514
2022-02-19T10:00:00.000000000,-7694.848668,-21474.484236,-13325.375121
2022-02-19T10:15:00.000000000,-7374.062431,-22848.790347,-10949.628621
2022-02-19T10:30:00.000000000,-7118.670243,-23957.797962,-8381.758402
2022-02-19T10:45:00.000000000,-6895.322256,-24779.079269,-5666.366287
2022-02-19T11:00:00.000000000,-6667.922882,-25298.667398,-2850.977698
2022-02-19T11:15:00.000000000,-6399.258677,-25511.580154,14.830744
2022-02-19T11:30:00.000000000,-6052.691212,-25421.991813,2880.36355
2022-02-19T11:45:00.000000000,-5593.842185,-25043.04126,5694.77681
2022-02-19T12:00:00.000000000,-4992.196966,-24396.281313,8408.062847
2022-02-19T12:15:00.000000000,-4222.55561,-23510.79074,10972.023888
2022-02-19T12:30:00.000000000,-3266.266856,-22421.986367,13341.209379
2022-02-19T12:45:00.000000000,-2112.190499,-21170.18678,15473.792761
2022-02-19T13:00:00.000000000,-757.346267,-19798.990513,17332.365524
2022-02-19T13:15:00.000000000,792.777928,-18353.539757,18884.629554
2022-02-19T13:30:00.000000000,2524.269549,-16878.744974,20103.97254
2022-02-19T13:45:00.000000000,4415.181906,-15417.546253,20969.915585
2022-02-19T14:00:00.000000000,6436.251216,-14009.283972,21468.426585
2022-02-19T14:15:00.000000000,8551.906046,-12688.244641,21592.097396
2022-02-19T14:30:00.000000000,10721.523285,-11482.438267,21340.186899
2022-02-19T14:45:00.000000000,12900.875647,-10412.651939,20718.535628
2022-02-19T15:00:00.000000000,15043.709633,-9491.811267,19739.360618
2022-02-19T15:15:00.000000000,17103.389611,-8724.667589,18420.941351
2022-02-19T15:30:00.000000000,19034.543345,-8107.815228,16787.209228
2022-02-19T15:45:00.000000000,20794.646536,-7630.030029,14867.253874
2022-02-19T16:00:00.000000000,22345.488509,-7272.908532,12694.759833
2022-02-19T16:15:00.000000000,23654.467548,-7011.776752,10307.387006
2022-02-19T16:30:00.000000000,24695.672284,-6816.82884,7746.107598
2022-02-19T16:45:00.000000000,25450.714468,-6654.449148,5054.511396
2022-02-19T17:00:00.000000000,25909.288044,-6488.666325,2278.090257
2022-02-19T17:15:00.000000000,26069.439339,-6282.685082,-536.488448
2022-02-19T17:30:00.000000000,25937.543149,-6000.440072,-3342.110768
2022-02-19T17:45:00.000000000,25527.989103,-5608.116854,-6091.93971
2022-02-19T18:00:00.000000000,24862.591979,-5075.586934,-8740.126459
2022-02-19T18:15:00.000000000,23969.748183,-4377.707362,-11242.502967
2022-02-19T18:30:00.000000000,22883.368427,-3495.440098,-13557.249943
2022-02-19T18:45:00.000000000,21641.62356,-2416.752244,-15645.534504
2022-02-19T19:00:00.000000000,20285.546368,-1137.265067,-17472.111675
2022-02-19T19:15:00.000000000,18857.536957,339.372405,-19005.883699
2022-02-19T19:30:00.000000000,17399.822844,2001.400989,-20220.410746
2022-02-19T19:45:00.000000000,15952.927094,3829.166776,-21094.366105
2022-02-19T20:00:00.000000000,14554.198572,5795.631337,-21611.928451
2022-02-19T20:15:00.000000000,13236.457528,7867.163835,-21763.103281
2022-02-19T20:30:00.000000000,12026.807236,10004.592171,-21543.965277
2022-02-19T20:45:00.000000000,10945.6581,12164.48051,-20956.813253
2022-02-19T21:00:00.000000000,10006.004585,14300.591346,-20010.229546
2022-02-19T21:15:00.000000000,9212.987361,16365.481876,-18719.036387
2022-02-19T21:30:00.000000000,8563.763533,18312.17739,-17104.142922
2022-02-19T21:45:00.000000000,8047.696604,20095.859105,-15192.278325
2022-02-19T22:00:00.000000000,7646.865521,21675.500702,-13015.608739
2022-02-19T22:15:00.000000000,7336.879014,23015.387249,-10611.238725
2022-02-19T22:30:00.000000000,7087.968038,24086.452482,-8020.60127
2022-02-19T22:45:00.000000000,6866.316232,24867.375827,-5288.744177
2022-02-19T23:00:00.000000000,6635.576484,25345.388915,-2463.52459
2022-02-19T23:15:00.000000000,6358.51185,25516.752727,405.272717
2022-02-19T23:30:00.000000000,5998.691753,25386.88027,3266.874184
2022-02-19T23:45:00.000000000,5522.170359,24970.095255,6070.491286
2022-02-19T00:00:00.000000000,5082.316631,24499.123238,8047.037099
2022-02-19T00:15:00.000000000,4336.742204,23644.124912,10633.985787
2022-02-19T00:30:00.000000000,3406.647183,22580.67571,13032.143648
2022-02-19T00:45:00.000000000,2279.824692,21348.51808,15199.143759
2022-02-19T01:00:00.000000000,952.158728,19990.903331,17096.934855
2022-02-19T01:15:00.000000000,-572.020231,18552.866617,18692.488467
2022-02-19T01:30:00.000000000,-2279.930849,17079.452447,19958.390964
2022-02-19T01:45:00.000000000,-4150.685072,15613.966728,20873.308996
2022-02-19T02:00:00.000000000,-6155.962433,14196.328556,21422.321331
2022-02-19T02:15:00.000000000,-8260.982162,12861.588727,21597.114484
2022-02-19T02:30:00.000000000,-10425.728615,11638.67273,21396.043734
2022-02-19T02:45:00.000000000,-12606.376153,10549.394626,20824.064743
2022-02-19T03:00:00.000000000,-14756.853026,9607.775262,19892.544077
2022-02-19T03:15:00.000000000,-16830.480208,8819.684613,18618.959228
2022-02-19T03:30:00.000000000,-18781.620384,8182.814368,17026.500432
2022-02-19T03:45:00.000000000,-20567.274241,7686.973707,15143.587481
2022-02-19T04:00:00.000000000,-22148.565433,7314.689153,13003.315096
2022-02-19T04:15:00.000000000,-23492.061775,7042.078786,10642.840271
2022-02-19T04:30:00.000000000,-24570.887938,6839.962188,8102.724439
2022-02-19T04:45:00.000000000,-25365.593702,6675.160425,5426.242423
2022-02-19T05:00:00.000000000,-25864.751366,6511.935267,2658.669198
2022-02-19T05:15:00.000000000,-26065.26578,6313.513584,-153.445675
2022-02-19T05:30:00.000000000,-25972.390409,6043.641424,-2963.007099
2022-02-19T05:45:00.000000000,-25599.45255,5668.11258,-5723.099113
2022-02-19T06:00:00.000000000,-24967.300128,5156.218284,-8387.698151
2022-02-19T06:15:00.000000000,-24103.491159,4482.067946,-10912.36851
2022-02-19T06:30:00.000000000,-23041.254903,3625.73545,-13254.93401
2022-02-19T06:45:00.000000000,-21818.260782,2574.191233,-15376.12011
2022-02-19T07:00:00.000000000,-20475.237122,1321.98709,-17240.16067
2022-02-19T07:15:00.000000000,-19054.486771,-128.331626,-18815.363367
2022-02-19T07:30:00.000000000,-17598.35031,-1766.10338,-20074.627415
2022-02-19T07:45:00.000000000,-16147.669955,-3572.725302,-20995.906743
2022-02-19T08:00:00.000000000,-14740.308241,-5522.123808,-21562.611292
2022-02-19T08:15:00.000000000,-13409.774894,-7581.509444,-21763.938566
2022-02-19T08:30:00.000000000,-12184.013048,-9712.394482,-21595.127262
2022-02-19T08:45:00.000000000,-11084.391946,-11871.841879,-21057.624591
2022-02-19T09:00:00.000000000,-10124.947375,-14013.904993,-20159.159128
2022-02-19T09:15:00.000000000,-9311.903432,-16091.208888,-18913.711583
2022-02-19T09:30:00.000000000,-8643.499893,-18056.616804,-17341.376998
2022-02-19T09:45:00.000000000,-8110.138414,-19864.919815,-15468.113514
2022-02-19T10:00:00.000000000,-7694.848668,-21474.484236,-13325.375121
2022-02-19T10:15:00.000000000,-7374.062431,-22848.790347,-10949.628621
2022-02-19T10:30:00.000000000,-7118.670243,-23957.797962,-8381.758402
2022-02-19T10:45:00.000000000,-6895.322256,-24779.079269,-5666.366287
2022-02-19T11:00:00.000000000,-6667.922882,-25298.667398,-2850.977698
2022-02-19T11:15:00.000000000,-6399.258677,-25511.580154,14.830744
2022-02-19T11:30:00.000000000,-6052.691212,-25421.991813,2880.36355
2022-02-19T11:45:00.000000000,-5593.842185,-25043.04126,5694.77681
2022-02-19T12:00:00.000000000,-4992.196966,-24396.281313,8408.062847
2022-02-19T12:15:00.000000000,-4222.55561,-23510.79074,10972.023888
2022-02-19T12:30:00.000000000,-3266.266856,-22421.986367,13341.209379
2022-02-19T12:45:00.000000000,-2112.190499,-21170.18678,15473.792761
2022-02-19T13:00:00.000000000,-757.346267,-19798.990513,17332.365524
2022-02-19T13:15:00.000000000,792.777928,-18353.539757,18884.629554
2022-02-19T13:30:00.000000000,2524.269549,-16878.744974,20103.97254
2022-02-19T13:45:00.000000000,4415.181906,-15417.546253,20969.915585
2022-02-19T14:00:00.000000000,6436.251216,-14009.283972,21468.426585
2022-02-19T14:15:00.000000000,8551.906046,-12688.244641,21592.097396
2022-02-19T14:30:00.000000000,10721.523285,-11482.438267,21340.186899
2022-02-19T14:45:00.000000000,12900.875647,-10412.651939,20718.535628
2022-02-19T15:00:00.000000000,15043.709633,-9491.811267,19739.360618
2022-02-19T15:15:00.000000000,17103.389611,-8724.667589,18420.941351
2022-02-19T15:30:00.000000000,19034.543345,-8107.815228,16787.209228
2022-02-19T15:45:00.000000000,20794.646536,-7630.030029,14867.253874
2022-02-19T16:00:00.000000000,22345.488509,-7272.908532,12694.759833
2022-02-19T16:15:00.000000000,23654.467548,-7011.776752,10307.387006
2022-02-19T16:30:00.000000000,24695.672284,-6816.82884,7746.107598
2022-02-19T16:45:00.000000000,25450.714468,-6654.449148,5054.511396
2022-02-19T17:00:00.000000000,25909.288044,-6488.666325,2278.090257
2022-02-19T17:15:00.000000000,26069.439339,-6282.685082,-536.488448
2022-02-19T17:30:00.000000000,25937.543149,-6000.440072,-3342.110768
2022-02-19T17:45:00.000000000,25527.989103,-5608.116854,-6091.93971
2022-02-19T18:00:00.000000000,24862.591979,-5075.586934,-8740.126459
2022-02-19T18:15:00.000000000,23969.748183,-4377.707362,-11242.502967
2022-02-19T18:30:00.000000000,22883.368427,-3495.440098,-13557.249943
2022-02-19T18:45:00.000000000,21641.62356,-2416.752244,-15645.534504
2022-02-19T19:00:00.000000000,20285.546368,-1137.265067,-17472.111675
2022-02-19T19:15:00.000000000,18857.536957,339.372405,-19005.883699
2022-02-19T19:30:00.000000000,17399.822844,2001.400989,-20220.410746
2022-02-19T19:45:00.000000000,15952.927094,3829.166776,-21094.366105
2022-02-19T20:00:00.000000000,14554.198572,5795.631337,-21611.928451
2022-02-19T20:15:00.000000000,13236.457528,7867.163835,-21763.103281
2022-02-19T20:30:00.000000000,12026.807236,10004.592171,-21543.965277
2022-02-19T20:45:00.000000000,10945.6581,12164.48051,-20956.813253
2022-02-19T21:00:00.000000000,10006.004585,14300.591346,-20010.229546
2022-02-19T21:15:00.000000000,9212.987361,16365.481876,-18719.036387
2022-02-19T21:30:00.000000000,8563.763533,18312.17739,-17104.142922
2022-02-19T21:45:00.000000000,8047.696604,20095.859105,-15192.278325
2022-02-19T22:00:00.000000000,7646.865521,21675.500702,-13015.608739
2022-02-19T22:15:00.000000000,7336.879014,23015.387249,-10611.238725
2022-02-19T22:30:00.000000000,7087.968038,24086.452482,-8020.60127
2022-02-19T22:45:00.000000000,6866.316232,24867.375827,-5288.744177
2022-02-19T23:00:00.000000000,6635.576484,25345.388915,-2463.52459
2022-02-19T23:15:00.000000000,6358.51185,25516.752727,405.272717
2022-02-19T23:30:00.000000000,5998.691753,25386.88027,3266.874184
2022-02-19T23:45:00.000000000,5522.170359,24970.095255,6070.491286
2022-02-19T00:00:00.000000000,5082.316631,24499.123238,8047.037099
2022-02-19T00:15:00.000000000,4336.742204,23644.124912,10633.985787
2022-02-19T00:30:00.000000000,3406.647183,22580.67571,13032.143648
2022-02-19T00:45:00.000000000,2279.824692,21348.51808,15199.143759
2022-02-19T01:00:00.000000000,952.158728,19990.903331,17096.934855
2022-02-19T01:15:00.000000000,-572.020231,18552.866617,18692.488467
2022-02-19T01:30:00.000000000,-2279.930849,17079.452447,19958.390964
2022-02-19T01:45:00.000000000,-4150.685072,15613.966728,20873.308996
2022-02-19T02:00:00.000000000,-6155.962433,14196.328556,21422.321331
2022-02-19T02:15:00.000000000,-8260.982162,12861.588727,21597.114484
2022-02-19T02:30:00.000000000,-10425.728615,11638.67273,21396.043734
2022-02-19T02:45:00.000000000,-12606.376153,10549.394626,20824.064743
2022-02-19T03:00:00.000000000,-14756.853026,9607.775262,19892.544077
2022-02-19T03:15:00.000000000,-16830.480208,8819.684613,18618.959228
2022-02-19T03:30:00.000000000,-18781.620384,8182.814368,17026.500432
2022-02-19T03:45:00.000000000,-20567.274241,7686.973707,15143.587481
2022-02-19T04:00:00.000000000,-22148.565433,7314.689153,13003.315096
2022-02-19T04:15:00.000000000,-23492.061775,7042.078786,10642.840271
2022-02-19T04:30:00.000000000,-24570.887938,6839.962188,8102.724439
2022-02-19T04:45:00.000000000,-25365.593702,6675.160425,5426.242423
2022-02-19T05:00:00.000000000,-25864.751366,6511.935267,2658.669198
2022-02-19T05:15:00.000000000,-26065.26578,6313.513584,-153.445675
2022-02-19T05:30:00.000000000,-25972.390409,6043.641424,-2963.007099
2022-02-19T05:45:00.000000000,-25599.45255,5668.11258,-5723.099113
2022-02-19T06:00:00.000000000,-24967.300128,5156.218284,-8387.698151
2022-02-19T06:15:00.000000000,-24103.491159,4482.067946,-10912.36851
2022-02-19T06:30:00.000000000,-23041.254903,3625.73545,-13254.93401
2022-02-19T06:45:00.000000000,-21818.260782,2574.191233,-15376.12011
2022-02-19T07:00:00.000000000,-20475.237122,1321.98709,-17240.16067
2022-02-19T07:15:00.000000000,-19054.486771,-128.331626,-18815.363367
2022-02-19T07:30:00.000000000,-17598.35031,-1766.10338,-20074.627415
2022-02-19T07:45:00.000000000,-16147.669955,-3572.725302,-20995.906743
2022-02-19T08:00:00.000000000,-14740.308241,-5522.123808,-21562.611292
2022-02-19T08:15:00.000000000,-13409.774894,-7581.509444,-21763.938566
2022-02-19T08:30:00.000000000,-12184.013048,-9712.394482,-21595.127262
2022-02-19T08:45:00.000000000,-11084.391946,-11871.841879,-21057.624591
2022-02-19T09:00:00.000000000,-10124.947375,-14013.904993,-20159.159128
2022-02-19T09:15:00.000000000,-9311.903432,-16091.208888,-18913.711583
2022-02-19T09:30:00.000000000,-8643.499893,-18056.616804,-17341.376998
2022-02-19T09:45:00.000000000,-8110.138414,-19864.919815,-15468.113514
2022-02-19T10:00:00.000000000,-7694.848668,-21474.484236,-13325.375121
2022-02-19T10:15:00.000000000,-7374.062431,-22848.790347,-10949.628621
2022-02-19T10:30:00.000000000,-7118.670243,-23957.797962,-8381.758402
2022-02-19T10:45:00.000000000,-6895.322256,-24779.079269,-5666.366287
2022-02-19T11:00:00.000000000,-6667.922882,-25298.667398,-2850.977698
2022-02-19T11:15:00.000000000,-6399.258677,-25511.580154,14.830744
2022-02-19T11:30:00.000000000,-6052.691212,-25421.991813,2880.36355
2022-02-19T11:45:00.000000000,-5593.842185,-25043.04126,5694.77681
2022-02-19T12:00:00.000000000,-4992.196966,-24396.281313,8408.062847
2022-02-19T12:15:00.000000000,-4222.55561,-23510.79074,10972.023888
2022-02-19T12:30:00.000000000,-3266.266856,-22421.986367,13341.209379
2022-02-19T12:45:00.000000000,-2112.190499,-21170.18678,15473.792761
2022-02-19T13:00:00.000000000,-757.346267,-19798.990513,17332.365524
2022-02-19T13:15:00.000000000,792.777928,-18353.539757,18884.629554
2022-02-19T13:30:00.000000000,2524.269549,-16878.744974,20103.97254
2022-02-19T13:45:00.000000000,4415.181906,-15417.546253,20969.915585
2022-02-19T14:00:00.000000000,6436.251216,-14009.283972,21468.426585
2022-02-19T14:15:00.000000000,8551.906046,-12688.244641,21592.097396
2022-02-19T14:30:00.000000000,10721.523285,-11482.438267,21340.186899
2022-02-19T14:45:00.000000000,12900.875647,-10412.651939,20718.535628
2022-02-19T15:00:00.000000000,15043.709633,-9491.811267,19739.360618
2022-02-19T15:15:00.000000000,17103.389611,-8724.667589,18420.941351
2022-02-19T15:30:00.000000000,19034.543345,-8107.815228,16787.209228
2022-02-19T15:45:00.000000000,20794.646536,-7630.030029,14867.253874
2022-02-19T16:00:00.000000000,22345.488509,-7272.908532,12694.759833
2022-02-19T16:15:00.000000000,23654.467548,-7011.776752,10307.387006
2022-02-19T16:30:00.000000000,24695.672284,-6816.82884,7746.107598
2022-02-19T16:45:00.000000000,25450.714468,-6654.449148,5054.511396
2022-02-19T17:00:00.000000000,25909.288044,-6488.666325,2278.090257
2022-02-19T17:15:00.000000000,26069.439339,-6282.685082,-536.488448
2022-02-19T17:30:00.000000000,25937.543149,-6000.440072,-3342.110768
2022-02-19T17:45:00.000000000,25527.989103,-5608.116854,-6091.93971
2022-02-19T18:00:00.000000000,24862.591979,-5075.586934,-8740.126459
2022-02-19T18:15:00.000000000,23969.748183,-4377.707362,-11242.502967
2022-02-19T18:30:00.000000000,22883.368427,-3495.440098,-13557.249943
2022-02-19T18:45:00.000000000,21641.62356,-2416.752244,-15645.534504
2022-02-19T19:00:00.000000000,20285.546368,-1137.265067,-17472.111675
2022-02-19T19:15:00.000000000,18857.536957,339.372405,-19005.883699
2022-02-19T19:30:00.000000000,17399.822844,2001.400989,-20220.410746
2022-02-19T19:45:00.000000000,15952.927094,3829.166776,-21094.366105
2022-02-19T20:00:00.000000000,14554.198572,5795.631337,-21611.928451
2022-02-19T20:15:00.000000000,13236.457528,7867.163835,-21763.103281
2022-02-19T20:30:00.000000000,12026.807236,10004.592171,-21543.965277
2022-02-19T20:45:00.000000000,10945.6581,12164.48051,-20956.813253
2022-02-19T21:00:00.000000000,10006.004585,14300.591346,-20010.229546
2022-02-19T21:15:00.000000000,9212.987361,16365.481876,-18719.036387
2022-02-19T21:30:00.000000000,8563.763533,18312.17739,-17104.142922
2022-02-19T21:45:00.000000000,8047.696604,20095.859105,-15192.278325
2022-02-19T22:00:00.000000000,7646.865521,21675.500702,-13015.608739
2022-02-19T22:15:00.000000000,7336.879014,23015.387249,-10611.238725
2022-02-19T22:30:00.000000000,7087.968038,24086.452482,-8020.60127
2022-02-19T22:45:00.000000000,6866.316232,24867.375827,-5288.744177
2022-02-19T23:00:00.000000000,6635.576484,25345.388915,-2463.52459
2022-02-19T23:15:00.000000000,6358.51185,25516.752727,405.272717
2022-02-19T23:30:00.000000000,5998.691753,25386.88027,3266.874184
2022-02-19T23:45:00.000000000,5522.170359,24970.095255,6070.491286
2022-02-18T00:00:00.000000000,5253.79485,24691.376638,7316.498102
2022-02-18T00:15:00.000000000,4555.252886,23899.354128,9946.896805
2022-02-18T00:30:00.000000000,3676.856165,22888.89005,12400.676506
2022-02-18T00:45:00.000000000,2604.30333,21698.484724,14634.433877
2022-02-18T01:00:00.000000000,1331.226873,20370.598153,16608.870851
2022-02-18T01:15:00.000000000,-140.35733,18949.951753,18289.530466
2022-02-18T01:30:00.000000000,-1799.949623,17481.759934,19647.421509
2022-02-18T01:45:00.000000000,-3628.816993,16009.967638,20659.519266
2022-02-18T02:00:00.000000000,-5600.580092,14575.568162,21309.134109
2022-02-18T02:15:00.000000000,-7682.108123,13215.07026,21586.144175
2022-02-18T02:30:00.000000000,-9834.680208,11959.175017,21487.092607
2022-02-18T02:45:00.000000000,-12015.361587,10831.712203,21015.153652
2022-02-18T03:00:00.000000000,-14178.535767,9848.873138,20179.97514
2022-02-18T03:15:00.000000000,-16277.529222,9018.763662,18997.4074
2022-02-18T03:30:00.000000000,-18266.263797,8341.286968,17489.13051
2022-02-18T03:45:00.000000000,-20100.873195,7808.352771,15682.192906
2022-02-18T04:00:00.000000000,-21741.223571,7404.396848,13608.474859
2022-02-18T04:15:00.000000000,-23152.283944,7107.18395,11304.090353
2022-02-18T04:30:00.000000000,-24305.299469,6888.857721,8808.74035
2022-02-18T04:45:00.000000000,-25178.729189,6717.193665,6165.02971
2022-02-18T05:00:00.000000000,-25758.919174,6557.005563,3417.759029
2022-02-18T05:15:00.000000000,-26040.49185,6371.652011,613.201579
2022-02-18T05:30:00.000000000,-26026.442223,6124.587777,-2201.625546
2022-02-18T05:45:00.000000000,-25727.941499,5780.904588,-4979.687961
2022-02-18T06:00:00.000000000,-25163.858042,5308.807305,-7674.650959
2022-02-18T06:15:00.000000000,-24360.014462,4680.974417,-10241.580406
2022-02-18T06:30:00.000000000,-23348.20778,3875.755973,-12637.621436
2022-02-18T06:45:00.000000000,-22165.026892,2878.167525,-14822.64918
2022-02-18T07:00:00.000000000,-20850.507866,1680.645099,-16759.885768
2022-02-18T07:15:00.000000000,-19446.672876,283.533674,-18416.477641
2022-02-18T07:30:00.000000000,-17996.002612,-1304.710158,-19764.026958
2022-02-18T07:45:00.000000000,-16539.894746,-3067.611785,-20779.070386
2022-02-18T08:00:00.000000000,-15117.162427,-4981.069348,-21443.498036
2022-02-18T08:15:00.000000000,-13762.626554,-7014.032897,-21744.904847
2022-02-18T08:30:00.000000000,-12505.853789,-9129.453118,-21676.866265
2022-02-18T08:45:00.000000000,-11370.0887,-11285.470925,-21239.129884
2022-02-18T09:00:00.000000000,-10371.423078,-13436.809744,-20437.714765
2022-02-18T09:15:00.000000000,-9518.238311,-15536.323551,-19284.910643
2022-02-18T09:30:00.000000000,-8810.94775,-17536.646048,-17799.170162
2022-02-18T09:45:00.000000000,-8242.055473,-19391.880326,-16004.888789
2022-02-18T10:00:00.000000000,-7796.535946,-21059.264281,-13932.069147
2022-02-18T10:15:00.000000000,-7452.526194,-22500.745347,-11615.8692
2022-02-18T10:30:00.000000000,-7182.308768,-23684.399248,-9096.036907
2022-02-18T10:45:00.000000000,-6953.550565,-24585.63157,-6416.237619
2022-02-18T11:00:00.000000000,-6730.750249,-25188.108122,-3623.28437
2022-02-18T11:15:00.000000000,-6476.836242,-25484.370283,-766.285132
2022-02-18T11:30:00.000000000,-6154.848869,-25476.10435,2104.275235
2022-02-18T11:45:00.000000000,-5729.634772,-25174.048846,4937.497308
2022-02-18T12:00:00.000000000,-5169.47974,-24597.540075,7683.050313
2022-02-18T12:15:00.000000000,-4447.607836,-23773.71292,10292.151236
2022-02-18T12:30:00.000000000,-3543.480226,-22736.390101,12718.514441
2022-02-18T12:45:00.000000000,-2443.836118,-21524.707792,14919.247158
2022-02-18T13:00:00.000000000,-1143.430223,-20181.537654,16855.668013
2022-02-18T13:15:00.000000000,354.564535,-18751.774498,18494.028679
2022-02-18T13:30:00.000000000,2038.504651,-17280.564113,19806.122322
2022-02-18T13:45:00.000000000,3888.573476,-15811.54737,20769.766767
2022-02-18T14:00:00.000000000,5877.412178,-14385.194404,21369.154732
2022-02-18T14:15:00.000000000,7971.053646,-13037.296875,21595.067982
2022-02-18T14:30:00.000000000,10130.116391,-11797.67746,21444.956403
2022-02-18T14:45:00.000000000,12311.20565,-10689.164655,20922.886799
2022-02-18T15:00:00.000000000,14468.461999,-9726.868118,20039.369291
2022-02-18T15:15:00.000000000,16555.193744,-8917.776265,18811.071676
2022-02-18T15:30:00.000000000,18525.528207,-8260.684033,17260.433828
2022-02-18T15:45:00.000000000,20336.018677,-7746.445534,15415.195277
2022-02-18T16:00:00.000000000,21947.147683,-7358.534016,13307.849494
2022-02-18T16:15:00.000000000,23324.673226,-7073.880791,10975.038365
2022-02-18T16:30:00.000000000,24440.772095,-6863.955593,8456.899775
2022-02-18T16:45:00.000000000,25274.943113,-6696.043517,5796.380431
2022-02-18T17:00:00.000000000,25814.642554,-6534.668349,3038.525046
2022-02-18T17:15:00.000000000,26055.633882,-6343.108539,229.751949
2022-02-18T17:30:00.000000000,26002.043855,-6084.95043,-2582.875954
2022-02-18T17:45:00.000000000,25666.126821,-5725.623427,-5352.376836
2022-02-18T18:00:00.000000000,25067.748398,-5233.863392,-8032.565122
2022-02-18T18:15:00.000000000,24233.608484,-4583.053676,-10578.749711
2022-02-18T18:30:00.000000000,23196.231596,-3752.397605,-12948.40921
2022-02-18T18:45:00.000000000,21992.759669,-2727.881796,-15101.838398
2022-02-18T19:00:00.000000000,20663.588661,-1502.996286,-17002.760164
2022-02-18T19:15:00.000000000,19250.895357,-79.185025,-18618.896936
2022-02-18T19:30:00.000000000,17797.104701,1533.991396,-19922.495302
2022-02-18T19:45:00.000000000,16343.350471,3318.989984,-20890.797067
2022-02-18T20:00:00.000000000,14927.983376,5250.71614,-21506.449436
2022-02-18T20:15:00.000000000,13585.18015,7297.240859,-21757.846559
2022-02-18T20:30:00.000000000,12343.705221,9420.784176,-21639.394247
2022-02-18T20:45:00.000000000,11225.872749,11578.934815,-21151.689523
2022-02-18T21:00:00.000000000,10246.75118,13726.066645,-20301.606764
2022-02-18T21:15:00.000000000,9413.645088,15814.903862,-19102.282737
2022-02-18T21:30:00.000000000,8725.879908,17798.179386,-17572.993846
2022-02-18T21:45:00.000000000,8174.904407,19630.325121,-15738.920492
2022-02-18T22:00:00.000000000,7744.713682,21269.128976,-13630.795596
2022-02-18T22:15:00.000000000,7412.582512,22677.292187,-11284.437139
2022-02-18T22:30:00.000000000,7150.085524,23823.822024,-8740.167805
2022-02-18T22:45:00.000000000,6924.367474,24685.199473,-6042.128498
2022-02-18T23:00:00.000000000,6699.61484,25246.269074,-3237.496446
2022-02-18T23:15:00.000000000,6438.669381,25500.808721,-375.622452
2022-02-18T23:30:00.000000000,6104.716318,25451.750349,2492.894466
2022-02-18T23:45:00.000000000,5662.974774,25111.037633,5317.173679
2022-02-19T00:00:00.000000000,5082.316631,24499.123238,8047.037099
2022-02-19T00:15:00.000000000,4336.742204,23644.124912,10633.985787
2022-02-19T00:30:00.000000000,3406.647183,22580.67571,13032.143648
2022-02-19T00:45:00.000000000,2279.824692,21348.51808,15199.143759
2022-02-19T01:00:00.000000000,952.158728,19990.903331,17096.934855
2022-02-19T01:15:00.000000000,-572.020231,18552.866617,18692.488467
2022-02-19T01:30:00.000000000,-2279.930849,17079.452447,19958.390964
2022-02-19T01:45:00.000000000,-4150.685072,15613.966728,20873.308996
2022-02-19T02:00:00.000000000,-6155.962433,14196.328556,21422.321331
2022-02-19T02:15:00.000000000,-8260.982162,12861.588727,21597.114484
2022-02-19T02:30:00.000000000,-10425.728615,11638.67273,21396.043734
2022-02-19T02:45:00.000000000,-12606.376153,10549.394626,20824.064743
2022-02-19T03:00:00.000000000,-14756.853026,9607.775262,19892.544077
2022-02-19T03:15:00.000000000,-16830.480208,8819.684613,18618.959228
2022-02-19T03:30:00.000000000,-18781.620384,8182.814368,17026.500432
2022-02-19T03:45:00.000000000,-20567.274241,7686.973707,15143.587481
2022-02-19T04:00:00.000000000,-22148.565433,7314.689153,13003.315096
2022-02-19T04:15:00.000000000,-23492.061775,7042.078786,10642.840271
2022-02-19T04:30:00.000000000,-24570.887938,6839.962188,8102.724439
2022-02-19T04:45:00.000000000,-25365.593702,6675.160425,5426.242423
2022-02-19T05:00:00.000000000,-25864.751366,6511.935267,2658.669198
2022-02-19T05:15:00.000000000,-26065.26578,6313.513584,-153.445675
2022-02-19T05:30:00.000000000,-25972.390409,6043.641424,-2963.007099
2022-02-19T05:45:00.000000000,-25599.45255,5668.11258,-5723.099113
2022-02-19T06:00:00.000000000,-24967.300128,5156.218284,-8387.698151
2022-02-19T06:15:00.000000000,-24103.491159,4482.067946,-10912.36851
2022-02-19T06:30:00.000000000,-23041.254903,3625.73545,-13254.93401
2022-02-19T06:45:00.000000000,-21818.260782,2574.191233,-15376.12011
2022-02-19T07:00:00.000000000,-20475.237122,1321.98709,-17240.16067
2022-02-19T07:15:00.000000000,-19054.486771,-128.331626,-18815.363367
2022-02-19T07:30:00.000000000,-17598.35031,-1766.10338,-20074.627415
2022-02-19T07:45:00.000000000,-16147.669955,-3572.725302,-20995.906743
2022-02-19T08:00:00.000000000,-14740.308241,-5522.123808,-21562.611292
2022-02-19T08:15:00.000000000,-13409.774894,-7581.509444,-21763.938566
2022-02-19T08:30:00.000000000,-12184.013048,-9712.394482,-21595.127262
2022-02-19T08:45:00.000000000,-11084.391946,-11871.841879,-21057.624591
2022-02-19T09:00:00.000000000,-10124.947375,-14013.904993,-20159.159128
2022-02-19T09:15:00.000000000,-9311.903432,-16091.208888,-18913.711583
2022-02-19T09:30:00.000000000,-8643.499893,-18056.616804,-17341.376998
2022-02-19T09:45:00.000000000,-8110.138414,-19864.919815,-15468.113514
2022-02-19T10:00:00.000000000,-7694.848668,-21474.484236,-13325.375121
2022-02-19T10:15:00.000000000,-7374.062431,-22848.790347,-10949.628621
2022-02-19T10:30:00.000000000,-7118.670243,-23957.797962,-8381.758402
2022-02-19T10:45:00.000000000,-6895.322256,-24779.079269,-5666.366287
2022-02-19T11:00:00.000000000,-6667.922882,-25298.667398,-2850.977698
2022-02-19T11:15:00.000000000,-6399.258677,-25511.580154,14.830744
2022-02-19T11:30:00.000000000,-6052.691212,-25421.991813,2880.36355
2022-02-19T11:45:00.000000000,-5593.842185,-25043.04126,5694.77681
2022-02-19T12:00:00.000000000,-4992.196966,-24396.281313,8408.062847
2022-02-19T12:15:00.000000000,-4222.55561,-23510.79074,10972.023888
2022-02-19T12:30:00.000000000,-3266.266856,-22421.986367,13341.209379
2022-02-19T12:45:00.000000000,-2112.190499,-21170.18678,15473.792761
2022-02-19T13:00:00.000000000,-757.346267,-19798.990513,17332.365524
2022-02-19T13:15:00.000000000,792.777928,-18353.539757,18884.629554
2022-02-19T13:30:00.000000000,2524.269549,-16878.744974,20103.97254
2022-02-19T13:45:00.000000000,4415.181906,-15417.546253,20969.915585
2022-02-19T14:00:00.000000000,6436.251216,-14009.283972,21468.426585
2022-02-19T14:15:00.000000000,8551.906046,-12688.244641,21592.097396
2022-02-19T14:30:00.000000000,10721.523285,-11482.438267,21340.186899
2022-02-19T14:45:00.000000000,12900.875647,-10412.651939,20718.535628
2022-02-19T15:00:00.000000000,15043.709633,-9491.811267,19739.360618
2022-02-19T15:15:00.000000000,17103.389611,-8724.667589,18420.941351
2022-02-19T15:30:00.000000000,19034.543345,-8107.815228,16787.209228
2022-02-19T15:45:00.000000000,20794.646536,-7630.030029,14867.253874
2022-02-19T16:00:00.000000000,22345.488509,-7272.908532,12694.759833
2022-02-19T16:15:00.000000000,23654.467548,-7011.776752,10307.387006
2022-02-19T16:30:00.000000000,24695.672284,-6816.82884,7746.107598
2022-02-19T16:45:00.000000000,25450.714468,-6654.449148,5054.511396
2022-02-19T17:00:00.000000000,25909.288044,-6488.666325,2278.090257
2022-02-19T17:15:00.000000000,26069.439339,-6282.685082,-536.488448
2022-02-19T17:30:00.000000000,25937.543149,-6000.440072,-3342.110768
2022-02-19T17:45:00.000000000,25527.989103,-5608.116854,-6091.93971
2022-02-19T18:00:00.000000000,24862.591979,-5075.586934,-8740.126459
2022-02-19T18:15:00.000000000,23969.748183,-4377.707362,-11242.502967
2022-02-19T18:30:00.000000000,22883.368427,-3495.440098,-13557.249943
2022-02-19T18:45:00.000000000,21641.62356,-2416.752244,-15645.534504
2022-02-19T19:00:00.000000000,20285.546368,-1137.265067,-17472.111675
2022-02-19T19:15:00.000000000,18857.536957,339.372405,-19005.883699
2022-02-19T19:30:00.000000000,17399.822844,2001.400989,-20220.410746
2022-02-19T19:45:00.000000000,15952.927094,3829.166776,-21094.366105
2022-02-19T20:00:00.000000000,14554.198572,5795.631337,-21611.928451
2022-02-19T20:15:00.000000000,13236.457528,7867.163835,-21763.103281
2022-02-19T20:30:00.000000000,12026.807236,10004.592171,-21543.965277
2022-02-19T20:45:00.000000000,10945.6581,12164.48051,-20956.813253
2022-02-19T21:00:00.000000000,10006.004585,14300.591346,-20010.229546
2022-02-19T21:15:00.000000000,9212.987361,16365.481876,-18719.036387
2022-02-19T21:30:00.000000000,8563.763533,18312.17739,-17104.142922
2022-02-19T21:45:00.000000000,8047.696604,20095.859105,-15192.278325
2022-02-19T22:00:00.000000000,7646.865521,21675.500702,-13015.608739
2022-02-19T22:15:00.000000000,7336.879014,23015.387249,-10611.238725
2022-02-19T22:30:00.000000000,7087.968038,24086.452482,-8020.60127
2022-02-19T22:45:00.000000000,6866.316232,24867.375827,-5288.744177
2022-02-19T23:00:00.000000000,6635.576484,25345.388915,-2463.52459
2022-02-19T23:15:00.000000000,6358.51185,25516.752727,405.272717
2022-02-19T23:30:00.000000000,5998.691753,25386.88027,3266.874184
2022-02-19T23:45:00.000000000,5522.170359,24970.095255,6070.491286
2022-02-18T00:00:00.000000000,5253.79485,24691.376638,7316.498102
2022-02-18T00:15:00.000000000,4555.252886,23899.354128,9946.896805
2022-02-18T00:30:00.000000000,3676.856165,22888.89005,12400.676506
2022-02-18T00:45:00.000000000,2604.30333,21698.484724,14634.433877
2022-02-18T01:00:00.000000000,1331.226873,20370.598153,16608.870851
2022-02-18T01:15:00.000000000,-140.35733,18949.951753,18289.530466
2022-02-18T01:30:00.000000000,-1799.949623,17481.759934,19647.421509
2022-02-18T01:45:00.000000000,-3628.816993,16009.967638,20659.519266
2022-02-18T02:00:00.000000000,-5600.580092,14575.568162,21309.134109
2022-02-18T02:15:00.000000000,-7682.108123,13215.07026,21586.144175
2022-02-18T02:30:00.000000000,-9834.680208,11959.175017,21487.092607
2022-02-18T02:45:00.000000000,-12015.361587,10831.712203,21015.153652
2022-02-18T03:00:00.000000000,-14178.535767,9848.873138,20179.97514
2022-02-18T03:15:00.000000000,-16277.529222,9018.763662,18997.4074
2022-02-18T03:30:00.000000000,-18266.263797,8341.286968,17489.13051
2022-02-18T03:45:00.000000000,-20100.873195,7808.352771,15682.192906
2022-02-18T04:00:00.000000000,-21741.223571,7404.396848,13608.474859
2022-02-18T04:15:00.000000000,-23152.283944,7107.18395,11304.090353
2022-02-18T04:30:00.000000000,-24305.299469,6888.857721,8808.74035
2022-02-18T04:45:00.000000000,-25178.729189,6717.193665,6165.02971
2022-02-18T05:00:00.000000000,-25758.919174,6557.005563,3417.759029
2022-02-18T05:15:00.000000000,-26040.49185,6371.652011,613.201579
2022-02-18T05:30:00.000000000,-26026.442223,6124.587777,-2201.625546
2022-02-18T05:45:00.000000000,-25727.941499,5780.904588,-4979.687961
2022-02-18T06:00:00.000000000,-25163.858042,5308.807305,-7674.650959
2022-02-18T06:15:00.000000000,-24360.014462,4680.974417,-10241.580406
2022-02-18T06:30:00.000000000,-23348.20778,3875.755973,-12637.621436
2022-02-18T06:45:00.000000000,-22165.026892,2878.167525,-14822.64918
2022-02-18T07:00:00.000000000,-20850.507866,1680.645099,-16759.885768
2022-02-18T07:15:00.000000000,-19446.672876,283.533674,-18416.477641
2022-02-18T07:30:00.000000000,-17996.002612,-1304.710158,-19764.026958
2022-02-18T07:45:00.000000000,-16539.894746,-3067.611785,-20779.070386
2022-02-18T08:00:00.000000000,-15117.162427,-4981.069348,-21443.498036
2022-02-18T08:15:00.000000000,-13762.626554,-7014.032897,-21744.904847
2022-02-18T08:30:00.000000000,-12505.853789,-9129.453118,-21676.866265
2022-02-18T08:45:00.000000000,-11370.0887,-11285.470925,-21239.129884
2022-02-18T09:00:00.000000000,-10371.423078,-13436.809744,-20437.714765
2022-02-18T09:15:00.000000000,-9518.238311,-15536.323551,-19284.910643
2022-02-18T09:30:00.000000000,-8810.94775,-17536.646048,-17799.170162
2022-02-18T09:45:00.000000000,-8242.055473,-19391.880326,-16004.888789
2022-02-18T10:00:00.000000000,-7796.535946,-21059.264281,-13932.069147
2022-02-18T10:15:00.000000000,-7452.526194,-22500.745347,-11615.8692
2022-02-18T10:30:00.000000000,-7182.308768,-23684.399248,-9096.036907
2022-02-18T10:45:00.000000000,-6953.550565,-24585.63157,-6416.237619
2022-02-18T11:00:00.000000000,-6730.750249,-25188.108122,-3623.28437
2022-02-18T11:15:00.000000000,-6476.836242,-25484.370283,-766.285132
2022-02-18T11:30:00.000000000,-6154.848869,-25476.10435,2104.275235
2022-02-18T11:45:00.000000000,-5729.634772,-25174.048846,4937.497308
2022-02-18T12:00:00.000000000,-5169.47974,-24597.540075,7683.050313
2022-02-18T12:15:00.000000000,-4447.607836,-23773.71292,10292.151236
2022-02-18T12:30:00.000000000,-3543.480226,-22736.390101,12718.514441
2022-02-18T12:45:00.000000000,-2443.836118,-21524.707792,14919.247158
2022-02-18T13:00:00.000000000,-1143.430223,-20181.537654,16855.668013
2022-02-18T13:15:00.000000000,354.564535,-18751.774498,18494.028679
2022-02-18T13:30:00.000000000,2038.504651,-17280.564113,19806.122322
2022-02-18T13:45:00.000000000,3888.573476,-15811.54737,20769.766767
2022-02-18T14:00:00.000000000,5877.412178,-14385.194404,21369.154732
2022-02-18T14:15:00.000000000,7971.053646,-13037.296875,21595.067982
2022-02-18T14:30:00.000000000,10130.116391,-11797.67746,21444.956403
2022-02-18T14:45:00.000000000,12311.20565,-10689.164655,20922.886799
2022-02-18T15:00:00.000000000,14468.461999,-9726.868118,20039.369291
2022-02-18T15:15:00.000000000,16555.193744,-8917.776265,18811.071676
2022-02-18T15:30:00.000000000,18525.528207,-8260.684033,17260.433828
2022-02-18T15:45:00.000000000,20336.018677,-7746.445534,15415.195277
2022-02-18T16:00:00.000000000,21947.147683,-7358.534016,13307.849494
2022-02-18T16:15:00.000000000,23324.673226,-7073.880791,10975.038365
2022-02-18T16:30:00.000000000,24440.772095,-6863.955593,8456.899775
2022-02-18T16:45:00.000000000,25274.943113,-6696.043517,5796.380431
2022-02-18T17:00:00.000000000,25814.642554,-6534.668349,3038.525046
2022-02-18T17:15:00.000000000,26055.633882,-6343.108539,229.751949
2022-02-18T17:30:00.000000000,26002.043855,-6084.95043,-2582.875954
2022-02-18T17:45:00.000000000,25666.126821,-5725.623427,-5352.376836
2022-02-18T18:00:00.000000000,25067.748398,-5233.863392,-8032.565122
2022-02-18T18:15:00.000000000,24233.608484,-4583.053676,-10578.749711
2022-02-18T18:30:00.000000000,23196.231596,-3752.397605,-12948.40921
2022-02-18T18:45:00.000000000,21992.759669,-2727.881796,-15101.838398
2022-02-18T19:00:00.000000000,20663.588661,-1502.996286,-17002.760164
2022-02-18T19:15:00.000000000,19250.895357,-79.185025,-18618.896936
2022-02-18T19:30:00.000000000,17797.104701,1533.991396,-19922.495302
2022-02-18T19:45:00.000000000,16343.350471,3318.989984,-20890.797067
2022-02-18T20:00:00.000000000,14927.983376,5250.71614,-21506.449436
2022-02-18T20:15:00.000000000,13585.18015,7297.240859,-21757.846559
2022-02-18T20:30:00.000000000,12343.705221,9420.784176,-21639.394247
2022-02-18T20:45:00.000000000,11225.872749,11578.934815,-21151.689523
2022-02-18T21:00:00.000000000,10246.75118,13726.066645,-20301.606764
2022-02-18T21:15:00.000000000,9413.645088,15814.903862,-19102.282737
2022-02-18T21:30:00.000000000,8725.879908,17798.179386,-17572.993846
2022-02-18T21:45:00.000000000,8174.904407,19630.325121,-15738.920492
2022-02-18T22:00:00.000000000,7744.713682,21269.128976,-13630.795596
2022-02-18T22:15:00.000000000,7412.582512,22677.292187,-11284.437139
2022-02-18T22:30:00.000000000,7150.085524,23823.822024,-8740.167805
2022-02-18T22:45:00.000000000,6924.367474,24685.199473,-6042.128498
2022-02-18T23:00:00.000000000,6699.61484,25246.269074,-3237.496446
2022-02-18T23:15:00.000000000,6438.669381,25500.808721,-375.622452
2022-02-18T23:30:00.000000000,6104.716318,25451.750349,2492.894466
2022-02-18T23:45:00.000000000,5662.974774,25111.037633,5317.173679
2022-02-19T00:00:00.000000000,5082.316631,24499.123238,8047.037099
2022-02-19T00:15:00.000000000,4336.742204,23644.124912,10633.985787
2022-02-19T00:30:00.000000000,3406.647183,22580.67571,13032.143648
2022-02-19T00:45:00.000000000,2279.824692,21348.51808,15199.143759
2022-02-19T01:00:00.000000000,952.158728,19990.903331,17096.934855
2022-02-19T01:15:00.000000000,-572.020231,18552.866617,18692.488467
2022-02-19T01:30:00.000000000,-2279.930849,17079.452447,19958.390964
2022-02-19T01:45:00.000000000,-4150.685072,15613.966728,20873.308996
2022-02-19T02:00:00.000000000,-6155.962433,14196.328556,21422.321331
2022-02-19T02:15:00.000000000,-8260.982162,12861.588727,21597.114484
2022-02-19T02:30:00.000000000,-10425.728615,11638.67273,21396.043734
2022-02-19T02:45:00.000000000,-12606.376153,10549.394626,20824.064743
2022-02-19T03:00:00.000000000,-14756.853026,9607.775262,19892.544077
2022-02-19T03:15:00.000000000,-16830.480208,8819.684613,18618.959228
2022-02-19T03:30:00.000000000,-18781.620384,8182.814368,17026.500432
2022-02-19T03:45:00.000000000,-20567.274241,7686.973707,15143.587481
2022-02-19T04:00:00.000000000,-22148.565433,7314.689153,13003.315096
2022-02-19T04:15:00.000000000,-23492.061775,7042.078786,10642.840271
2022-02-19T04:30:00.000000000,-24570.887938,6839.962188,8102.724439
2022-02-19T04:45:00.000000000,-25365.593702,6675.160425,5426.242423
2022-02-19T05:00:00.000000000,-25864.751366,6511.935267,2658.669198
2022-02-19T05:15:00.000000000,-26065.26578,6313.513584,-153.445675
2022-02-19T05:30:00.000000000,-25972.390409,6043.641424,-2963.007099
2022-02-19T05:45:00.000000000,-25599.45255,5668.11258,-5723.099113
2022-02-19T06:00:00.000000000,-24967.300128,5156.218284,-8387.698151
2022-02-19T06:15:00.000000000,-24103.491159,4482.067946,-10912.36851
2022-02-19T06:30:00.000000000,-23041.254903,3625.73545,-13254.93401
2022-02-19T06:45:00.000000000,-21818.260782,2574.191233,-15376.12011
2022-02-19T07:00:00.000000000,-20475.237122,1321.98709,-17240.16067
2022-02-19T07:15:00.000000000,-19054.486771,-128.331626,-18815.363367
2022-02-19T07:30:00.000000000,-17598.35031,-1766.10338,-20074.627415
2022-02-19T07:45:00.000000000,-16147.669955,-3572.725302,-20995.906743
2022-02-19T08:00:00.000000000,-14740.308241,-5522.123808,-21562.611292
2022-02-19T08:15:00.000000000,-13409.774894,-7581.509444,-21763.938566
2022-02-19T08:30:00.000000000,-12184.013048,-9712.394482,-21595.127262
2022-02-19T08:45:00.000000000,-11084.391946,-11871.841879,-21057.624591
2022-02-19T09:00:00.000000000,-10124.947375,-14013.904993,-20159.159128
2022-02-19T09:15:00.000000000,-9311.903432,-16091.208888,-18913.711583
2022-02-19T09:30:00.000000000,-8643.499893,-18056.616804,-17341.376998
2022-02-19T09:45:00.000000000,-8110.138414,-19864.919815,-15468.113514
2022-02-19T10:00:00.000000000,-7694.848668,-21474.484236,-13325.375121
2022-02-19T10:15:00.000000000,-7374.062431,-22848.790347,-10949.628621
2022-02-19T10:30:00.000000000,-7118.670243,-23957.797962,-8381.758402
2022-02-19T10:45:00.000000000,-6895.322256,-24779.079269,-5666.366287
2022-02-19T11:00:00.000000000,-6667.922882,-25298.667398,-2850.977698
2022-02-19T11:15:00.000000000,-6399.258677,-25511.580154,14.830744
2022-02-19T11:30:00.000000000,-6052.691212,-25421.991813,2880.36355
2022-02-19T11:45:00.000000000,-5593.842185,-25043.04126,5694.77681
2022-02-19T12:00:00.000000000,-4992.196966,-24396.281313,8408.062847
2022-02-19T12:15:00.000000000,-4222.55561,-23510.79074,10972.023888
2022-02-19T12:30:00.000000000,-3266.266856,-22421.986367,13341.209379
2022-02-19T12:45:00.000000000,-2112.190499,-21170.18678,15473.792761
2022-02-19T13:00:00.000000000,-757.346267,-19798.990513,17332.365524
2022-02-19T13:15:00.000000000,792.777928,-18353.539757,18884.629554
2022-02-19T13:30:00.000000000,2524.269549,-16878.744974,20103.97254
2022-02-19T13:45:00.000000000,4415.181906,-15417.546253,20969.915585
2022-02-19T14:00:00.000000000,6436.251216,-14009.283972,21468.426585
2022-02-19T14:15:00.000000000,8551.906046,-12688.244641,21592.097396
2022-02-19T14:30:00.000000000,10721.523285,-11482.438267,21340.186899
2022-02-19T14:45:00.000000000,12900.875647,-10412.651939,20718.535628
2022-02-19T15:00:00.000000000,15043.709633,-9491.811267,19739.360618
2022-02-19T15:15:00.000000000,17103.389611,-8724.667589,18420.941351
2022-02-19T15:30:00.000000000,19034.543345,-8107.815228,16787.209228
2022-02-19T15:45:00.000000000,20794.646536,-7630.030029,14867.253874
2022-02-19T16:00:00.000000000,22345.488509,-7272.908532,12694.759833
2022-02-19T16:15:00.000000000,23654.467548,-7011.776752,10307.387006
2022-02-19T16:30:00.000000000,24695.672284,-6816.82884,7746.107598
2022-02-19T16:45:00.000000000,25450.714468,-6654.449148,5054.511396
2022-02-19T17:00:00.000000000,25909.288044,-6488.666325,2278.090257
2022-02-19T17:15:00.000000000,26069.439339,-6282.685082,-536.488448
2022-02-19T17:30:00.000000000,25937.543149,-6000.440072,-3342.110768
2022-02-19T17:45:00.000000000,25527.989103,-5608.116854,-6091.93971
2022-02-19T18:00:00.000000000,24862.591979,-5075.586934,-8740.126459
2022-02-19T18:15:00.000000000,23969.748183,-4377.707362,-11242.502967
2022-02-19T18:30:00.000000000,22883.368427,-3495.440098,-13557.249943
2022-02-19T18:45:00.000000000,21641.62356,-2416.752244,-15645.534504
2022-02-19T19:00:00.000000000,20285.546368,-1137.265067,-17472.111675
2022-02-19T19:15:00.000000000,18857.536957,339.372405,-19005.883699
2022-02-19T19:30:00.000000000,17399.822844,2001.400989,-20220.410746
2022-02-19T19:45:00.000000000,15952.927094,3829.166776,-21094.366105
2022-02-19T20:00:00.000000000,14554.198572,5795.631337,-21611.928451
2022-02-19T20:15:00.000000000,13236.457528,7867.163835,-21763.103281
2022-02-19T20:30:00.000000000,12026.807236,10004.592171,-21543.965277
2022-02-19T20:45:00.000000000,10945.6581,12164.48051,-20956.813253
2022-02-19T21:00:00.000000000,10006.004585,14300.591346,-20010.229546
2022-02-19T21:15:00.000000000,9212.987361,16365.481876,-18719.036387
2022-02-19T21:30:00.000000000,8563.763533,18312.17739,-17104.142922
2022-02-19T21:45:00.000000000,8047.696604,20095.859105,-15192.278325
2022-02-19T22:00:00.000000000,7646.865521,21675.500702,-13015.608739
2022-02-19T22:15:00.000000000,7336.879014,23015.387249,-10611.238725
2022-02-19T22:30:00.000000000,7087.968038,24086.452482,-8020.60127
2022-02-19T22:45:00.000000000,6866.316232,24867.375827,-5288.744177
2022-02-19T23:00:00.000000000,6635.576484,25345.388915,-2463.52459
2022-02-19T23:15:00.000000000,6358.51185,25516.752727,405.272717
2022-02-19T23:30:00.000000000,5998.691753,25386.88027,3266.874184
2022-02-19T23:45:00.000000000,5522.170359,24970.095255,6070.491286
2022-02-18T00:00:00.000000000,5253.79485,24691.376638,7316.498102
2022-02-18T00:15:00.000000000,4555.252886,23899.354128,9946.896805
2022-02-18T00:30:00.000000000,3676.856165,22888.89005,12400.676506
2022-02-18T00:45:00.000000000,2604.30333,21698.484724,14634.433877
2022-02-18T01:00:00.000000000,1331.226873,20370.598153,16608.870851
2022-02-18T01:15:00.000000000,-140.35733,18949.951753,18289.530466
2022-02-18T01:30:00.000000000,-1799.949623,17481.759934,19647.421509
2022-02-18T01:45:00.000000000,-3628.816993,16009.967638,20659.519266
2022-02-18T02:00:00.000000000,-5600.580092,14575.568162,21309.134109
2022-02-18T02:15:00.000000000,-7682.108123,13215.07026,21586.144175
2022-02-18T02:30:00.000000000,-9834.680208,11959.175017,21487.092607
2022-02-18T02:45:00.000000000,-12015.361587,10831.712203,21015.153652
2022-02-18T03:00:00.000000000,-14178.535767,9848.873138,20179.97514
2022-02-18T03:15:00.000000000,-16277.529222,9018.763662,18997.4074
2022-02-18T03:30:00.000000000,-18266.263797,8341.286968,17489.13051
2022-02-18T03:45:00.000000000,-20100.873195,7808.352771,15682.192906
2022-02-18T04:00:00.000000000,-21741.223571,7404.396848,13608.474859
2022-02-18T04:15:00.000000000,-23152.283944,7107.18395,11304.090353
2022-02-18T04:30:00.000000000,-24305.299469,6888.857721,8808.74035
2022-02-18T04:45:00.000000000,-25178.729189,6717.193665,6165.02971
2022-02-18T05:00:00.000000000,-25758.919174,6557.005563,3417.759029
2022-02-18T05:15:00.000000000,-26040.49185,6371.652011,613.201579
2022-02-18T05:30:00.000000000,-26026.442223,6124.587777,-2201.625546
2022-02-18T05:45:00.000000000,-25727.941499,5780.904588,-4979.687961
2022-02-18T06:00:00.000000000,-25163.858042,5308.807305,-7674.650959
2022-02-18T06:15:00.000000000,-24360.014462,4680.974417,-10241.580406
2022-02-18T06:30:00.000000000,-23348.20778,3875.755973,-12637.621436
2022-02-18T06:45:00.000000000,-22165.026892,2878.167525,-14822.64918
2022-02-18T07:00:00.000000000,-20850.507866,1680.645099,-16759.885768
2022-02-18T07:15:00.000000000,-19446.672876,283.533674,-18416.477641
2022-02-18T07:30:00.000000000,-17996.002612,-1304.710158,-19764.026958
2022-02-18T07:45:00.000000000,-16539.894746,-3067.611785,-20779.070386
2022-02-18T08:00:00.000000000,-15117.162427,-4981.069348,-21443.498036
2022-02-18T08:15:00.000000000,-13762.626554,-7014.032897,-21744.904847
2022-02-18T08:30:00.000000000,-12505.853789,-9129.453118,-21676.866265
2022-02-18T08:45:00.000000000,-11370.0887,-11285.470925,-21239.129884
2022-02-18T09:00:00.000000000,-10371.423078,-13436.809744,-20437.714765
2022-02-18T09:15:00.000000000,-9518.238311,-15536.323551,-19284.910643
2022-02-18T09:30:00.000000000,-8810.94775,-17536.646048,-17799.170162
2022-02-18T09:45:00.000000000,-8242.055473,-19391.880326,-16004.888789
2022-02-18T10:00:00.000000000,-7796.535946,-21059.264281,-13932.069147
2022-02-18T10:15:00.000000000,-7452.526194,-22500.745347,-11615.8692
2022-02-18T10:30:00.000000000,-7182.308768,-23684.399248,-9096.036907
2022-02-18T10:45:00.000000000,-6953.550565,-24585.63157,-6416.237619
2022-02-18T11:00:00.000000000,-6730.750249,-25188.108122,-3623.28437
2022-02-18T11:15:00.000000000,-6476.836242,-25484.370283,-766.285132
2022-02-18T11:30:00.000000000,-6154.848869,-25476.10435,2104.275235
2022-02-18T11:45:00.000000000,-5729.634772,-25174.048846,4937.497308
2022-02-18T12:00:00.000000000,-5169.47974,-24597.540075,7683.050313
2022-02-18T12:15:00.000000000,-4447.607836,-23773.71292,10292.151236
2022-02-18T12:30:00.000000000,-3543.480226,-22736.390101,12718.514441
2022-02-18T12:45:00.000000000,-2443.836118,-21524.707792,14919.247158
2022-02-18T13:00:00.000000000,-1143.430223,-20181.537654,16855.668013
2022-02-18T13:15:00.000000000,354.564535,-18751.774498,18494.028679
2022-02-18T13:30:00.000000000,2038.504651,-17280.564113,19806.122322
2022-02-18T13:45:00.000000000,3888.573476,-15811.54737,20769.766767
2022-02-18T14:00:00.000000000,5877.412178,-14385.194404,21369.154732
2022-02-18T14:15:00.000000000,7971.053646,-13037.296875,21595.067982
2022-02-18T14:30:00.000000000,10130.116391,-11797.67746,21444.956403
2022-02-18T14:45:00.000000000,12311.20565,-10689.164655,20922.886799
2022-02-18T15:00:00.000000000,14468.461999,-9726.868118,20039.369291
2022-02-18T15:15:00.000000000,16555.193744,-8917.776265,18811.071676
2022-02-18T15:30:00.000000000,18525.528207,-8260.684033,17260.433828
2022-02-18T15:45:00.000000000,20336.018677,-7746.445534,15415.195277
2022-02-18T16:00:00.000000000,21947.147683,-7358.534016,13307.849494
2022-02-18T16:15:00.000000000,23324.673226,-7073.880791,10975.038365
2022-02-18T16:30:00.000000000,24440.772095,-6863.955593,8456.899775
2022-02-18T16:45:00.000000000,25274.943113,-6696.043517,5796.380431
2022-02-18T17:00:00.000000000,25814.642554,-6534.668349,3038.525046
2022-02-18T17:15:00.000000000,26055.633882,-6343.108539,229.751949
2022-02-18T17:30:00.000000000,26002.043855,-6084.95043,-2582.875954
2022-02-18T17:45:00.000000000,25666.126821,-5725.623427,-5352.376836
2022-02-18T18:00:00.000000000,25067.748398,-5233.863392,-8032.565122
2022-02-18T18:15:00.000000000,24233.608484,-4583.053676,-10578.749711
2022-02-18T18:30:00.000000000,23196.231596,-3752.397605,-12948.40921
2022-02-18T18:45:00.000000000,21992.759669,-2727.881796,-15101.838398
2022-02-18T19:00:00.000000000,20663.588661,-1502.996286,-17002.760164
2022-02-18T19:15:00.000000000,19250.895357,-79.185025,-18618.896936
2022-02-18T19:30:00.000000000,17797.104701,1533.991396,-19922.495302
2022-02-18T19:45:00.000000000,16343.350471,3318.989984,-20890.797067
2022-02-18T20:00:00.000000000,14927.983376,5250.71614,-21506.449436
2022-02-18T20:15:00.000000000,13585.18015,7297.240859,-21757.846559
2022-02-18T20:30:00.000000000,12343.705221,9420.784176,-21639.394247
2022-02-18T20:45:00.000000000,11225.872749,11578.934815,-21151.689523
2022-02-18T21:00:00.000000000,10246.75118,13726.066645,-20301.606764
2022-02-18T21:15:00.000000000,9413.645088,15814.903862,-19102.282737
2022-02-18T21:30:00.000000000,8725.879908,17798.179386,-17572.993846
2022-02-18T21:45:00.000000000,8174.904407,19630.325121,-15738.920492
2022-02-18T22:00:00.000000000,7744.713682,21269.128976,-13630.795596
2022-02-18T22:15:00.000000000,7412.582512,22677.292187,-11284.437139
2022-02-18T22:30:00.000000000,7150.085524,23823.822024,-8740.167805
2022-02-18T22:45:00.000000000,6924.367474,24685.199473,-6042.128498
2022-02-18T23:00:00.000000000,6699.61484,25246.269074,-3237.496446
2022-02-18T23:15:00.000000000,6438.669381,25500.808721,-375.622452
2022-02-18T23:30:00.000000000,6104.716318,25451.750349,2492.894466
2022-02-18T23:45:00.000000000,5662.974774,25111.037633,5317.173679
2022-02-19T00:00:00.000000000,5082.316631,24499.123238,8047.037099
2022-02-19T00:15:00.000000000,4336.742204,23644.124912,10633.985787
2022-02-19T00:30:00.000000000,3406.647183,22580.67571,13032.143648
2022-02-19T00:45:00.000000000,2279.824692,21348.51808,15199.143759
2022-02-19T01:00:00.000000000,952.158728,19990.903331,17096.934855
2022-02-19T01:15:00.000000000,-572.020231,18552.866617,18692.488467
2022-02-19T01:30:00.000000000,-2279.930849,17079.452447,19958.390964
2022-02-19T01:45:00.000000000,-4150.685072,15613.966728,20873.308996
2022-02-19T02:00:00.000000000,-6155.962433,14196.328556,21422.321331
2022-02-19T02:15:00.000000000,-8260.982162,12861.588727,21597.114484
2022-02-19T02:30:00.000000000,-10425.728615,11638.67273,21396.043734
2022-02-19T02:45:00.000000000,-12606.376153,10549.394626,20824.064743
2022-02-19T03:00:00.000000000,-14756.853026,9607.775262,19892.544077
2022-02-19T03:15:00.000000000,-16830.480208,8819.684613,18618.959228
2022-02-19T03:30:00.000000000,-18781.620384,8182.814368,17026.500432
2022-02-19T03:45:00.000000000,-20567.274241,7686.973707,15143.587481
2022-02-19T04:00:00.000000000,-22148.565433,7314.689153,13003.315096
2022-02-19T04:15:00.000000000,-23492.061775,7042.078786,10642.840271
2022-02-19T04:30:00.000000000,-24570.887938,6839.962188,8102.724439
2022-02-19T04:45:00.000000000,-25365.593702,6675.160425,5426.242423
2022-02-19T05:00:00.000000000,-25864.751366,6511.935267,2658.669198
2022-02-19T05:15:00.000000000,-26065.26578,6313.513584,-153.445675
2022-02-19T05:30:00.000000000,-25972.390409,6043.641424,-2963.007099
2022-02-19T05:45:00.000000000,-25599.45255,5668.11258,-5723.099113
2022-02-19T06:00:00.000000000,-24967.300128,5156.218284,-8387.698151
2022-02-19T06:15:00.000000000,-24103.491159,4482.067946,-10912.36851
2022-02-19T06:30:00.000000000,-23041.254903,3625.73545,-13254.93401
2022-02-19T06:45:00.000000000,-21818.260782,2574.191233,-15376.12011
2022-02-19T07:00:00.000000000,-20475.237122,1321.98709,-17240.16067
2022-02-19T07:15:00.000000000,-19054.486771,-128.331626,-18815.363367
2022-02-19T07:30:00.000000000,-17598.35031,-1766.10338,-20074.627415
2022-02-19T07:45:00.000000000,-16147.669955,-3572.725302,-20995.906743
2022-02-19T08:00:00.000000000,-14740.308241,-5522.123808,-21562.611292
2022-02-19T08:15:00.000000000,-13409.774894,-7581.509444,-21763.938566
2022-02-19T08:30:00.000000000,-12184.013048,-9712.394482,-21595.127262
2022-02-19T08:45:00.000000000,-11084.391946,-11871.841879,-21057.624591
2022-02-19T09:00:00.000000000,-10124.947375,-14013.904993,-20159.159128
2022-02-19T09:15:00.000000000,-9311.903432,-16091.208888,-18913.711583
2022-02-19T09:30:00.000000000,-8643.499893,-18056.616804,-17341.376998
2022-02-19T09:45:00.000000000,-8110.138414,-19864.919815,-15468.113514
2022-02-19T10:00:00.000000000,-7694.848668,-21474.484236,-13325.375121
2022-02-19T10:15:00.000000000,-7374.062431,-22848.790347,-10949.628621
2022-02-19T10:30:00.000000000,-7118.670243,-23957.797962,-8381.758402
2022-02-19T10:45:00.000000000,-6895.322256,-24779.079269,-5666.366287
2022-02-19T11:00:00.000000000,-6667.922882,-25298.667398,-2850.977698
2022-02-19T11:15:00.000000000,-6399.258677,-25511.580154,14.830744
2022-02-19T11:30:00.000000000,-6052.691212,-25421.991813,2880.36355
2022-02-19T11:45:00.000000000,-5593.842185,-25043.04126,5694.77681
2022-02-19T12:00:00.000000000,-4992.196966,-24396.281313,8408.062847
2022-02-19T12:15:00.000000000,-4222.55561,-23510.79074,10972.023888
2022-02-19T12:30:00.000000000,-3266.266856,-22421.986367,13341.209379
2022-02-19T12:45:00.000000000,-2112.190499,-21170.18678,15473.792761
2022-02-19T13:00:00.000000000,-757.346267,-19798.990513,17332.365524
2022-02-19T13:15:00.000000000,792.777928,-18353.539757,18884.629554
2022-02-19T13:30:00.000000000,2524.269549,-16878.744974,20103.97254
2022-02-19T13:45:00.000000000,4415.181906,-15417.546253,20969.915585
2022-02-19T14:00:00.000000000,6436.251216,-14009.283972,21468.426585
2022-02-19T14:15:00.000000000,8551.906046,-12688.244641,21592.097396
2022-02-19T14:30:00.000000000,10721.523285,-11482.438267,21340.186899
2022-02-19T14:45:00.000000000,12900.875647,-10412.651939,20718.535628
2022-02-19T15:00:00.000000000,15043.709633,-9491.811267,19739.360618
2022-02-19T15:15:00.000000000,17103.389611,-8724.667589,18420.941351
2022-02-19T15:30:00.000000000,19034.543345,-8107.815228,16787.209228
2022-02-19T15:45:00.000000000,20794.646536,-7630.030029,14867.253874
2022-02-19T16:00:00.000000000,22345.488509,-7272.908532,12694.759833
2022-02-19T16:15:00.000000000,23654.467548,-7011.776752,10307.387006
2022-02-19T16:30:00.000000000,24695.672284,-6816.82884,7746.107598
2022-02-19T16:45:00.000000000,25450.714468,-6654.449148,5054.511396
2022-02-19T17:00:00.000000000,25909.288044,-6488.666325,2278.090257
2022-02-19T17:15:00.000000000,26069.439339,-6282.685082,-536.488448
2022-02-19T17:30:00.000000000,25937.543149,-6000.440072,-3342.110768
2022-02-19T17:45:00.000000000,25527.989103,-5608.116854,-6091.93971
2022-02-19T18:00:00.000000000,24862.591979,-5075.586934,-8740.126459
2022-02-19T18:15:00.000000000,23969.748183,-4377.707362,-11242.502967
2022-02-19T18:30:00.000000000,22883.368427,-3495.440098,-13557.249943
2022-02-19T18:45:00.000000000,21641.62356,-2416.752244,-15645.534504
2022-02-19T19:00:00.000000000,20285.546368,-1137.265067,-17472.111675
2022-02-19T19:15:00.000000000,18857.536957,339.372405,-19005.883699
2022-02-19T19:30:00.000000000,17399.822844,2001.400989,-20220.410746
2022-02-19T19:45:00.000000000,15952.927094,3829.166776,-21094.366105
2022-02-19T20:00:00.000000000,14554.198572,5795.631337,-21611.928451
2022-02-19T20:15:00.000000000,13236.457528,7867.163835,-21763.103281
2022-02-19T20:30:00.000000000,12026.807236,10004.592171,-21543.965277
2022-02-19T20:45:00.000000000,10945.6581,12164.48051,-20956.813253
2022-02-19T21:00:00.000000000,10006.004585,14300.591346,-20010.229546
2022-02-19T21:15:00.000000000,9212.987361,16365.481876,-18719.036387
2022-02-19T21:30:00.000000000,8563.763533,18312.17739,-17104.142922
2022-02-19T21:45:00.000000000,8047.696604,20095.859105,-15192.278325
2022-02-19T22:00:00.000000000,7646.865521,21675.500702,-13015.608739
2022-02-19T22:15:00.000000000,7336.879014,23015.387249,-10611.238725
2022-02-19T22:30:00.000000000,7087.968038,24086.452482,-8020.60127
2022-02-19T22:45:00.000000000,6866.316232,24867.375827,-5288.744177
2022-02-19T23:00:00.000000000,6635.576484,25345.388915,-2463.52459
2022-02-19T23:15:00.000000000,6358.51185,25516.752727,405.272717
2022-02-19T23:30:00.000000000,5998.691753,25386.88027,3266.874184
2022-02-19T23:45:00.000000000,5522.170359,24970.095255,6070.491286
