2022-02-19T00:00:00.000000000,-12563.435409,-23133.393347,-3591.650154
2022-02-19T00:15:00.000000000,-12440.996808,-23463.770657,-748.750706
2022-02-19T00:30:00.000000000,-12183.045433,-23516.123231,2107.023023
2022-02-19T00:45:00.000000000,-11757.625076,-23309.677116,4926.563043
2022-02-19T01:00:00.000000000,-11137.942277,-22870.860364,7661.381576
2022-02-19T01:15:00.000000000,-10303.587139,-22232.203208,10264.444309
2022-02-19T01:30:00.000000000,-9241.512515,-21431.014769,12690.97871
2022-02-19T01:45:00.000000000,-7946.732986,-20507.887676,14899.243505
2022-02-19T02:00:00.000000000,-6422.715848,-19505.088617,16851.246083
2022-02-19T02:15:00.000000000,-4681.448172,-18464.897141,18513.395591
2022-02-19T02:30:00.000000000,-2743.176499,-17427.956989,19857.080565
2022-02-19T02:45:00.000000000,-635.828336,-16431.70367,20859.1613
2022-02-19T03:00:00.000000000,1605.863177,-15508.92897,21502.368588
2022-02-19T03:15:00.000000000,3941.498618,-14686.53779,21775.602053
2022-02-19T03:30:00.000000000,6326.372703,-13984.545213,21674.122969
2022-02-19T03:45:00.000000000,8713.004282,-13415.352439,21199.638194
2022-02-19T04:00:00.000000000,11052.777877,-12983.329453,20360.273619
2022-02-19T04:15:00.000000000,13297.634322,-12684.720437,19170.437409
2022-02-19T04:30:00.000000000,15401.746081,-12507.875451,17650.575072
2022-02-19T04:45:00.000000000,17323.113307,-12433.799289,15826.820289
2022-02-19T05:00:00.000000000,19025.019582,-12436.996057,13730.547202
2022-02-19T05:15:00.000000000,20477.291593,-12486.57652,11397.831611
2022-02-19T05:30:00.000000000,21657.314454,-12547.58495,8868.830165
2022-02-19T05:45:00.000000000,22550.763741,-12582.493598,6187.088183
2022-02-19T06:00:00.000000000,23152.026242,-12552.806277,3398.788069
2022-02-19T06:15:00.000000000,23464.293474,-12420.708172,551.951433
2022-02-19T06:30:00.000000000,23499.324709,-12150.697158,-2304.391051
2022-02-19T06:45:00.000000000,23276.889136,-11711.13252,-5121.047386
2022-02-19T07:00:00.000000000,22823.909275,-11075.640201,-7849.514625
2022-02-19T07:15:00.000000000,22173.339348,-10224.319286,-10442.816819
2022-02-19T07:30:00.000000000,21362.822649,-9144.702209,-12856.315807
2022-02-19T07:45:00.000000000,20433.180417,-7832.43077,-15048.480653
2022-02-19T08:00:00.000000000,19426.791217,-6291.621189,-16981.602364
2022-02-19T08:15:00.000000000,18385.923904,-4534.903466,-18622.441622
2022-02-19T08:30:00.000000000,17351.088894,-2583.132992,-19942.798522
2022-02-19T08:45:00.000000000,16359.471578,-464.785019,-20919.994776
2022-02-19T09:00:00.000000000,15443.508349,1784.945216,-21537.2604
2022-02-19T09:15:00.000000000,14629.66004,4125.302598,-21784.01861
2022-02-19T09:30:00.000000000,13937.42982,6511.348404,-21656.064357
2022-02-19T09:45:00.000000000,13378.663038,8895.500445,-21155.633752
2022-02-19T10:00:00.000000000,12957.155597,11229.178539,-20291.363388
2022-02-19T10:15:00.000000000,12668.585481,13464.492724,-19078.140395
2022-02-19T10:30:00.000000000,12500.769607,15555.910081,-17536.845819
2022-02-19T10:45:00.000000000,12434.235639,17461.836732,-15693.995685
2022-02-19T11:00:00.000000000,12443.086221,19146.05488,-13581.285756
2022-02-19T11:15:00.000000000,12496.121859,20578.960205,-11235.047648
2022-02-19T11:30:00.000000000,12558.178608,21738.552585,-8695.625447
2022-02-19T11:45:00.000000000,12591.628452,22611.142498,-6006.683384
2022-02-19T12:00:00.000000000,12557.983898,23191.746364,-3214.456326
2022-02-19T12:15:00.000000000,12419.544209,23484.156034,-366.955879
2022-02-19T12:30:00.000000000,12141.019073,23500.680161,2486.854261
2022-02-19T12:45:00.000000000,11691.066281,23261.567816,5297.899528
2022-02-19T13:00:00.000000000,11043.683295,22794.136996,8017.837766
2022-02-19T13:15:00.000000000,10179.398201,22131.642018,10599.89001
2022-02-19T13:30:00.000000000,9086.213268,21311.923873,12999.644442
2022-02-19T13:45:00.000000000,7760.26388,20375.895959,15175.819688
2022-02-19T14:00:00.000000000,6206.166605,19365.923905,17090.974353
2022-02-19T14:15:00.000000000,4437.042125,18324.162242,18712.150671
2022-02-19T14:30:00.000000000,2474.211282,17290.912254,20011.441286
2022-02-19T14:45:00.000000000,346.575096,16303.064477,20966.469561
2022-02-19T15:00:00.000000000,-1910.298279,15392.685954,21560.775238
2022-02-19T15:15:00.000000000,-4255.345404,14585.806751,21784.098907
2022-02-19T15:30:00.000000000,-6643.393993,13901.45249,21632.560407
2022-02-19T15:45:00.000000000,-9026.711453,13350.960175,21108.728012
2022-02-19T16:00:00.000000000,-11356.656752,12937.603613,20221.577097
2022-02-19T16:15:00.000000000,-13585.372787,12656.542803,18986.338744
2022-02-19T16:30:00.000000000,-15667.454738,12495.099113,17424.240638
2022-02-19T16:45:00.000000000,-17561.530734,12433.345447,15562.144378
2022-02-19T17:00:00.000000000,-19231.69434,12444.988369,13432.085163
2022-02-19T17:15:00.000000000,-20648.734014,12498.507729,11070.72151
2022-02-19T17:30:00.000000000,-21791.112412,12558.509303,8518.704307
2022-02-19T17:45:00.000000000,-22645.657963,12587.237518,5819.976009
2022-02-19T18:00:00.000000000,-23207.942306,12546.189041,3021.012097
2022-02-19T18:15:00.000000000,-23482.329297,12397.763954,170.018065
2022-02-19T18:30:00.000000000,-23481.694064,12106.889711,-2683.903954
2022-02-19T18:45:00.000000000,-23226.823438,11642.554078,-5491.604191
2022-02-19T19:00:00.000000000,-22745.52149,10979.186762,-8204.734868
2022-02-19T19:15:00.000000000,-22071.455379,10097.835382,-10776.585405
2022-02-19T19:30:00.000000000,-21242.786773,8987.089451,-13162.888535
2022-02-19T19:45:00.000000000,-20300.642387,7643.715865,-15322.583208
2022-02-19T20:00:00.000000000,-19287.483316,6072.980724,-17218.521068
2022-02-19T20:15:00.000000000,-18245.436626,4288.644419,-18818.104355
2022-02-19T20:30:00.000000000,-17214.653954,2312.629663,-20093.84447
2022-02-19T20:45:00.000000000,-16231.760644,174.374749,-21023.831808
2022-02-19T21:00:00.000000000,-15328.455261,-2090.103582,-21592.109157
2022-02-19T21:15:00.000000000,-14530.313345,-4439.402112,-21788.942576
2022-02-19T21:30:00.000000000,-13855.841269,-6828.132685,-21610.985464
2022-02-19T21:45:00.000000000,-13315.81629,-9208.480057,-21061.333282
2022-02-19T22:00:00.000000000,-12912.937806,-11531.856823,-20149.468191
2022-02-19T22:15:00.000000000,-12641.802803,-13750.592526,-18891.09469
2022-02-19T22:30:00.000000000,-12489.205957,-15819.592718,-17307.869068
2022-02-19T22:45:00.000000000,-12434.75236,-17697.9049,-15427.027251
2022-02-19T23:00:00.000000000,-12451.758772,-19350.131779,-13280.917294
2022-02-19T23:15:00.000000000,-12508.408165,-20747.638084,-10906.44436
2022-02-19T23:30:00.000000000,-12569.112542,-21869.505064,-8344.437526
2022-02-19T23:45:00.000000000,-12596.030895,-22703.196415,-5638.949142
2022-02-19T00:00:00.000000000,-12563.435409,-23133.393347,-3591.650154
2022-02-19T00:15:00.000000000,-12440.996808,-23463.770657,-748.750706
2022-02-19T00:30:00.000000000,-12183.045433,-23516.123231,2107.023023
2022-02-19T00:45:00.000000000,-11757.625076,-23309.677116,4926.563043
2022-02-19T01:00:00.000000000,-11137.942277,-22870.860364,7661.381576
2022-02-19T01:15:00.000000000,-10303.587139,-22232.203208,10264.444309
2022-02-19T01:30:00.000000000,-9241.512515,-21431.014769,12690.97871
2022-02-19T01:45:00.000000000,-7946.732986,-20507.887676,14899.243505
2022-02-19T02:00:00.000000000,-6422.715848,-19505.088617,16851.246083
2022-02-19T02:15:00.000000000,-4681.448172,-18464.897141,18513.395591
2022-02-19T02:30:00.000000000,-2743.176499,-17427.956989,19857.080565
2022-02-19T02:45:00.000000000,-635.828336,-16431.70367,20859.1613
2022-02-19T03:00:00.000000000,1605.863177,-15508.92897,21502.368588
2022-02-19T03:15:00.000000000,3941.498618,-14686.53779,21775.602053
2022-02-19T03:30:00.000000000,6326.372703,-13984.545213,21674.122969
2022-02-19T03:45:00.000000000,8713.004282,-13415.352439,21199.638194
2022-02-19T04:00:00.000000000,11052.777877,-12983.329453,20360.273619
2022-02-19T04:15:00.000000000,13297.634322,-12684.720437,19170.437409
2022-02-19T04:30:00.000000000,15401.746081,-12507.875451,17650.575072
2022-02-19T04:45:00.000000000,17323.113307,-12433.799289,15826.820289
2022-02-19T05:00:00.000000000,19025.019582,-12436.996057,13730.547202
2022-02-19T05:15:00.000000000,20477.291593,-12486.57652,11397.831611
2022-02-19T05:30:00.000000000,21657.314454,-12547.58495,8868.830165
2022-02-19T05:45:00.000000000,22550.763741,-12582.493598,6187.088183
2022-02-19T06:00:00.000000000,23152.026242,-12552.806277,3398.788069
2022-02-19T06:15:00.000000000,23464.293474,-12420.708172,551.951433
2022-02-19T06:30:00.000000000,23499.324709,-12150.697158,-2304.391051
2022-02-19T06:45:00.000000000,23276.889136,-11711.13252,-5121.047386
2022-02-19T07:00:00.000000000,22823.909275,-11075.640201,-7849.514625
2022-02-19T07:15:00.000000000,22173.339348,-10224.319286,-10442.816819
2022-02-19T07:30:00.000000000,21362.822649,-9144.702209,-12856.315807
2022-02-19T07:45:00.000000000,20433.180417,-7832.43077,-15048.480653
2022-02-19T08:00:00.000000000,19426.791217,-6291.621189,-16981.602364
2022-02-19T08:15:00.000000000,18385.923904,-4534.903466,-18622.441622
2022-02-19T08:30:00.000000000,17351.088894,-2583.132992,-19942.798522
2022-02-19T08:45:00.000000000,16359.471578,-464.785019,-20919.994776
2022-02-19T09:00:00.000000000,15443.508349,1784.945216,-21537.2604
2022-02-19T09:15:00.000000000,14629.66004,4125.302598,-21784.01861
2022-02-19T09:30:00.000000000,13937.42982,6511.348404,-21656.064357
2022-02-19T09:45:00.000000000,13378.663038,8895.500445,-21155.633752
2022-02-19T10:00:00.000000000,12957.155597,11229.178539,-20291.363388
2022-02-19T10:15:00.000000000,12668.585481,13464.492724,-19078.140395
2022-02-19T10:30:00.000000000,12500.769607,15555.910081,-17536.845819
2022-02-19T10:45:00.000000000,12434.235639,17461.836732,-15693.995685
2022-02-19T11:00:00.000000000,12443.086221,19146.05488,-13581.285756
2022-02-19T11:15:00.000000000,12496.121859,20578.960205,-11235.047648
2022-02-19T11:30:00.000000000,12558.178608,21738.552585,-8695.625447
2022-02-19T11:45:00.000000000,12591.628452,22611.142498,-6006.683384
2022-02-19T12:00:00.000000000,12557.983898,23191.746364,-3214.456326
2022-02-19T12:15:00.000000000,12419.544209,23484.156034,-366.955879
2022-02-19T12:30:00.000000000,12141.019073,23500.680161,2486.854261
2022-02-19T12:45:00.000000000,11691.066281,23261.567816,5297.899528
2022-02-19T13:00:00.000000000,11043.683295,22794.136996,8017.837766
2022-02-19T13:15:00.000000000,10179.398201,22131.642018,10599.89001
2022-02-19T13:30:00.000000000,9086.213268,21311.923873,12999.644442
2022-02-19T13:45:00.000000000,7760.26388,20375.895959,15175.819688
2022-02-19T14:00:00.000000000,6206.166605,19365.923905,17090.974353
2022-02-19T14:15:00.000000000,4437.042125,18324.162242,18712.150671
2022-02-19T14:30:00.000000000,2474.211282,17290.912254,20011.441286
2022-02-19T14:45:00.000000000,346.575096,16303.064477,20966.469561
2022-02-19T15:00:00.000000000,-1910.298279,15392.685954,21560.775238
2022-02-19T15:15:00.000000000,-4255.345404,14585.806751,21784.098907
2022-02-19T15:30:00.000000000,-6643.393993,13901.45249,21632.560407
2022-02-19T15:45:00.000000000,-9026.711453,13350.960175,21108.728012
2022-02-19T16:00:00.000000000,-11356.656752,12937.603613,20221.577097
2022-02-19T16:15:00.000000000,-13585.372787,12656.542803,18986.338744
2022-02-19T16:30:00.000000000,-15667.454738,12495.099113,17424.240638
2022-02-19T16:45:00.000000000,-17561.530734,12433.345447,15562.144378
2022-02-19T17:00:00.000000000,-19231.69434,12444.988369,13432.085163
2022-02-19T17:15:00.000000000,-20648.734014,12498.507729,11070.72151
2022-02-19T17:30:00.000000000,-21791.112412,12558.509303,8518.704307
2022-02-19T17:45:00.000000000,-22645.657963,12587.237518,5819.976009
2022-02-19T18:00:00.000000000,-23207.942306,12546.189041,3021.012097
2022-02-19T18:15:00.000000000,-23482.329297,12397.763954,170.018065
2022-02-19T18:30:00.000000000,-23481.694064,12106.889711,-2683.903954
2022-02-19T18:45:00.000000000,-23226.823438,11642.554078,-5491.604191
2022-02-19T19:00:00.000000000,-22745.52149,10979.186762,-8204.734868
2022-02-19T19:15:00.000000000,-22071.455379,10097.835382,-10776.585405
2022-02-19T19:30:00.000000000,-21242.786773,8987.089451,-13162.888535
2022-02-19T19:45:00.000000000,-20300.642387,7643.715865,-15322.583208
2022-02-19T20:00:00.000000000,-19287.483316,6072.980724,-17218.521068
2022-02-19T20:15:00.000000000,-18245.436626,4288.644419,-18818.104355
2022-02-19T20:30:00.000000000,-17214.653954,2312.629663,-20093.84447
2022-02-19T20:45:00.000000000,-16231.760644,174.374749,-21023.831808
2022-02-19T21:00:00.000000000,-15328.455261,-2090.103582,-21592.109157
2022-02-19T21:15:00.000000000,-14530.313345,-4439.402112,-21788.942576
2022-02-19T21:30:00.000000000,-13855.841269,-6828.132685,-21610.985464
2022-02-19T21:45:00.000000000,-13315.81629,-9208.480057,-21061.333282
2022-02-19T22:00:00.000000000,-12912.937806,-11531.856823,-20149.468191
2022-02-19T22:15:00.000000000,-12641.802803,-13750.592526,-18891.09469
2022-02-19T22:30:00.000000000,-12489.205957,-15819.592718,-17307.869068
2022-02-19T22:45:00.000000000,-12434.75236,-17697.9049,-15427.027251
2022-02-19T23:00:00.000000000,-12451.758772,-19350.131779,-13280.917294
2022-02-19T23:15:00.000000000,-12508.408165,-20747.638084,-10906.44436
2022-02-19T23:30:00.000000000,-12569.112542,-21869.505064,-8344.437526
2022-02-19T23:45:00.000000000,-12596.030895,-22703.196415,-5638.949142
2022-02-19T00:00:00.000000000,-12563.435409,-23133.393347,-3591.650154
2022-02-19T00:15:00.000000000,-12440.996808,-23463.770657,-748.750706
2022-02-19T00:30:00.000000000,-12183.045433,-23516.123231,2107.023023
2022-02-19T00:45:00.000000000,-11757.625076,-23309.677116,4926.563043
2022-02-19T01:00:00.000000000,-11137.942277,-22870.860364,7661.381576
2022-02-19T01:15:00.000000000,-10303.587139,-22232.203208,10264.444309
2022-02-19T01:30:00.000000000,-9241.512515,-21431.014769,12690.97871
2022-02-19T01:45:00.000000000,-7946.732986,-20507.887676,14899.243505
2022-02-19T02:00:00.000000000,-6422.715848,-19505.088617,16851.246083
2022-02-19T02:15:00.000000000,-4681.448172,-18464.897141,18513.395591
2022-02-19T02:30:00.000000000,-2743.176499,-17427.956989,19857.080565
2022-02-19T02:45:00.000000000,-635.828336,-16431.70367,20859.1613
2022-02-19T03:00:00.000000000,1605.863177,-15508.92897,21502.368588
2022-02-19T03:15:00.000000000,3941.498618,-14686.53779,21775.602053
2022-02-19T03:30:00.000000000,6326.372703,-13984.545213,21674.122969
2022-02-19T03:45:00.000000000,8713.004282,-13415.352439,21199.638194
2022-02-19T04:00:00.000000000,11052.777877,-12983.329453,20360.273619
2022-02-19T04:15:00.000000000,13297.634322,-12684.720437,19170.437409
2022-02-19T04:30:00.000000000,15401.746081,-12507.875451,17650.575072
2022-02-19T04:45:00.000000000,17323.113307,-12433.799289,15826.820289
2022-02-19T05:00:00.000000000,19025.019582,-12436.996057,13730.547202
2022-02-19T05:15:00.000000000,20477.291593,-12486.57652,11397.831611
2022-02-19T05:30:00.000000000,21657.314454,-12547.58495,8868.830165
2022-02-19T05:45:00.000000000,22550.763741,-12582.493598,6187.088183
2022-02-19T06:00:00.000000000,23152.026242,-12552.806277,3398.788069
2022-02-19T06:15:00.000000000,23464.293474,-12420.708172,551.951433
2022-02-19T06:30:00.000000000,23499.324709,-12150.697158,-2304.391051
2022-02-19T06:45:00.000000000,23276.889136,-11711.13252,-5121.047386
2022-02-19T07:00:00.000000000,22823.909275,-11075.640201,-7849.514625
2022-02-19T07:15:00.000000000,22173.339348,-10224.319286,-10442.816819
2022-02-19T07:30:00.000000000,21362.822649,-9144.702209,-12856.315807
2022-02-19T07:45:00.000000000,20433.180417,-7832.43077,-15048.480653
2022-02-19T08:00:00.000000000,19426.791217,-6291.621189,-16981.602364
2022-02-19T08:15:00.000000000,18385.923904,-4534.903466,-18622.441622
2022-02-19T08:30:00.000000000,17351.088894,-2583.132992,-19942.798522
2022-02-19T08:45:00.000000000,16359.471578,-464.785019,-20919.994776
2022-02-19T09:00:00.000000000,15443.508349,1784.945216,-21537.2604
2022-02-19T09:15:00.000000000,14629.66004,4125.302598,-21784.01861
2022-02-19T09:30:00.000000000,13937.42982,6511.348404,-21656.064357
2022-02-19T09:45:00.000000000,13378.663038,8895.500445,-21155.633752
2022-02-19T10:00:00.000000000,12957.155597,11229.178539,-20291.363388
2022-02-19T10:15:00.000000000,12668.585481,13464.492724,-19078.140395
2022-02-19T10:30:00.000000000,12500.769607,15555.910081,-17536.845819
2022-02-19T10:45:00.000000000,12434.235639,17461.836732,-15693.995685
2022-02-19T11:00:00.000000000,12443.086221,19146.05488,-13581.285756
2022-02-19T11:15:00.000000000,12496.121859,20578.960205,-11235.047648
2022-02-19T11:30:00.000000000,12558.178608,21738.552585,-8695.625447
2022-02-19T11:45:00.000000000,12591.628452,22611.142498,-6006.683384
2022-02-19T12:00:00.000000000,12557.983898,23191.746364,-3214.456326
2022-02-19T12:15:00.000000000,12419.544209,23484.156034,-366.955879
2022-02-19T12:30:00.000000000,12141.019073,23500.680161,2486.854261
2022-02-19T12:45:00.000000000,11691.066281,23261.567816,5297.899528
2022-02-19T13:00:00.000000000,11043.683295,22794.136996,8017.837766
2022-02-19T13:15:00.000000000,10179.398201,22131.642018,10599.89001
2022-02-19T13:30:00.000000000,9086.213268,21311.923873,12999.644442
2022-02-19T13:45:00.000000000,7760.26388,20375.895959,15175.819688
2022-02-19T14:00:00.000000000,6206.166605,19365.923905,17090.974353
2022-02-19T14:15:00.000000000,4437.042125,18324.162242,18712.150671
2022-02-19T14:30:00.000000000,2474.211282,17290.912254,20011.441286
2022-02-19T14:45:00.000000000,346.575096,16303.064477,20966.469561
2022-02-19T15:00:00.000000000,-1910.298279,15392.685954,21560.775238
2022-02-19T15:15:00.000000000,-4255.345404,14585.806751,21784.098907
2022-02-19T15:30:00.000000000,-6643.393993,13901.45249,21632.560407
2022-02-19T15:45:00.000000000,-9026.711453,13350.960175,21108.728012
2022-02-19T16:00:00.000000000,-11356.656752,12937.603613,20221.577097
2022-02-19T16:15:00.000000000,-13585.372787,12656.542803,18986.338744
2022-02-19T16:30:00.000000000,-15667.454738,12495.099113,17424.240638
2022-02-19T16:45:00.000000000,-17561.530734,12433.345447,15562.144378
2022-02-19T17:00:00.000000000,-19231.69434,12444.988369,13432.085163
2022-02-19T17:15:00.000000000,-20648.734014,12498.507729,11070.72151
2022-02-19T17:30:00.000000000,-21791.112412,12558.509303,8518.704307
2022-02-19T17:45:00.000000000,-22645.657963,12587.237518,5819.976009
2022-02-19T18:00:00.000000000,-23207.942306,12546.189041,3021.012097
2022-02-19T18:15:00.000000000,-23482.329297,12397.763954,170.018065
2022-02-19T18:30:00.000000000,-23481.694064,12106.889711,-2683.903954
2022-02-19T18:45:00.000000000,-23226.823438,11642.554078,-5491.604191
2022-02-19T19:00:00.000000000,-22745.52149,10979.186762,-8204.734868
2022-02-19T19:15:00.000000000,-22071.455379,10097.835382,-10776.585405
2022-02-19T19:30:00.000000000,-21242.786773,8987.089451,-13162.888535
2022-02-19T19:45:00.000000000,-20300.642387,7643.715865,-15322.583208
2022-02-19T20:00:00.000000000,-19287.483316,6072.980724,-17218.521068
2022-02-19T20:15:00.000000000,-18245.436626,4288.644419,-18818.104355
2022-02-19T20:30:00.000000000,-17214.653954,2312.629663,-20093.84447
2022-02-19T20:45:00.000000000,-16231.760644,174.374749,-21023.831808
2022-02-19T21:00:00.000000000,-15328.455261,-2090.103582,-21592.109157
2022-02-19T21:15:00.000000000,-14530.313345,-4439.402112,-21788.942576
2022-02-19T21:30:00.000000000,-13855.841269,-6828.132685,-21610.985464
2022-02-19T21:45:00.000000000,-13315.81629,-9208.480057,-21061.333282
2022-02-19T22:00:00.000000000,-12912.937806,-11531.856823,-20149.468191
2022-02-19T22:15:00.000000000,-12641.802803,-13750.592526,-18891.09469
2022-02-19T22:30:00.000000000,-12489.205957,-15819.592718,-17307.869068
2022-02-19T22:45:00.000000000,-12434.75236,-17697.9049,-15427.027251
2022-02-19T23:00:00.000000000,-12451.758772,-19350.131779,-13280.917294
2022-02-19T23:15:00.000000000,-12508.408165,-20747.638084,-10906.44436
2022-02-19T23:30:00.000000000,-12569.112542,-21869.505064,-8344.437526
2022-02-19T23:45:00.000000000,-12596.030895,-22703.196415,-5638.949142
2022-02-19T00:00:00.000000000,-12563.435409,-23133.393347,-3591.650154
2022-02-19T00:15:00.000000000,-12440.996808,-23463.770657,-748.750706
2022-02-19T00:30:00.000000000,-12183.045433,-23516.123231,2107.023023
2022-02-19T00:45:00.000000000,-11757.625076,-23309.677116,4926.563043
2022-02-19T01:00:00.000000000,-11137.942277,-22870.860364,7661.381576
2022-02-19T01:15:00.000000000,-10303.587139,-22232.203208,10264.444309
2022-02-19T01:30:00.000000000,-9241.512515,-21431.014769,12690.97871
2022-02-19T01:45:00.000000000,-7946.732986,-20507.887676,14899.243505
2022-02-19T02:00:00.000000000,-6422.715848,-19505.088617,16851.246083
2022-02-19T02:15:00.000000000,-4681.448172,-18464.897141,18513.395591
2022-02-19T02:30:00.000000000,-2743.176499,-17427.956989,19857.080565
2022-02-19T02:45:00.000000000,-635.828336,-16431.70367,20859.1613
2022-02-19T03:00:00.000000000,1605.863177,-15508.92897,21502.368588
2022-02-19T03:15:00.000000000,3941.498618,-14686.53779,21775.602053
2022-02-19T03:30:00.000000000,6326.372703,-13984.545213,21674.122969
2022-02-19T03:45:00.000000000,8713.004282,-13415.352439,21199.638194
2022-02-19T04:00:00.000000000,11052.777877,-12983.329453,20360.273619
2022-02-19T04:15:00.000000000,13297.634322,-12684.720437,19170.437409
2022-02-19T04:30:00.000000000,15401.746081,-12507.875451,17650.575072
2022-02-19T04:45:00.000000000,17323.113307,-12433.799289,15826.820289
2022-02-19T05:00:00.000000000,19025.019582,-12436.996057,13730.547202
2022-02-19T05:15:00.000000000,20477.291593,-12486.57652,11397.831611
2022-02-19T05:30:00.000000000,21657.314454,-12547.58495,8868.830165
2022-02-19T05:45:00.000000000,22550.763741,-12582.493598,6187.088183
2022-02-19T06:00:00.000000000,23152.026242,-12552.806277,3398.788069
2022-02-19T06:15:00.000000000,23464.293474,-12420.708172,551.951433
2022-02-19T06:30:00.000000000,23499.324709,-12150.697158,-2304.391051
2022-02-19T06:45:00.000000000,23276.889136,-11711.13252,-5121.047386
2022-02-19T07:00:00.000000000,22823.909275,-11075.640201,-7849.514625
2022-02-19T07:15:00.000000000,22173.339348,-10224.319286,-10442.816819
2022-02-19T07:30:00.000000000,21362.822649,-9144.702209,-12856.315807
2022-02-19T07:45:00.000000000,20433.180417,-7832.43077,-15048.480653
2022-02-19T08:00:00.000000000,19426.791217,-6291.621189,-16981.602364
2022-02-19T08:15:00.000000000,18385.923904,-4534.903466,-18622.441622
2022-02-19T08:30:00.000000000,17351.088894,-2583.132992,-19942.798522
2022-02-19T08:45:00.000000000,16359.471578,-464.785019,-20919.994776
2022-02-19T09:00:00.000000000,15443.508349,1784.945216,-21537.2604
2022-02-19T09:15:00.000000000,14629.66004,4125.302598,-21784.01861
2022-02-19T09:30:00.000000000,13937.42982,6511.348404,-21656.064357
2022-02-19T09:45:00.000000000,13378.663038,8895.500445,-21155.633752
2022-02-19T10:00:00.000000000,12957.155597,11229.178539,-20291.363388
2022-02-19T10:15:00.000000000,12668.585481,13464.492724,-19078.140395
2022-02-19T10:30:00.000000000,12500.769607,15555.910081,-17536.845819
2022-02-19T10:45:00.000000000,12434.235639,17461.836732,-15693.995685
2022-02-19T11:00:00.000000000,12443.086221,19146.05488,-13581.285756
2022-02-19T11:15:00.000000000,12496.121859,20578.960205,-11235.047648
2022-02-19T11:30:00.000000000,12558.178608,21738.552585,-8695.625447
2022-02-19T11:45:00.000000000,12591.628452,22611.142498,-6006.683384
2022-02-19T12:00:00.000000000,12557.983898,23191.746364,-3214.456326
2022-02-19T12:15:00.000000000,12419.544209,23484.156034,-366.955879
2022-02-19T12:30:00.000000000,12141.019073,23500.680161,2486.854261
2022-02-19T12:45:00.000000000,11691.066281,23261.567816,5297.899528
2022-02-19T13:00:00.000000000,11043.683295,22794.136996,8017.837766
2022-02-19T13:15:00.000000000,10179.398201,22131.642018,10599.89001
2022-02-19T13:30:00.000000000,9086.213268,21311.923873,12999.644442
2022-02-19T13:45:00.000000000,7760.26388,20375.895959,15175.819688
2022-02-19T14:00:00.000000000,6206.166605,19365.923905,17090.974353
2022-02-19T14:15:00.000000000,4437.042125,18324.162242,18712.150671
2022-02-19T14:30:00.000000000,2474.211282,17290.912254,20011.441286
2022-02-19T14:45:00.000000000,346.575096,16303.064477,20966.469561
2022-02-19T15:00:00.000000000,-1910.298279,15392.685954,21560.775238
2022-02-19T15:15:00.000000000,-4255.345404,14585.806751,21784.098907
2022-02-19T15:30:00.000000000,-6643.393993,13901.45249,21632.560407
2022-02-19T15:45:00.000000000,-9026.711453,13350.960175,21108.728012
2022-02-19T16:00:00.000000000,-11356.656752,12937.603613,20221.577097
2022-02-19T16:15:00.000000000,-13585.372787,12656.542803,18986.338744
2022-02-19T16:30:00.000000000,-15667.454738,12495.099113,17424.240638
2022-02-19T16:45:00.000000000,-17561.530734,12433.345447,15562.144378
2022-02-19T17:00:00.000000000,-19231.69434,12444.988369,13432.085163
2022-02-19T17:15:00.000000000,-20648.734014,12498.507729,11070.72151
2022-02-19T17:30:00.000000000,-21791.112412,12558.509303,8518.704307
2022-02-19T17:45:00.000000000,-22645.657963,12587.237518,5819.976009
2022-02-19T18:00:00.000000000,-23207.942306,12546.189041,3021.012097
2022-02-19T18:15:00.000000000,-23482.329297,12397.763954,170.018065
2022-02-19T18:30:00.000000000,-23481.694064,12106.889711,-2683.903954
2022-02-19T18:45:00.000000000,-23226.823438,11642.554078,-5491.604191
2022-02-19T19:00:00.000000000,-22745.52149,10979.186762,-8204.734868
2022-02-19T19:15:00.000000000,-22071.455379,10097.835382,-10776.585405
2022-02-19T19:30:00.000000000,-21242.786773,8987.089451,-13162.888535
2022-02-19T19:45:00.000000000,-20300.642387,7643.715865,-15322.583208
2022-02-19T20:00:00.000000000,-19287.483316,6072.980724,-17218.521068
2022-02-19T20:15:00.000000000,-18245.436626,4288.644419,-18818.104355
2022-02-19T20:30:00.000000000,-17214.653954,2312.629663,-20093.84447
2022-02-19T20:45:00.000000000,-16231.760644,174.374749,-21023.831808
2022-02-19T21:00:00.000000000,-15328.455261,-2090.103582,-21592.109157
2022-02-19T21:15:00.000000000,-14530.313345,-4439.402112,-21788.942576
2022-02-19T21:30:00.000000000,-13855.841269,-6828.132685,-21610.985464
2022-02-19T21:45:00.000000000,-13315.81629,-9208.480057,-21061.333282
2022-02-19T22:00:00.000000000,-12912.937806,-11531.856823,-20149.468191
2022-02-19T22:15:00.000000000,-12641.802803,-13750.592526,-18891.09469
2022-02-19T22:30:00.000000000,-12489.205957,-15819.592718,-17307.869068
2022-02-19T22:45:00.000000000,-12434.75236,-17697.9049,-15427.027251
2022-02-19T23:00:00.000000000,-12451.758772,-19350.131779,-13280.917294
2022-02-19T23:15:00.000000000,-12508.408165,-20747.638084,-10906.44436
2022-02-19T23:30:00.000000000,-12569.112542,-21869.505064,-8344.437526
2022-02-19T23:45:00.000000000,-12596.030895,-22703.196415,-5638.949142
2022-02-19T00:00:00.000000000,-12563.435409,-23133.393347,-3591.650154
2022-02-19T00:15:00.000000000,-12440.996808,-23463.770657,-748.750706
2022-02-19T00:30:00.000000000,-12183.045433,-23516.123231,2107.023023
2022-02-19T00:45:00.000000000,-11757.625076,-23309.677116,4926.563043
2022-02-19T01:00:00.000000000,-11137.942277,-22870.860364,7661.381576
2022-02-19T01:15:00.000000000,-10303.587139,-22232.203208,10264.444309
2022-02-19T01:30:00.000000000,-9241.512515,-21431.014769,12690.97871
2022-02-19T01:45:00.000000000,-7946.732986,-20507.887676,14899.243505
2022-02-19T02:00:00.000000000,-6422.715848,-19505.088617,16851.246083
2022-02-19T02:15:00.000000000,-4681.448172,-18464.897141,18513.395591
2022-02-19T02:30:00.000000000,-2743.176499,-17427.956989,19857.080565
2022-02-19T02:45:00.000000000,-635.828336,-16431.70367,20859.1613
2022-02-19T03:00:00.000000000,1605.863177,-15508.92897,21502.368588
2022-02-19T03:15:00.000000000,3941.498618,-14686.53779,21775.602053
2022-02-19T03:30:00.000000000,6326.372703,-13984.545213,21674.122969
2022-02-19T03:45:00.000000000,8713.004282,-13415.352439,21199.638194
2022-02-19T04:00:00.000000000,11052.777877,-12983.329453,20360.273619
2022-02-19T04:15:00.000000000,13297.634322,-12684.720437,19170.437409
2022-02-19T04:30:00.000000000,15401.746081,-12507.875451,17650.575072
2022-02-19T04:45:00.000000000,17323.113307,-12433.799289,15826.820289
2022-02-19T05:00:00.000000000,19025.019582,-12436.996057,13730.547202
2022-02-19T05:15:00.000000000,20477.291593,-12486.57652,11397.831611
2022-02-19T05:30:00.000000000,21657.314454,-12547.58495,8868.830165
2022-02-19T05:45:00.000000000,22550.763741,-12582.493598,6187.088183
2022-02-19T06:00:00.000000000,23152.026242,-12552.806277,3398.788069
2022-02-19T06:15:00.000000000,23464.293474,-12420.708172,551.951433
2022-02-19T06:30:00.000000000,23499.324709,-12150.697158,-2304.391051
2022-02-19T06:45:00.000000000,23276.889136,-11711.13252,-5121.047386
2022-02-19T07:00:00.000000000,22823.909275,-11075.640201,-7849.514625
2022-02-19T07:15:00.000000000,22173.339348,-10224.319286,-10442.816819
2022-02-19T07:30:00.000000000,21362.822649,-9144.702209,-12856.315807
2022-02-19T07:45:00.000000000,20433.180417,-7832.43077,-15048.480653
2022-02-19T08:00:00.000000000,19426.791217,-6291.621189,-16981.602364
2022-02-19T08:15:00.000000000,18385.923904,-4534.903466,-18622.441622
2022-02-19T08:30:00.000000000,17351.088894,-2583.132992,-19942.798522
2022-02-19T08:45:00.000000000,16359.471578,-464.785019,-20919.994776
2022-02-19T09:00:00.000000000,15443.508349,1784.945216,-21537.2604
2022-02-19T09:15:00.000000000,14629.66004,4125.302598,-21784.01861
2022-02-19T09:30:00.000000000,13937.42982,6511.348404,-21656.064357
2022-02-19T09:45:00.000000000,13378.663038,8895.500445,-21155.633752
2022-02-19T10:00:00.000000000,12957.155597,11229.178539,-20291.363388
2022-02-19T10:15:00.000000000,12668.585481,13464.492724,-19078.140395
2022-02-19T10:30:00.000000000,12500.769607,15555.910081,-17536.845819
2022-02-19T10:45:00.000000000,12434.235639,17461.836732,-15693.995685
2022-02-19T11:00:00.000000000,12443.086221,19146.05488,-13581.285756
2022-02-19T11:15:00.000000000,12496.121859,20578.960205,-11235.047648
2022-02-19T11:30:00.000000000,12558.178608,21738.552585,-8695.625447
2022-02-19T11:45:00.000000000,12591.628452,22611.142498,-6006.683384
2022-02-19T12:00:00.000000000,12557.983898,23191.746364,-3214.456326
2022-02-19T12:15:00.000000000,12419.544209,23484.156034,-366.955879
2022-02-19T12:30:00.000000000,12141.019073,23500.680161,2486.854261
2022-02-19T12:45:00.000000000,11691.066281,23261.567816,5297.899528
2022-02-19T13:00:00.000000000,11043.683295,22794.136996,8017.837766
2022-02-19T13:15:00.000000000,10179.398201,22131.642018,10599.89001
2022-02-19T13:30:00.000000000,9086.213268,21311.923873,12999.644442
2022-02-19T13:45:00.000000000,7760.26388,20375.895959,15175.819688
2022-02-19T14:00:00.000000000,6206.166605,19365.923905,17090.974353
2022-02-19T14:15:00.000000000,4437.042125,18324.162242,18712.150671
2022-02-19T14:30:00.000000000,2474.211282,17290.912254,20011.441286
2022-02-19T14:45:00.000000000,346.575096,16303.064477,20966.469561
2022-02-19T15:00:00.000000000,-1910.298279,15392.685954,21560.775238
2022-02-19T15:15:00.000000000,-4255.345404,14585.806751,21784.098907
2022-02-19T15:30:00.000000000,-6643.393993,13901.45249,21632.560407
2022-02-19T15:45:00.000000000,-9026.711453,13350.960175,21108.728012
2022-02-19T16:00:00.000000000,-11356.656752,12937.603613,20221.577097
2022-02-19T16:15:00.000000000,-13585.372787,12656.542803,18986.338744
2022-02-19T16:30:00.000000000,-15667.454738,12495.099113,17424.240638
2022-02-19T16:45:00.000000000,-17561.530734,12433.345447,15562.144378
2022-02-19T17:00:00.000000000,-19231.69434,12444.988369,13432.085163
2022-02-19T17:15:00.000000000,-20648.734014,12498.507729,11070.72151
2022-02-19T17:30:00.000000000,-21791.112412,12558.509303,8518.704307
2022-02-19T17:45:00.000000000,-22645.657963,12587.237518,5819.976009
2022-02-19T18:00:00.000000000,-23207.942306,12546.189041,3021.012097
2022-02-19T18:15:00.000000000,-23482.329297,12397.763954,170.018065
2022-02-19T18:30:00.000000000,-23481.694064,12106.889711,-2683.903954
2022-02-19T18:45:00.000000000,-23226.823438,11642.554078,-5491.604191
2022-02-19T19:00:00.000000000,-22745.52149,10979.186762,-8204.734868
2022-02-19T19:15:00.000000000,-22071.455379,10097.835382,-10776.585405
2022-02-19T19:30:00.000000000,-21242.786773,8987.089451,-13162.888535
2022-02-19T19:45:00.000000000,-20300.642387,7643.715865,-15322.583208
2022-02-19T20:00:00.000000000,-19287.483316,6072.980724,-17218.521068
2022-02-19T20:15:00.000000000,-18245.436626,4288.644419,-18818.104355
2022-02-19T20:30:00.000000000,-17214.653954,2312.629663,-20093.84447
2022-02-19T20:45:00.000000000,-16231.760644,174.374749,-21023.831808
2022-02-19T21:00:00.000000000,-15328.455261,-2090.103582,-21592.109157
2022-02-19T21:15:00.000000000,-14530.313345,-4439.402112,-21788.942576
2022-02-19T21:30:00.000000000,-13855.841269,-6828.132685,-21610.985464
2022-02-19T21:45:00.000000000,-13315.81629,-9208.480057,-21061.333282
2022-02-19T22:00:00.000000000,-12912.937806,-11531.856823,-20149.468191
2022-02-19T22:15:00.000000000,-12641.802803,-13750.592526,-18891.09469
2022-02-19T22:30:00.000000000,-12489.205957,-15819.592718,-17307.869068
2022-02-19T22:45:00.000000000,-12434.75236,-17697.9049,-15427.027251
2022-02-19T23:00:00.000000000,-12451.758772,-19350.131779,-13280.917294
2022-02-19T23:15:00.000000000,-12508.408165,-20747.638084,-10906.44436
2022-02-19T23:30:00.000000000,-12569.112542,-21869.505064,-8344.437526
2022-02-19T23:45:00.000000000,-12596.030895,-22703.196415,-5638.949142
2022-02-19T00:00:00.000000000,-12563.435409,-23133.393347,-3591.650154
2022-02-19T00:15:00.000000000,-12440.996808,-23463.770657,-748.750706
2022-02-19T00:30:00.000000000,-12183.045433,-23516.123231,2107.023023
2022-02-19T00:45:00.000000000,-11757.625076,-23309.677116,4926.563043
2022-02-19T01:00:00.000000000,-11137.942277,-22870.860364,7661.381576
2022-02-19T01:15:00.000000000,-10303.587139,-22232.203208,10264.444309
2022-02-19T01:30:00.000000000,-9241.512515,-21431.014769,12690.97871
2022-02-19T01:45:00.000000000,-7946.732986,-20507.887676,14899.243505
2022-02-19T02:00:00.000000000,-6422.715848,-19505.088617,16851.246083
2022-02-19T02:15:00.000000000,-4681.448172,-18464.897141,18513.395591
2022-02-19T02:30:00.000000000,-2743.176499,-17427.956989,19857.080565
2022-02-19T02:45:00.000000000,-635.828336,-16431.70367,20859.1613
2022-02-19T03:00:00.000000000,1605.863177,-15508.92897,21502.368588
2022-02-19T03:15:00.000000000,3941.498618,-14686.53779,21775.602053
2022-02-19T03:30:00.000000000,6326.372703,-13984.545213,21674.122969
2022-02-19T03:45:00.000000000,8713.004282,-13415.352439,21199.638194
2022-02-19T04:00:00.000000000,11052.777877,-12983.329453,20360.273619
2022-02-19T04:15:00.000000000,13297.634322,-12684.720437,19170.437409
2022-02-19T04:30:00.000000000,15401.746081,-12507.875451,17650.575072
2022-02-19T04:45:00.000000000,17323.113307,-12433.799289,15826.820289
2022-02-19T05:00:00.000000000,19025.019582,-12436.996057,13730.547202
2022-02-19T05:15:00.000000000,20477.291593,-12486.57652,11397.831611
2022-02-19T05:30:00.000000000,21657.314454,-12547.58495,8868.830165
2022-02-19T05:45:00.000000000,22550.763741,-12582.493598,6187.088183
2022-02-19T06:00:00.000000000,23152.026242,-12552.806277,3398.788069
2022-02-19T06:15:00.000000000,23464.293474,-12420.708172,551.951433
2022-02-19T06:30:00.000000000,23499.324709,-12150.697158,-2304.391051
2022-02-19T06:45:00.000000000,23276.889136,-11711.13252,-5121.047386
2022-02-19T07:00:00.000000000,22823.909275,-11075.640201,-7849.514625
2022-02-19T07:15:00.000000000,22173.339348,-10224.319286,-10442.816819
2022-02-19T07:30:00.000000000,21362.822649,-9144.702209,-12856.315807
2022-02-19T07:45:00.000000000,20433.180417,-7832.43077,-15048.480653
2022-02-19T08:00:00.000000000,19426.791217,-6291.621189,-16981.602364
2022-02-19T08:15:00.000000000,18385.923904,-4534.903466,-18622.441622
2022-02-19T08:30:00.000000000,17351.088894,-2583.132992,-19942.798522
2022-02-19T08:45:00.000000000,16359.471578,-464.785019,-20919.994776
2022-02-19T09:00:00.000000000,15443.508349,1784.945216,-21537.2604
2022-02-19T09:15:00.000000000,14629.66004,4125.302598,-21784.01861
2022-02-19T09:30:00.000000000,13937.42982,6511.348404,-21656.064357
2022-02-19T09:45:00.000000000,13378.663038,8895.500445,-21155.633752
2022-02-19T10:00:00.000000000,12957.155597,11229.178539,-20291.363388
2022-02-19T10:15:00.000000000,12668.585481,13464.492724,-19078.140395
2022-02-19T10:30:00.000000000,12500.769607,15555.910081,-17536.845819
2022-02-19T10:45:00.000000000,12434.235639,17461.836732,-15693.995685
2022-02-19T11:00:00.000000000,12443.086221,19146.05488,-13581.285756
2022-02-19T11:15:00.000000000,12496.121859,20578.960205,-11235.047648
2022-02-19T11:30:00.000000000,12558.178608,21738.552585,-8695.625447
2022-02-19T11:45:00.000000000,12591.628452,22611.142498,-6006.683384
2022-02-19T12:00:00.000000000,12557.983898,23191.746364,-3214.456326
2022-02-19T12:15:00.000000000,12419.544209,23484.156034,-366.955879
2022-02-19T12:30:00.000000000,12141.019073,23500.680161,2486.854261
2022-02-19T12:45:00.000000000,11691.066281,23261.567816,5297.899528
2022-02-19T13:00:00.000000000,11043.683295,22794.136996,8017.837766
2022-02-19T13:15:00.000000000,10179.398201,22131.642018,10599.89001
2022-02-19T13:30:00.000000000,9086.213268,21311.923873,12999.644442
2022-02-19T13:45:00.000000000,7760.26388,20375.895959,15175.819688
2022-02-19T14:00:00.000000000,6206.166605,19365.923905,17090.974353
2022-02-19T14:15:00.000000000,4437.042125,18324.162242,18712.150671
2022-02-19T14:30:00.000000000,2474.211282,17290.912254,20011.441286
2022-02-19T14:45:00.000000000,346.575096,16303.064477,20966.469561
2022-02-19T15:00:00.000000000,-1910.298279,15392.685954,21560.775238
2022-02-19T15:15:00.000000000,-4255.345404,14585.806751,21784.098907
2022-02-19T15:30:00.000000000,-6643.393993,13901.45249,21632.560407
2022-02-19T15:45:00.000000000,-9026.711453,13350.960175,21108.728012
2022-02-19T16:00:00.000000000,-11356.656752,12937.603613,20221.577097
2022-02-19T16:15:00.000000000,-13585.372787,12656.542803,18986.338744
2022-02-19T16:30:00.000000000,-15667.454738,12495.099113,17424.240638
2022-02-19T16:45:00.000000000,-17561.530734,12433.345447,15562.144378
2022-02-19T17:00:00.000000000,-19231.69434,12444.988369,13432.085163
2022-02-19T17:15:00.000000000,-20648.734014,12498.507729,11070.72151
2022-02-19T17:30:00.000000000,-21791.112412,12558.509303,8518.704307
2022-02-19T17:45:00.000000000,-22645.657963,12587.237518,5819.976009
2022-02-19T18:00:00.000000000,-23207.942306,12546.189041,3021.012097
2022-02-19T18:15:00.000000000,-23482.329297,12397.763954,170.018065
2022-02-19T18:30:00.000000000,-23481.694064,12106.889711,-2683.903954
2022-02-19T18:45:00.000000000,-23226.823438,11642.554078,-5491.604191
2022-02-19T19:00:00.000000000,-22745.52149,10979.186762,-8204.734868
2022-02-19T19:15:00.000000000,-22071.455379,10097.835382,-10776.585405
2022-02-19T19:30:00.000000000,-21242.786773,8987.089451,-13162.888535
2022-02-19T19:45:00.000000000,-20300.642387,7643.715865,-15322.583208
2022-02-19T20:00:00.000000000,-19287.483316,6072.980724,-17218.521068
2022-02-19T20:15:00.000000000,-18245.436626,4288.644419,-18818.104355
2022-02-19T20:30:00.000000000,-17214.653954,2312.629663,-20093.84447
2022-02-19T20:45:00.000000000,-16231.760644,174.374749,-21023.831808
2022-02-19T21:00:00.000000000,-15328.455261,-2090.103582,-21592.109157
2022-02-19T21:15:00.000000000,-14530.313345,-4439.402112,-21788.942576
2022-02-19T21:30:00.000000000,-13855.841269,-6828.132685,-21610.985464
2022-02-19T21:45:00.000000000,-13315.81629,-9208.480057,-21061.333282
2022-02-19T22:00:00.000000000,-12912.937806,-11531.856823,-20149.468191
2022-02-19T22:15:00.000000000,-12641.802803,-13750.592526,-18891.09469
2022-02-19T22:30:00.000000000,-12489.205957,-15819.592718,-17307.869068
2022-02-19T22:45:00.000000000,-12434.75236,-17697.9049,-15427.027251
2022-02-19T23:00:00.000000000,-12451.758772,-19350.131779,-13280.917294
2022-02-19T23:15:00.000000000,-12508.408165,-20747.638084,-10906.44436
2022-02-19T23:30:00.000000000,-12569.112542,-21869.505064,-8344.437526
2022-02-19T23:45:00.000000000,-12596.030895,-22703.196415,-5638.949142
2022-02-19T00:00:00.000000000,-12563.435409,-23133.393347,-3591.650154
2022-02-19T00:15:00.000000000,-12440.996808,-23463.770657,-748.750706
2022-02-19T00:30:00.000000000,-12183.045433,-23516.123231,2107.023023
2022-02-19T00:45:00.000000000,-11757.625076,-23309.677116,4926.563043
2022-02-19T01:00:00.000000000,-11137.942277,-22870.860364,7661.381576
2022-02-19T01:15:00.000000000,-10303.587139,-22232.203208,10264.444309
2022-02-19T01:30:00.000000000,-9241.512515,-21431.014769,12690.97871
2022-02-19T01:45:00.000000000,-7946.732986,-20507.887676,14899.243505
2022-02-19T02:00:00.000000000,-6422.715848,-19505.088617,16851.246083
2022-02-19T02:15:00.000000000,-4681.448172,-18464.897141,18513.395591
2022-02-19T02:30:00.000000000,-2743.176499,-17427.956989,19857.080565
2022-02-19T02:45:00.000000000,-635.828336,-16431.70367,20859.1613
2022-02-19T03:00:00.000000000,1605.863177,-15508.92897,21502.368588
2022-02-19T03:15:00.000000000,3941.498618,-14686.53779,21775.602053
2022-02-19T03:30:00.000000000,6326.372703,-13984.545213,21674.122969
2022-02-19T03:45:00.000000000,8713.004282,-13415.352439,21199.638194
2022-02-19T04:00:00.000000000,11052.777877,-12983.329453,20360.273619
2022-02-19T04:15:00.000000000,13297.634322,-12684.720437,19170.437409
2022-02-19T04:30:00.000000000,15401.746081,-12507.875451,17650.575072
2022-02-19T04:45:00.000000000,17323.113307,-12433.799289,15826.820289
2022-02-19T05:00:00.000000000,19025.019582,-12436.996057,13730.547202
2022-02-19T05:15:00.000000000,20477.291593,-12486.57652,11397.831611
2022-02-19T05:30:00.000000000,21657.314454,-12547.58495,8868.830165
2022-02-19T05:45:00.000000000,22550.763741,-12582.493598,6187.088183
2022-02-19T06:00:00.000000000,23152.026242,-12552.806277,3398.788069
2022-02-19T06:15:00.000000000,23464.293474,-12420.708172,551.951433
2022-02-19T06:30:00.000000000,23499.324709,-12150.697158,-2304.391051
2022-02-19T06:45:00.000000000,23276.889136,-11711.13252,-5121.047386
2022-02-19T07:00:00.000000000,22823.909275,-11075.640201,-7849.514625
2022-02-19T07:15:00.000000000,22173.339348,-10224.319286,-10442.816819
2022-02-19T07:30:00.000000000,21362.822649,-9144.702209,-12856.315807
2022-02-19T07:45:00.000000000,20433.180417,-7832.43077,-15048.480653
2022-02-19T08:00:00.000000000,19426.791217,-6291.621189,-16981.602364
2022-02-19T08:15:00.000000000,18385.923904,-4534.903466,-18622.441622
2022-02-19T08:30:00.000000000,17351.088894,-2583.132992,-19942.798522
2022-02-19T08:45:00.000000000,16359.471578,-464.785019,-20919.994776
2022-02-19T09:00:00.000000000,15443.508349,1784.945216,-21537.2604
2022-02-19T09:15:00.000000000,14629.66004,4125.302598,-21784.01861
2022-02-19T09:30:00.000000000,13937.42982,6511.348404,-21656.064357
2022-02-19T09:45:00.000000000,13378.663038,8895.500445,-21155.633752
2022-02-19T10:00:00.000000000,12957.155597,11229.178539,-20291.363388
2022-02-19T10:15:00.000000000,12668.585481,13464.492724,-19078.140395
2022-02-19T10:30:00.000000000,12500.769607,15555.910081,-17536.845819
2022-02-19T10:45:00.000000000,12434.235639,17461.836732,-15693.995685
2022-02-19T11:00:00.000000000,12443.086221,19146.05488,-13581.285756
2022-02-19T11:15:00.000000000,12496.121859,20578.960205,-11235.047648
2022-02-19T11:30:00.000000000,12558.178608,21738.552585,-8695.625447
2022-02-19T11:45:00.000000000,12591.628452,22611.142498,-6006.683384
2022-02-19T12:00:00.000000000,12557.983898,23191.746364,-3214.456326
2022-02-19T12:15:00.000000000,12419.544209,23484.156034,-366.955879
2022-02-19T12:30:00.000000000,12141.019073,23500.680161,2486.854261
2022-02-19T12:45:00.000000000,11691.066281,23261.567816,5297.899528
2022-02-19T13:00:00.000000000,11043.683295,22794.136996,8017.837766
2022-02-19T13:15:00.000000000,10179.398201,22131.642018,10599.89001
2022-02-19T13:30:00.000000000,9086.213268,21311.923873,12999.644442
2022-02-19T13:45:00.000000000,7760.26388,20375.895959,15175.819688
2022-02-19T14:00:00.000000000,6206.166605,19365.923905,17090.974353
2022-02-19T14:15:00.000000000,4437.042125,18324.162242,18712.150671
2022-02-19T14:30:00.000000000,2474.211282,17290.912254,20011.441286
2022-02-19T14:45:00.000000000,346.575096,16303.064477,20966.469561
2022-02-19T15:00:00.000000000,-1910.298279,15392.685954,21560.775238
2022-02-19T15:15:00.000000000,-4255.345404,14585.806751,21784.098907
2022-02-19T15:30:00.000000000,-6643.393993,13901.45249,21632.560407
2022-02-19T15:45:00.000000000,-9026.711453,13350.960175,21108.728012
2022-02-19T16:00:00.000000000,-11356.656752,12937.603613,20221.577097
2022-02-19T16:15:00.000000000,-13585.372787,12656.542803,18986.338744
2022-02-19T16:30:00.000000000,-15667.454738,12495.099113,17424.240638
2022-02-19T16:45:00.000000000,-17561.530734,12433.345447,15562.144378
2022-02-19T17:00:00.000000000,-19231.69434,12444.988369,13432.085163
2022-02-19T17:15:00.000000000,-20648.734014,12498.507729,11070.72151
2022-02-19T17:30:00.000000000,-21791.112412,12558.509303,8518.704307
2022-02-19T17:45:00.000000000,-22645.657963,12587.237518,5819.976009
2022-02-19T18:00:00.000000000,-23207.942306,12546.189041,3021.012097
2022-02-19T18:15:00.000000000,-23482.329297,12397.763954,170.018065
2022-02-19T18:30:00.000000000,-23481.694064,12106.889711,-2683.903954
2022-02-19T18:45:00.000000000,-23226.823438,11642.554078,-5491.604191
2022-02-19T19:00:00.000000000,-22745.52149,10979.186762,-8204.734868
2022-02-19T19:15:00.000000000,-22071.455379,10097.835382,-10776.585405
2022-02-19T19:30:00.000000000,-21242.786773,8987.089451,-13162.888535
2022-02-19T19:45:00.000000000,-20300.642387,7643.715865,-15322.583208
2022-02-19T20:00:00.000000000,-19287.483316,6072.980724,-17218.521068
2022-02-19T20:15:00.000000000,-18245.436626,4288.644419,-18818.104355
2022-02-19T20:30:00.000000000,-17214.653954,2312.629663,-20093.84447
2022-02-19T20:45:00.000000000,-16231.760644,174.374749,-21023.831808
2022-02-19T21:00:00.000000000,-15328.455261,-2090.103582,-21592.109157
2022-02-19T21:15:00.000000000,-14530.313345,-4439.402112,-21788.942576
2022-02-19T21:30:00.000000000,-13855.841269,-6828.132685,-21610.985464
2022-02-19T21:45:00.000000000,-13315.81629,-9208.480057,-21061.333282
2022-02-19T22:00:00.000000000,-12912.937806,-11531.856823,-20149.468191
2022-02-19T22:15:00.000000000,-12641.802803,-13750.592526,-18891.09469
2022-02-19T22:30:00.000000000,-12489.205957,-15819.592718,-17307.869068
2022-02-19T22:45:00.000000000,-12434.75236,-17697.9049,-15427.027251
2022-02-19T23:00:00.000000000,-12451.758772,-19350.131779,-13280.917294
2022-02-19T23:15:00.000000000,-12508.408165,-20747.638084,-10906.44436
2022-02-19T23:30:00.000000000,-12569.112542,-21869.505064,-8344.437526
2022-02-19T23:45:00.000000000,-12596.030895,-22703.196415,-5638.949142
2022-02-18T00:00:00.000000000,-12569.23143,-23001.089451,-4342.830564
2022-02-18T00:15:00.000000000,-12476.842652,-23408.009319,-1511.755368
2022-02-18T00:30:00.000000000,-12258.288888,-23533.063504,1345.313971
2022-02-18T00:45:00.000000000,-11880.462882,-23393.386708,4179.248096
2022-02-18T01:00:00.000000000,-11315.055751,-23013.567267,6941.312783
2022-02-18T01:15:00.000000000,-10539.834892,-22424.615265,9584.006368
2022-02-18T01:30:00.000000000,-9539.69236,-21662.694744,12061.876036
2022-02-18T01:45:00.000000000,-8307.422453,-20767.669293,14332.298949
2022-02-18T02:00:00.000000000,-6844.197665,-19781.517437,16356.214781
2022-02-18T02:15:00.000000000,-5159.723842,-18746.679201,18098.797121
2022-02-18T02:30:00.000000000,-3272.067658,-17704.397855,19530.052316
2022-02-18T02:45:00.000000000,-1207.162224,-16693.120917,20625.335534
2022-02-18T03:00:00.000000000,1001.991053,-15747.022177,21365.775308
2022-02-18T03:15:00.000000000,3316.394522,-14894.701755,21738.599332
2022-02-18T03:30:00.000000000,5692.359886,-14158.114317,21737.355932
2022-02-18T03:45:00.000000000,8082.997984,-13551.766744,21362.027364
2022-02-18T04:00:00.000000000,10439.836269,-13082.216156,20619.032874
2022-02-18T04:15:00.000000000,12714.502497,-12747.887553,19521.121253
2022-02-18T04:30:00.000000000,14860.410475,-12539.218037,18087.154486
2022-02-18T04:45:00.000000000,16834.383589,-12439.121858,16341.785915
2022-02-18T05:00:00.000000000,18598.153984,-12423.758139,14315.038149
2022-02-18T05:15:00.000000000,20119.680031,-12463.571297,12041.787724
2022-02-18T05:30:00.000000000,21374.231583,-12524.56352,9561.165182
2022-02-18T05:45:00.000000000,22345.201384,-12569.749559,6915.880825
2022-02-18T06:00:00.000000000,23024.611596,-12560.736885,4151.487753
2022-02-18T06:15:00.000000000,23413.296165,-12459.369288,1315.595042
2022-02-18T06:30:00.000000000,23520.752324,-12229.369427,-1542.95514
2022-02-18T06:45:00.000000000,23364.667428,-11837.91584,-4374.931965
2022-02-18T07:00:00.000000000,22970.139929,-11257.092415,-7131.567015
2022-02-18T07:15:00.000000000,22368.625207,-10465.153321,-9765.396928
2022-02-18T07:30:00.000000000,21596.647644,-9447.5536,-12231.082802
2022-02-18T07:45:00.000000000,20694.329383,-8197.704758,-14486.191978
2022-02-18T08:00:00.000000000,19703.793208,-6717.425475,-16491.928612
2022-02-18T08:15:00.000000000,18667.501772,-5017.069374,-18213.800432
2022-02-18T08:30:00.000000000,17626.597684,-3115.32435,-19622.210355
2022-02-18T08:45:00.000000000,16619.308779,-1038.690695,-20692.962958
2022-02-18T09:00:00.000000000,15679.480164,1179.342423,-21407.677437
2022-02-18T09:15:00.000000000,14835.2896,3499.390936,-21754.100268
2022-02-18T09:30:00.000000000,14108.195525,5877.498763,-21726.312557
2022-02-18T09:45:00.000000000,13512.157954,8266.639355,-21324.828811
2022-02-18T10:00:00.000000000,13053.161873,10618.338803,-20556.585687
2022-02-18T10:15:00.000000000,12729.061065,12884.35881,-19434.821041
2022-02-18T10:30:00.000000000,12529.7479,15018.375509,-17978.84543
2022-02-18T10:45:00.000000000,12437.642084,16977.590336,-16213.709937
2022-02-18T11:00:00.000000000,12428.479032,18724.211625,-14169.775921
2022-02-18T11:15:00.000000000,12472.367015,20226.750621,-11882.193929
2022-02-18T11:30:00.000000000,12535.071772,21461.082601,-9390.300525
2022-02-18T11:45:00.000000000,12579.478549,22411.232779,-6736.943255
2022-02-18T12:00:00.000000000,12567.174547,23069.857222,-3967.745195
2022-02-18T12:15:00.000000000,12460.090123,23438.400701,-1130.32163
2022-02-18T12:30:00.000000000,12222.134703,23526.925801,1726.53771
2022-02-18T12:45:00.000000000,11820.763561,23353.620299,4553.706786
2022-02-18T13:00:00.000000000,11228.41422,22944.002217,7302.567334
2022-02-18T13:15:00.000000000,10423.756245,22329.853593,9925.844312
2022-02-18T13:30:00.000000000,9392.705389,21547.924488,12378.418323
2022-02-18T13:45:00.000000000,8129.162151,20638.457585,14618.101025
2022-02-18T14:00:00.000000000,6635.445399,19643.590595,16606.360211
2022-02-18T14:15:00.000000000,4922.403535,18605.69837,18308.982155
2022-02-18T14:30:00.000000000,3009.198015,17565.738861,19696.659941
2022-02-18T14:45:00.000000000,922.766716,16561.666849,20745.497754
2022-02-18T15:00:00.000000000,-1303.013073,15626.976701,21437.422584
2022-02-18T15:15:00.000000000,-3628.430743,14789.430365,21760.496334
2022-02-18T15:30:00.000000000,-6009.275822,14070.019649,21709.122994
2022-02-18T15:45:00.000000000,-8398.348388,13482.202757,21284.147269
2022-02-18T16:00:00.000000000,-10747.089135,13031.444462,20492.84283
2022-02-18T16:15:00.000000000,-13007.267112,12715.077591,19348.790192
2022-02-18T16:30:00.000000000,-15132.660847,12522.491035,17871.646047
2022-02-18T16:45:00.000000000,-17080.668679,12435.636879,16086.807714
2022-02-18T17:00:00.000000000,-18813.786744,12429.836843,14024.978181
2022-02-18T17:15:00.000000000,-20300.897989,12474.856539,11721.638974
2022-02-18T17:30:00.000000000,-21518.322838,12536.205602,9216.439703
2022-02-18T17:45:00.000000000,-22450.591192,12576.61285,6552.514763
2022-02-18T18:00:00.000000000,-23090.90624,12557.618734,3775.738949
2022-02-18T18:15:00.000000000,-23441.282454,12441.222636,933.934978
2022-02-18T18:30:00.000000000,-23512.352797,12191.520404,-1923.953148
2022-02-18T18:45:00.000000000,-23322.853033,11776.267783,-4748.70638
2022-02-18T19:00:00.000000000,-22898.803627,11168.3083,-7491.681484
2022-02-18T19:15:00.000000000,-22272.421447,10346.809416,-10105.651485
2022-02-18T19:30:00.000000000,-21480.804005,9298.258282,-12545.620893
2022-02-18T19:45:00.000000000,-20564.437725,8017.177805,-14769.601438
2022-02-18T20:00:00.000000000,-19565.588497,6506.534662,-16739.334825
2022-02-18T20:15:00.000000000,-18526.63717,4777.822901,-18420.950076
2022-02-18T20:30:00.000000000,-17488.424646,2850.81932,-19785.544283
2022-02-18T20:45:00.000000000,-16488.670669,753.019568,-20809.677016
2022-02-18T21:00:00.000000000,-15560.527354,-1481.223857,-21475.770199
2022-02-18T21:15:00.000000000,-14731.323171,-3811.829037,-21772.406933
2022-02-18T21:30:00.000000000,-14021.545549,-6194.334689,-21694.524468
2022-02-18T21:45:00.000000000,-13444.101005,-8581.421527,-21243.498312
2022-02-18T22:00:00.000000000,-13003.880885,-10924.547122,-20427.116265
2022-02-18T22:15:00.000000000,-12697.649006,-13175.63208,-19259.442957
2022-02-18T22:30:00.000000000,-12514.255068,-15288.733438,-17760.577263
2022-02-18T22:45:00.000000000,-12435.165121,-17221.641655,-15956.306691
2022-02-18T23:00:00.000000000,-12435.288177,-18937.34043,-13877.664585
2022-02-18T23:15:00.000000000,-12484.066607,-20405.273857,-11560.397558
2022-02-18T23:30:00.000000000,-12546.787766,-21602.372695,-9044.352131
2022-02-18T23:45:00.000000000,-12586.065735,-22513.800788,-6372.790942
2022-02-19T00:00:00.000000000,-12563.435409,-23133.393347,-3591.650154
2022-02-19T00:15:00.000000000,-12440.996808,-23463.770657,-748.750706
2022-02-19T00:30:00.000000000,-12183.045433,-23516.123231,2107.023023
2022-02-19T00:45:00.000000000,-11757.625076,-23309.677116,4926.563043
2022-02-19T01:00:00.000000000,-11137.942277,-22870.860364,7661.381576
2022-02-19T01:15:00.000000000,-10303.587139,-22232.203208,10264.444309
2022-02-19T01:30:00.000000000,-9241.512515,-21431.014769,12690.97871
2022-02-19T01:45:00.000000000,-7946.732986,-20507.887676,14899.243505
2022-02-19T02:00:00.000000000,-6422.715848,-19505.088617,16851.246083
2022-02-19T02:15:00.000000000,-4681.448172,-18464.897141,18513.395591
2022-02-19T02:30:00.000000000,-2743.176499,-17427.956989,19857.080565
2022-02-19T02:45:00.000000000,-635.828336,-16431.70367,20859.1613
2022-02-19T03:00:00.000000000,1605.863177,-15508.92897,21502.368588
2022-02-19T03:15:00.000000000,3941.498618,-14686.53779,21775.602053
2022-02-19T03:30:00.000000000,6326.372703,-13984.545213,21674.122969
2022-02-19T03:45:00.000000000,8713.004282,-13415.352439,21199.638194
2022-02-19T04:00:00.000000000,11052.777877,-12983.329453,20360.273619
2022-02-19T04:15:00.000000000,13297.634322,-12684.720437,19170.437409
2022-02-19T04:30:00.000000000,15401.746081,-12507.875451,17650.575072
2022-02-19T04:45:00.000000000,17323.113307,-12433.799289,15826.820289
2022-02-19T05:00:00.000000000,19025.019582,-12436.996057,13730.547202
2022-02-19T05:15:00.000000000,20477.291593,-12486.57652,11397.831611
2022-02-19T05:30:00.000000000,21657.314454,-12547.58495,8868.830165
2022-02-19T05:45:00.000000000,22550.763741,-12582.493598,6187.088183
2022-02-19T06:00:00.000000000,23152.026242,-12552.806277,3398.788069
2022-02-19T06:15:00.000000000,23464.293474,-12420.708172,551.951433
2022-02-19T06:30:00.000000000,23499.324709,-12150.697158,-2304.391051
2022-02-19T06:45:00.000000000,23276.889136,-11711.13252,-5121.047386
2022-02-19T07:00:00.000000000,22823.909275,-11075.640201,-7849.514625
2022-02-19T07:15:00.000000000,22173.339348,-10224.319286,-10442.816819
2022-02-19T07:30:00.000000000,21362.822649,-9144.702209,-12856.315807
2022-02-19T07:45:00.000000000,20433.180417,-7832.43077,-15048.480653
2022-02-19T08:00:00.000000000,19426.791217,-6291.621189,-16981.602364
2022-02-19T08:15:00.000000000,18385.923904,-4534.903466,-18622.441622
2022-02-19T08:30:00.000000000,17351.088894,-2583.132992,-19942.798522
2022-02-19T08:45:00.000000000,16359.471578,-464.785019,-20919.994776
2022-02-19T09:00:00.000000000,15443.508349,1784.945216,-21537.2604
2022-02-19T09:15:00.000000000,14629.66004,4125.302598,-21784.01861
2022-02-19T09:30:00.000000000,13937.42982,6511.348404,-21656.064357
2022-02-19T09:45:00.000000000,13378.663038,8895.500445,-21155.633752
2022-02-19T10:00:00.000000000,12957.155597,11229.178539,-20291.363388
2022-02-19T10:15:00.000000000,12668.585481,13464.492724,-19078.140395
2022-02-19T10:30:00.000000000,12500.769607,15555.910081,-17536.845819
2022-02-19T10:45:00.000000000,12434.235639,17461.836732,-15693.995685
2022-02-19T11:00:00.000000000,12443.086221,19146.05488,-13581.285756
2022-02-19T11:15:00.000000000,12496.121859,20578.960205,-11235.047648
2022-02-19T11:30:00.000000000,12558.178608,21738.552585,-8695.625447
2022-02-19T11:45:00.000000000,12591.628452,22611.142498,-6006.683384
2022-02-19T12:00:00.000000000,12557.983898,23191.746364,-3214.456326
2022-02-19T12:15:00.000000000,12419.544209,23484.156034,-366.955879
2022-02-19T12:30:00.000000000,12141.019073,23500.680161,2486.854261
2022-02-19T12:45:00.000000000,11691.066281,23261.567816,5297.899528
2022-02-19T13:00:00.000000000,11043.683295,22794.136996,8017.837766
2022-02-19T13:15:00.000000000,10179.398201,22131.642018,10599.89001
2022-02-19T13:30:00.000000000,9086.213268,21311.923873,12999.644442
2022-02-19T13:45:00.000000000,7760.26388,20375.895959,15175.819688
2022-02-19T14:00:00.000000000,6206.166605,19365.923905,17090.974353
2022-02-19T14:15:00.000000000,4437.042125,18324.162242,18712.150671
2022-02-19T14:30:00.000000000,2474.211282,17290.912254,20011.441286
2022-02-19T14:45:00.000000000,346.575096,16303.064477,20966.469561
2022-02-19T15:00:00.000000000,-1910.298279,15392.685954,21560.775238
2022-02-19T15:15:00.000000000,-4255.345404,14585.806751,21784.098907
2022-02-19T15:30:00.000000000,-6643.393993,13901.45249,21632.560407
2022-02-19T15:45:00.000000000,-9026.711453,13350.960175,21108.728012
2022-02-19T16:00:00.000000000,-11356.656752,12937.603613,20221.577097
2022-02-19T16:15:00.000000000,-13585.372787,12656.542803,18986.338744
2022-02-19T16:30:00.000000000,-15667.454738,12495.099113,17424.240638
2022-02-19T16:45:00.000000000,-17561.530734,12433.345447,15562.144378
2022-02-19T17:00:00.000000000,-19231.69434,12444.988369,13432.085163
2022-02-19T17:15:00.000000000,-20648.734014,12498.507729,11070.72151
2022-02-19T17:30:00.000000000,-21791.112412,12558.509303,8518.704307
2022-02-19T17:45:00.000000000,-22645.657963,12587.237518,5819.976009
2022-02-19T18:00:00.000000000,-23207.942306,12546.189041,3021.012097
2022-02-19T18:15:00.000000000,-23482.329297,12397.763954,170.018065
2022-02-19T18:30:00.000000000,-23481.694064,12106.889711,-2683.903954
2022-02-19T18:45:00.000000000,-23226.823438,11642.554078,-5491.604191
2022-02-19T19:00:00.000000000,-22745.52149,10979.186762,-8204.734868
2022-02-19T19:15:00.000000000,-22071.455379,10097.835382,-10776.585405
2022-02-19T19:30:00.000000000,-21242.786773,8987.089451,-13162.888535
2022-02-19T19:45:00.000000000,-20300.642387,7643.715865,-15322.583208
2022-02-19T20:00:00.000000000,-19287.483316,6072.980724,-17218.521068
2022-02-19T20:15:00.000000000,-18245.436626,4288.644419,-18818.104355
2022-02-19T20:30:00.000000000,-17214.653954,2312.629663,-20093.84447
2022-02-19T20:45:00.000000000,-16231.760644,174.374749,-21023.831808
2022-02-19T21:00:00.000000000,-15328.455261,-2090.103582,-21592.109157
2022-02-19T21:15:00.000000000,-14530.313345,-4439.402112,-21788.942576
2022-02-19T21:30:00.000000000,-13855.841269,-6828.132685,-21610.985464
2022-02-19T21:45:00.000000000,-13315.81629,-9208.480057,-21061.333282
2022-02-19T22:00:00.000000000,-12912.937806,-11531.856823,-20149.468191
2022-02-19T22:15:00.000000000,-12641.802803,-13750.592526,-18891.09469
2022-02-19T22:30:00.000000000,-12489.205957,-15819.592718,-17307.869068
2022-02-19T22:45:00.000000000,-12434.75236,-17697.9049,-15427.027251
2022-02-19T23:00:00.000000000,-12451.758772,-19350.131779,-13280.917294
2022-02-19T23:15:00.000000000,-12508.408165,-20747.638084,-10906.44436
2022-02-19T23:30:00.000000000,-12569.112542,-21869.505064,-8344.437526
2022-02-19T23:45:00.000000000,-12596.030895,-22703.196415,-5638.949142
2022-02-18T00:00:00.000000000,-12569.23143,-23001.089451,-4342.830564
2022-02-18T00:15:00.000000000,-12476.842652,-23408.009319,-1511.755368
2022-02-18T00:30:00.000000000,-12258.288888,-23533.063504,1345.313971
2022-02-18T00:45:00.000000000,-11880.462882,-23393.386708,4179.248096
2022-02-18T01:00:00.000000000,-11315.055751,-23013.567267,6941.312783
2022-02-18T01:15:00.000000000,-10539.834892,-22424.615265,9584.006368
2022-02-18T01:30:00.000000000,-9539.69236,-21662.694744,12061.876036
2022-02-18T01:45:00.000000000,-8307.422453,-20767.669293,14332.298949
2022-02-18T02:00:00.000000000,-6844.197665,-19781.517437,16356.214781
2022-02-18T02:15:00.000000000,-5159.723842,-18746.679201,18098.797121
2022-02-18T02:30:00.000000000,-3272.067658,-17704.397855,19530.052316
2022-02-18T02:45:00.000000000,-1207.162224,-16693.120917,20625.335534
2022-02-18T03:00:00.000000000,1001.991053,-15747.022177,21365.775308
2022-02-18T03:15:00.000000000,3316.394522,-14894.701755,21738.599332
2022-02-18T03:30:00.000000000,5692.359886,-14158.114317,21737.355932
2022-02-18T03:45:00.000000000,8082.997984,-13551.766744,21362.027364
2022-02-18T04:00:00.000000000,10439.836269,-13082.216156,20619.032874
2022-02-18T04:15:00.000000000,12714.502497,-12747.887553,19521.121253
2022-02-18T04:30:00.000000000,14860.410475,-12539.218037,18087.154486
2022-02-18T04:45:00.000000000,16834.383589,-12439.121858,16341.785915
2022-02-18T05:00:00.000000000,18598.153984,-12423.758139,14315.038149
2022-02-18T05:15:00.000000000,20119.680031,-12463.571297,12041.787724
2022-02-18T05:30:00.000000000,21374.231583,-12524.56352,9561.165182
2022-02-18T05:45:00.000000000,22345.201384,-12569.749559,6915.880825
2022-02-18T06:00:00.000000000,23024.611596,-12560.736885,4151.487753
2022-02-18T06:15:00.000000000,23413.296165,-12459.369288,1315.595042
2022-02-18T06:30:00.000000000,23520.752324,-12229.369427,-1542.95514
2022-02-18T06:45:00.000000000,23364.667428,-11837.91584,-4374.931965
2022-02-18T07:00:00.000000000,22970.139929,-11257.092415,-7131.567015
2022-02-18T07:15:00.000000000,22368.625207,-10465.153321,-9765.396928
2022-02-18T07:30:00.000000000,21596.647644,-9447.5536,-12231.082802
2022-02-18T07:45:00.000000000,20694.329383,-8197.704758,-14486.191978
2022-02-18T08:00:00.000000000,19703.793208,-6717.425475,-16491.928612
2022-02-18T08:15:00.000000000,18667.501772,-5017.069374,-18213.800432
2022-02-18T08:30:00.000000000,17626.597684,-3115.32435,-19622.210355
2022-02-18T08:45:00.000000000,16619.308779,-1038.690695,-20692.962958
2022-02-18T09:00:00.000000000,15679.480164,1179.342423,-21407.677437
2022-02-18T09:15:00.000000000,14835.2896,3499.390936,-21754.100268
2022-02-18T09:30:00.000000000,14108.195525,5877.498763,-21726.312557
2022-02-18T09:45:00.000000000,13512.157954,8266.639355,-21324.828811
2022-02-18T10:00:00.000000000,13053.161873,10618.338803,-20556.585687
2022-02-18T10:15:00.000000000,12729.061065,12884.35881,-19434.821041
2022-02-18T10:30:00.000000000,12529.7479,15018.375509,-17978.84543
2022-02-18T10:45:00.000000000,12437.642084,16977.590336,-16213.709937
2022-02-18T11:00:00.000000000,12428.479032,18724.211625,-14169.775921
2022-02-18T11:15:00.000000000,12472.367015,20226.750621,-11882.193929
2022-02-18T11:30:00.000000000,12535.071772,21461.082601,-9390.300525
2022-02-18T11:45:00.000000000,12579.478549,22411.232779,-6736.943255
2022-02-18T12:00:00.000000000,12567.174547,23069.857222,-3967.745195
2022-02-18T12:15:00.000000000,12460.090123,23438.400701,-1130.32163
2022-02-18T12:30:00.000000000,12222.134703,23526.925801,1726.53771
2022-02-18T12:45:00.000000000,11820.763561,23353.620299,4553.706786
2022-02-18T13:00:00.000000000,11228.41422,22944.002217,7302.567334
2022-02-18T13:15:00.000000000,10423.756245,22329.853593,9925.844312
2022-02-18T13:30:00.000000000,9392.705389,21547.924488,12378.418323
2022-02-18T13:45:00.000000000,8129.162151,20638.457585,14618.101025
2022-02-18T14:00:00.000000000,6635.445399,19643.590595,16606.360211
2022-02-18T14:15:00.000000000,4922.403535,18605.69837,18308.982155
2022-02-18T14:30:00.000000000,3009.198015,17565.738861,19696.659941
2022-02-18T14:45:00.000000000,922.766716,16561.666849,20745.497754
2022-02-18T15:00:00.000000000,-1303.013073,15626.976701,21437.422584
2022-02-18T15:15:00.000000000,-3628.430743,14789.430365,21760.496334
2022-02-18T15:30:00.000000000,-6009.275822,14070.019649,21709.122994
2022-02-18T15:45:00.000000000,-8398.348388,13482.202757,21284.147269
2022-02-18T16:00:00.000000000,-10747.089135,13031.444462,20492.84283
2022-02-18T16:15:00.000000000,-13007.267112,12715.077591,19348.790192
2022-02-18T16:30:00.000000000,-15132.660847,12522.491035,17871.646047
2022-02-18T16:45:00.000000000,-17080.668679,12435.636879,16086.807714
2022-02-18T17:00:00.000000000,-18813.786744,12429.836843,14024.978181
2022-02-18T17:15:00.000000000,-20300.897989,12474.856539,11721.638974
2022-02-18T17:30:00.000000000,-21518.322838,12536.205602,9216.439703
2022-02-18T17:45:00.000000000,-22450.591192,12576.61285,6552.514763
2022-02-18T18:00:00.000000000,-23090.90624,12557.618734,3775.738949
2022-02-18T18:15:00.000000000,-23441.282454,12441.222636,933.934978
2022-02-18T18:30:00.000000000,-23512.352797,12191.520404,-1923.953148
2022-02-18T18:45:00.000000000,-23322.853033,11776.267783,-4748.70638
2022-02-18T19:00:00.000000000,-22898.803627,11168.3083,-7491.681484
2022-02-18T19:15:00.000000000,-22272.421447,10346.809416,-10105.651485
2022-02-18T19:30:00.000000000,-21480.804005,9298.258282,-12545.620893
2022-02-18T19:45:00.000000000,-20564.437725,8017.177805,-14769.601438
2022-02-18T20:00:00.000000000,-19565.588497,6506.534662,-16739.334825
2022-02-18T20:15:00.000000000,-18526.63717,4777.822901,-18420.950076
2022-02-18T20:30:00.000000000,-17488.424646,2850.81932,-19785.544283
2022-02-18T20:45:00.000000000,-16488.670669,753.019568,-20809.677016
2022-02-18T21:00:00.000000000,-15560.527354,-1481.223857,-21475.770199
2022-02-18T21:15:00.000000000,-14731.323171,-3811.829037,-21772.406933
2022-02-18T21:30:00.000000000,-14021.545549,-6194.334689,-21694.524468
2022-02-18T21:45:00.000000000,-13444.101005,-8581.421527,-21243.498312
2022-02-18T22:00:00.000000000,-13003.880885,-10924.547122,-20427.116265
2022-02-18T22:15:00.000000000,-12697.649006,-13175.63208,-19259.442957
2022-02-18T22:30:00.000000000,-12514.255068,-15288.733438,-17760.577263
2022-02-18T22:45:00.000000000,-12435.165121,-17221.641655,-15956.306691
2022-02-18T23:00:00.000000000,-12435.288177,-18937.34043,-13877.664585
2022-02-18T23:15:00.000000000,-12484.066607,-20405.273857,-11560.397558
2022-02-18T23:30:00.000000000,-12546.787766,-21602.372695,-9044.352131
2022-02-18T23:45:00.000000000,-12586.065735,-22513.800788,-6372.790942
2022-02-19T00:00:00.000000000,-12563.435409,-23133.393347,-3591.650154
2022-02-19T00:15:00.000000000,-12440.996808,-23463.770657,-748.750706
2022-02-19T00:30:00.000000000,-12183.045433,-23516.123231,2107.023023
2022-02-19T00:45:00.000000000,-11757.625076,-23309.677116,4926.563043
2022-02-19T01:00:00.000000000,-11137.942277,-22870.860364,7661.381576
2022-02-19T01:15:00.000000000,-10303.587139,-22232.203208,10264.444309
2022-02-19T01:30:00.000000000,-9241.512515,-21431.014769,12690.97871
2022-02-19T01:45:00.000000000,-7946.732986,-20507.887676,14899.243505
2022-02-19T02:00:00.000000000,-6422.715848,-19505.088617,16851.246083
2022-02-19T02:15:00.000000000,-4681.448172,-18464.897141,18513.395591
2022-02-19T02:30:00.000000000,-2743.176499,-17427.956989,19857.080565
2022-02-19T02:45:00.000000000,-635.828336,-16431.70367,20859.1613
2022-02-19T03:00:00.000000000,1605.863177,-15508.92897,21502.368588
2022-02-19T03:15:00.000000000,3941.498618,-14686.53779,21775.602053
2022-02-19T03:30:00.000000000,6326.372703,-13984.545213,21674.122969
2022-02-19T03:45:00.000000000,8713.004282,-13415.352439,21199.638194
2022-02-19T04:00:00.000000000,11052.777877,-12983.329453,20360.273619
2022-02-19T04:15:00.000000000,13297.634322,-12684.720437,19170.437409
2022-02-19T04:30:00.000000000,15401.746081,-12507.875451,17650.575072
2022-02-19T04:45:00.000000000,17323.113307,-12433.799289,15826.820289
2022-02-19T05:00:00.000000000,19025.019582,-12436.996057,13730.547202
2022-02-19T05:15:00.000000000,20477.291593,-12486.57652,11397.831611
2022-02-19T05:30:00.000000000,21657.314454,-12547.58495,8868.830165
2022-02-19T05:45:00.000000000,22550.763741,-12582.493598,6187.088183
2022-02-19T06:00:00.000000000,23152.026242,-12552.806277,3398.788069
2022-02-19T06:15:00.000000000,23464.293474,-12420.708172,551.951433
2022-02-19T06:30:00.000000000,23499.324709,-12150.697158,-2304.391051
2022-02-19T06:45:00.000000000,23276.889136,-11711.13252,-5121.047386
2022-02-19T07:00:00.000000000,22823.909275,-11075.640201,-7849.514625
2022-02-19T07:15:00.000000000,22173.339348,-10224.319286,-10442.816819
2022-02-19T07:30:00.000000000,21362.822649,-9144.702209,-12856.315807
2022-02-19T07:45:00.000000000,20433.180417,-7832.43077,-15048.480653
2022-02-19T08:00:00.000000000,19426.791217,-6291.621189,-16981.602364
2022-02-19T08:15:00.000000000,18385.923904,-4534.903466,-18622.441622
2022-02-19T08:30:00.000000000,17351.088894,-2583.132992,-19942.798522
2022-02-19T08:45:00.000000000,16359.471578,-464.785019,-20919.994776
2022-02-19T09:00:00.000000000,15443.508349,1784.945216,-21537.2604
2022-02-19T09:15:00.000000000,14629.66004,4125.302598,-21784.01861
2022-02-19T09:30:00.000000000,13937.42982,6511.348404,-21656.064357
2022-02-19T09:45:00.000000000,13378.663038,8895.500445,-21155.633752
2022-02-19T10:00:00.000000000,12957.155597,11229.178539,-20291.363388
2022-02-19T10:15:00.000000000,12668.585481,13464.492724,-19078.140395
2022-02-19T10:30:00.000000000,12500.769607,15555.910081,-17536.845819
2022-02-19T10:45:00.000000000,12434.235639,17461.836732,-15693.995685
2022-02-19T11:00:00.000000000,12443.086221,19146.05488,-13581.285756
2022-02-19T11:15:00.000000000,12496.121859,20578.960205,-11235.047648
2022-02-19T11:30:00.000000000,12558.178608,21738.552585,-8695.625447
2022-02-19T11:45:00.000000000,12591.628452,22611.142498,-6006.683384
2022-02-19T12:00:00.000000000,12557.983898,23191.746364,-3214.456326
2022-02-19T12:15:00.000000000,12419.544209,23484.156034,-366.955879
2022-02-19T12:30:00.000000000,12141.019073,23500.680161,2486.854261
2022-02-19T12:45:00.000000000,11691.066281,23261.567816,5297.899528
2022-02-19T13:00:00.000000000,11043.683295,22794.136996,8017.837766
2022-02-19T13:15:00.000000000,10179.398201,22131.642018,10599.89001
2022-02-19T13:30:00.000000000,9086.213268,21311.923873,12999.644442
2022-02-19T13:45:00.000000000,7760.26388,20375.895959,15175.819688
2022-02-19T14:00:00.000000000,6206.166605,19365.923905,17090.974353
2022-02-19T14:15:00.000000000,4437.042125,18324.162242,18712.150671
2022-02-19T14:30:00.000000000,2474.211282,17290.912254,20011.441286
2022-02-19T14:45:00.000000000,346.575096,16303.064477,20966.469561
2022-02-19T15:00:00.000000000,-1910.298279,15392.685954,21560.775238
2022-02-19T15:15:00.000000000,-4255.345404,14585.806751,21784.098907
2022-02-19T15:30:00.000000000,-6643.393993,13901.45249,21632.560407
2022-02-19T15:45:00.000000000,-9026.711453,13350.960175,21108.728012
2022-02-19T16:00:00.000000000,-11356.656752,12937.603613,20221.577097
2022-02-19T16:15:00.000000000,-13585.372787,12656.542803,18986.338744
2022-02-19T16:30:00.000000000,-15667.454738,12495.099113,17424.240638
2022-02-19T16:45:00.000000000,-17561.530734,12433.345447,15562.144378
2022-02-19T17:00:00.000000000,-19231.69434,12444.988369,13432.085163
2022-02-19T17:15:00.000000000,-20648.734014,12498.507729,11070.72151
2022-02-19T17:30:00.000000000,-21791.112412,12558.509303,8518.704307
2022-02-19T17:45:00.000000000,-22645.657963,12587.237518,5819.976009
2022-02-19T18:00:00.000000000,-23207.942306,12546.189041,3021.012097
2022-02-19T18:15:00.000000000,-23482.329297,12397.763954,170.018065
2022-02-19T18:30:00.000000000,-23481.694064,12106.889711,-2683.903954
2022-02-19T18:45:00.000000000,-23226.823438,11642.554078,-5491.604191
2022-02-19T19:00:00.000000000,-22745.52149,10979.186762,-8204.734868
2022-02-19T19:15:00.000000000,-22071.455379,10097.835382,-10776.585405
2022-02-19T19:30:00.000000000,-21242.786773,8987.089451,-13162.888535
2022-02-19T19:45:00.000000000,-20300.642387,7643.715865,-15322.583208
2022-02-19T20:00:00.000000000,-19287.483316,6072.980724,-17218.521068
2022-02-19T20:15:00.000000000,-18245.436626,4288.644419,-18818.104355
2022-02-19T20:30:00.000000000,-17214.653954,2312.629663,-20093.84447
2022-02-19T20:45:00.000000000,-16231.760644,174.374749,-21023.831808
2022-02-19T21:00:00.000000000,-15328.455261,-2090.103582,-21592.109157
2022-02-19T21:15:00.000000000,-14530.313345,-4439.402112,-21788.942576
2022-02-19T21:30:00.000000000,-13855.841269,-6828.132685,-21610.985464
2022-02-19T21:45:00.000000000,-13315.81629,-9208.480057,-21061.333282
2022-02-19T22:00:00.000000000,-12912.937806,-11531.856823,-20149.468191
2022-02-19T22:15:00.000000000,-12641.802803,-13750.592526,-18891.09469
2022-02-19T22:30:00.000000000,-12489.205957,-15819.592718,-17307.869068
2022-02-19T22:45:00.000000000,-12434.75236,-17697.9049,-15427.027251
2022-02-19T23:00:00.000000000,-12451.758772,-19350.131779,-13280.917294
2022-02-19T23:15:00.000000000,-12508.408165,-20747.638084,-10906.44436
2022-02-19T23:30:00.000000000,-12569.112542,-21869.505064,-8344.437526
2022-02-19T23:45:00.000000000,-12596.030895,-22703.196415,-5638.949142
2022-02-18T00:00:00.000000000,-12569.23143,-23001.089451,-4342.830564
2022-02-18T00:15:00.000000000,-12476.842652,-23408.009319,-1511.755368
2022-02-18T00:30:00.000000000,-12258.288888,-23533.063504,1345.313971
2022-02-18T00:45:00.000000000,-11880.462882,-23393.386708,4179.248096
2022-02-18T01:00:00.000000000,-11315.055751,-23013.567267,6941.312783
2022-02-18T01:15:00.000000000,-10539.834892,-22424.615265,9584.006368
2022-02-18T01:30:00.000000000,-9539.69236,-21662.694744,12061.876036
2022-02-18T01:45:00.000000000,-8307.422453,-20767.669293,14332.298949
2022-02-18T02:00:00.000000000,-6844.197665,-19781.517437,16356.214781
2022-02-18T02:15:00.000000000,-5159.723842,-18746.679201,18098.797121
2022-02-18T02:30:00.000000000,-3272.067658,-17704.397855,19530.052316
2022-02-18T02:45:00.000000000,-1207.162224,-16693.120917,20625.335534
2022-02-18T03:00:00.000000000,1001.991053,-15747.022177,21365.775308
2022-02-18T03:15:00.000000000,3316.394522,-14894.701755,21738.599332
2022-02-18T03:30:00.000000000,5692.359886,-14158.114317,21737.355932
2022-02-18T03:45:00.000000000,8082.997984,-13551.766744,21362.027364
2022-02-18T04:00:00.000000000,10439.836269,-13082.216156,20619.032874
2022-02-18T04:15:00.000000000,12714.502497,-12747.887553,19521.121253
2022-02-18T04:30:00.000000000,14860.410475,-12539.218037,18087.154486
2022-02-18T04:45:00.000000000,16834.383589,-12439.121858,16341.785915
2022-02-18T05:00:00.000000000,18598.153984,-12423.758139,14315.038149
2022-02-18T05:15:00.000000000,20119.680031,-12463.571297,12041.787724
2022-02-18T05:30:00.000000000,21374.231583,-12524.56352,9561.165182
2022-02-18T05:45:00.000000000,22345.201384,-12569.749559,6915.880825
2022-02-18T06:00:00.000000000,23024.611596,-12560.736885,4151.487753
2022-02-18T06:15:00.000000000,23413.296165,-12459.369288,1315.595042
2022-02-18T06:30:00.000000000,23520.752324,-12229.369427,-1542.95514
2022-02-18T06:45:00.000000000,23364.667428,-11837.91584,-4374.931965
2022-02-18T07:00:00.000000000,22970.139929,-11257.092415,-7131.567015
2022-02-18T07:15:00.000000000,22368.625207,-10465.153321,-9765.396928
2022-02-18T07:30:00.000000000,21596.647644,-9447.5536,-12231.082802
2022-02-18T07:45:00.000000000,20694.329383,-8197.704758,-14486.191978
2022-02-18T08:00:00.000000000,19703.793208,-6717.425475,-16491.928612
2022-02-18T08:15:00.000000000,18667.501772,-5017.069374,-18213.800432
2022-02-18T08:30:00.000000000,17626.597684,-3115.32435,-19622.210355
2022-02-18T08:45:00.000000000,16619.308779,-1038.690695,-20692.962958
2022-02-18T09:00:00.000000000,15679.480164,1179.342423,-21407.677437
2022-02-18T09:15:00.000000000,14835.2896,3499.390936,-21754.100268
2022-02-18T09:30:00.000000000,14108.195525,5877.498763,-21726.312557
2022-02-18T09:45:00.000000000,13512.157954,8266.639355,-21324.828811
2022-02-18T10:00:00.000000000,13053.161873,10618.338803,-20556.585687
2022-02-18T10:15:00.000000000,12729.061065,12884.35881,-19434.821041
2022-02-18T10:30:00.000000000,12529.7479,15018.375509,-17978.84543
2022-02-18T10:45:00.000000000,12437.642084,16977.590336,-16213.709937
2022-02-18T11:00:00.000000000,12428.479032,18724.211625,-14169.775921
2022-02-18T11:15:00.000000000,12472.367015,20226.750621,-11882.193929
2022-02-18T11:30:00.000000000,12535.071772,21461.082601,-9390.300525
2022-02-18T11:45:00.000000000,12579.478549,22411.232779,-6736.943255
2022-02-18T12:00:00.000000000,12567.174547,23069.857222,-3967.745195
2022-02-18T12:15:00.000000000,12460.090123,23438.400701,-1130.32163
2022-02-18T12:30:00.000000000,12222.134703,23526.925801,1726.53771
2022-02-18T12:45:00.000000000,11820.763561,23353.620299,4553.706786
2022-02-18T13:00:00.000000000,11228.41422,22944.002217,7302.567334
2022-02-18T13:15:00.000000000,10423.756245,22329.853593,9925.844312
2022-02-18T13:30:00.000000000,9392.705389,21547.924488,12378.418323
2022-02-18T13:45:00.000000000,8129.162151,20638.457585,14618.101025
2022-02-18T14:00:00.000000000,6635.445399,19643.590595,16606.360211
2022-02-18T14:15:00.000000000,4922.403535,18605.69837,18308.982155
2022-02-18T14:30:00.000000000,3009.198015,17565.738861,19696.659941
2022-02-18T14:45:00.000000000,922.766716,16561.666849,20745.497754
2022-02-18T15:00:00.000000000,-1303.013073,15626.976701,21437.422584
2022-02-18T15:15:00.000000000,-3628.430743,14789.430365,21760.496334
2022-02-18T15:30:00.000000000,-6009.275822,14070.019649,21709.122994
2022-02-18T15:45:00.000000000,-8398.348388,13482.202757,21284.147269
2022-02-18T16:00:00.000000000,-10747.089135,13031.444462,20492.84283
2022-02-18T16:15:00.000000000,-13007.267112,12715.077591,19348.790192
2022-02-18T16:30:00.000000000,-15132.660847,12522.491035,17871.646047
2022-02-18T16:45:00.000000000,-17080.668679,12435.636879,16086.807714
2022-02-18T17:00:00.000000000,-18813.786744,12429.836843,14024.978181
2022-02-18T17:15:00.000000000,-20300.897989,12474.856539,11721.638974
2022-02-18T17:30:00.000000000,-21518.322838,12536.205602,9216.439703
2022-02-18T17:45:00.000000000,-22450.591192,12576.61285,6552.514763
2022-02-18T18:00:00.000000000,-23090.90624,12557.618734,3775.738949
2022-02-18T18:15:00.000000000,-23441.282454,12441.222636,933.934978
2022-02-18T18:30:00.000000000,-23512.352797,12191.520404,-1923.953148
2022-02-18T18:45:00.000000000,-23322.853033,11776.267783,-4748.70638
2022-02-18T19:00:00.000000000,-22898.803627,11168.3083,-7491.681484
2022-02-18T19:15:00.000000000,-22272.421447,10346.809416,-10105.651485
2022-02-18T19:30:00.000000000,-21480.804005,9298.258282,-12545.620893
2022-02-18T19:45:00.000000000,-20564.437725,8017.177805,-14769.601438
2022-02-18T20:00:00.000000000,-19565.588497,6506.534662,-16739.334825
2022-02-18T20:15:00.000000000,-18526.63717,4777.822901,-18420.950076
2022-02-18T20:30:00.000000000,-17488.424646,2850.81932,-19785.544283
2022-02-18T20:45:00.000000000,-16488.670669,753.019568,-20809.677016
2022-02-18T21:00:00.000000000,-15560.527354,-1481.223857,-21475.770199
2022-02-18T21:15:00.000000000,-14731.323171,-3811.829037,-21772.406933
2022-02-18T21:30:00.000000000,-14021.545549,-6194.334689,-21694.524468
2022-02-18T21:45:00.000000000,-13444.101005,-8581.421527,-21243.498312
2022-02-18T22:00:00.000000000,-13003.880885,-10924.547122,-20427.116265
2022-02-18T22:15:00.000000000,-12697.649006,-13175.63208,-19259.442957
2022-02-18T22:30:00.000000000,-12514.255068,-15288.733438,-17760.577263
2022-02-18T22:45:00.000000000,-12435.165121,-17221.641655,-15956.306691
2022-02-18T23:00:00.000000000,-12435.288177,-18937.34043,-13877.664585
2022-02-18T23:15:00.000000000,-12484.066607,-20405.273857,-11560.397558
2022-02-18T23:30:00.000000000,-12546.787766,-21602.372695,-9044.352131
2022-02-18T23:45:00.000000000,-12586.065735,-22513.800788,-6372.790942
2022-02-19T00:00:00.000000000,-12563.435409,-23133.393347,-3591.650154
2022-02-19T00:15:00.000000000,-12440.996808,-23463.770657,-748.750706
2022-02-19T00:30:00.000000000,-12183.045433,-23516.123231,2107.023023
2022-02-19T00:45:00.000000000,-11757.625076,-23309.677116,4926.563043
2022-02-19T01:00:00.000000000,-11137.942277,-22870.860364,7661.381576
2022-02-19T01:15:00.000000000,-10303.587139,-22232.203208,10264.444309
2022-02-19T01:30:00.000000000,-9241.512515,-21431.014769,12690.97871
2022-02-19T01:45:00.000000000,-7946.732986,-20507.887676,14899.243505
2022-02-19T02:00:00.000000000,-6422.715848,-19505.088617,16851.246083
2022-02-19T02:15:00.000000000,-4681.448172,-18464.897141,18513.395591
2022-02-19T02:30:00.000000000,-2743.176499,-17427.956989,19857.080565
2022-02-19T02:45:00.000000000,-635.828336,-16431.70367,20859.1613
2022-02-19T03:00:00.000000000,1605.863177,-15508.92897,21502.368588
2022-02-19T03:15:00.000000000,3941.498618,-14686.53779,21775.602053
2022-02-19T03:30:00.000000000,6326.372703,-13984.545213,21674.122969
2022-02-19T03:45:00.000000000,8713.004282,-13415.352439,21199.638194
2022-02-19T04:00:00.000000000,11052.777877,-12983.329453,20360.273619
2022-02-19T04:15:00.000000000,13297.634322,-12684.720437,19170.437409
2022-02-19T04:30:00.000000000,15401.746081,-12507.875451,17650.575072
2022-02-19T04:45:00.000000000,17323.113307,-12433.799289,15826.820289
2022-02-19T05:00:00.000000000,19025.019582,-12436.996057,13730.547202
2022-02-19T05:15:00.000000000,20477.291593,-12486.57652,11397.831611
2022-02-19T05:30:00.000000000,21657.314454,-12547.58495,8868.830165
2022-02-19T05:45:00.000000000,22550.763741,-12582.493598,6187.088183
2022-02-19T06:00:00.000000000,23152.026242,-12552.806277,3398.788069
2022-02-19T06:15:00.000000000,23464.293474,-12420.708172,551.951433
2022-02-19T06:30:00.000000000,23499.324709,-12150.697158,-2304.391051
2022-02-19T06:45:00.000000000,23276.889136,-11711.13252,-5121.047386
2022-02-19T07:00:00.000000000,22823.909275,-11075.640201,-7849.514625
2022-02-19T07:15:00.000000000,22173.339348,-10224.319286,-10442.816819
2022-02-19T07:30:00.000000000,21362.822649,-9144.702209,-12856.315807
2022-02-19T07:45:00.000000000,20433.180417,-7832.43077,-15048.480653
2022-02-19T08:00:00.000000000,19426.791217,-6291.621189,-16981.602364
2022-02-19T08:15:00.000000000,18385.923904,-4534.903466,-18622.441622
2022-02-19T08:30:00.000000000,17351.088894,-2583.132992,-19942.798522
2022-02-19T08:45:00.000000000,16359.471578,-464.785019,-20919.994776
2022-02-19T09:00:00.000000000,15443.508349,1784.945216,-21537.2604
2022-02-19T09:15:00.000000000,14629.66004,4125.302598,-21784.01861
2022-02-19T09:30:00.000000000,13937.42982,6511.348404,-21656.064357
2022-02-19T09:45:00.000000000,13378.663038,8895.500445,-21155.633752
2022-02-19T10:00:00.000000000,12957.155597,11229.178539,-20291.363388
2022-02-19T10:15:00.000000000,12668.585481,13464.492724,-19078.140395
2022-02-19T10:30:00.000000000,12500.769607,15555.910081,-17536.845819
2022-02-19T10:45:00.000000000,12434.235639,17461.836732,-15693.995685
2022-02-19T11:00:00.000000000,12443.086221,19146.05488,-13581.285756
2022-02-19T11:15:00.000000000,12496.121859,20578.960205,-11235.047648
2022-02-19T11:30:00.000000000,12558.178608,21738.552585,-8695.625447
2022-02-19T11:45:00.000000000,12591.628452,22611.142498,-6006.683384
2022-02-19T12:00:00.000000000,12557.983898,23191.746364,-3214.456326
2022-02-19T12:15:00.000000000,12419.544209,23484.156034,-366.955879
2022-02-19T12:30:00.000000000,12141.019073,23500.680161,2486.854261
2022-02-19T12:45:00.000000000,11691.066281,23261.567816,5297.899528
2022-02-19T13:00:00.000000000,11043.683295,22794.136996,8017.837766
2022-02-19T13:15:00.000000000,10179.398201,22131.642018,10599.89001
2022-02-19T13:30:00.000000000,9086.213268,21311.923873,12999.644442
2022-02-19T13:45:00.000000000,7760.26388,20375.895959,15175.819688
2022-02-19T14:00:00.000000000,6206.166605,19365.923905,17090.974353
2022-02-19T14:15:00.000000000,4437.042125,18324.162242,18712.150671
2022-02-19T14:30:00.000000000,2474.211282,17290.912254,20011.441286
2022-02-19T14:45:00.000000000,346.575096,16303.064477,20966.469561
2022-02-19T15:00:00.000000000,-1910.298279,15392.685954,21560.775238
2022-02-19T15:15:00.000000000,-4255.345404,14585.806751,21784.098907
2022-02-19T15:30:00.000000000,-6643.393993,13901.45249,21632.560407
2022-02-19T15:45:00.000000000,-9026.711453,13350.960175,21108.728012
2022-02-19T16:00:00.000000000,-11356.656752,12937.603613,20221.577097
2022-02-19T16:15:00.000000000,-13585.372787,12656.542803,18986.338744
2022-02-19T16:30:00.000000000,-15667.454738,12495.099113,17424.240638
2022-02-19T16:45:00.000000000,-17561.530734,12433.345447,15562.144378
2022-02-19T17:00:00.000000000,-19231.69434,12444.988369,13432.085163
2022-02-19T17:15:00.000000000,-20648.734014,12498.507729,11070.72151
2022-02-19T17:30:00.000000000,-21791.112412,12558.509303,8518.704307
2022-02-19T17:45:00.000000000,-22645.657963,12587.237518,5819.976009
2022-02-19T18:00:00.000000000,-23207.942306,12546.189041,3021.012097
2022-02-19T18:15:00.000000000,-23482.329297,12397.763954,170.018065
2022-02-19T18:30:00.000000000,-23481.694064,12106.889711,-2683.903954
2022-02-19T18:45:00.000000000,-23226.823438,11642.554078,-5491.604191
2022-02-19T19:00:00.000000000,-22745.52149,10979.186762,-8204.734868
2022-02-19T19:15:00.000000000,-22071.455379,10097.835382,-10776.585405
2022-02-19T19:30:00.000000000,-21242.786773,8987.089451,-13162.888535
2022-02-19T19:45:00.000000000,-20300.642387,7643.715865,-15322.583208
2022-02-19T20:00:00.000000000,-19287.483316,6072.980724,-17218.521068
2022-02-19T20:15:00.000000000,-18245.436626,4288.644419,-18818.104355
2022-02-19T20:30:00.000000000,-17214.653954,2312.629663,-20093.84447
2022-02-19T20:45:00.000000000,-16231.760644,174.374749,-21023.831808
2022-02-19T21:00:00.000000000,-15328.455261,-2090.103582,-21592.109157
2022-02-19T21:15:00.000000000,-14530.313345,-4439.402112,-21788.942576
2022-02-19T21:30:00.000000000,-13855.841269,-6828.132685,-21610.985464
2022-02-19T21:45:00.000000000,-13315.81629,-9208.480057,-21061.333282
2022-02-19T22:00:00.000000000,-12912.937806,-11531.856823,-20149.468191
2022-02-19T22:15:00.000000000,-12641.802803,-13750.592526,-18891.09469
2022-02-19T22:30:00.000000000,-12489.205957,-15819.592718,-17307.869068
2022-02-19T22:45:00.000000000,-12434.75236,-17697.9049,-15427.027251
2022-02-19T23:00:00.000000000,-12451.758772,-19350.131779,-13280.917294
2022-02-19T23:15:00.000000000,-12508.408165,-20747.638084,-10906.44436
2022-02-19T23:30:00.000000000,-12569.112542,-21869.505064,-8344.437526
2022-02-19T23:45:00.000000000,-12596.030895,-22703.196415,-5638.949142
