2022-02-19T00:00:00.000000000,-16735.371771,19905.484004,-5159.842529
2022-02-19T00:15:00.000000000,-16559.048712,19142.706378,-7902.227341
2022-02-19T00:30:00.000000000,-16285.771434,18101.202744,-10507.927174
2022-02-19T00:45:00.000000000,-15955.631639,16784.567171,-12931.955926
2022-02-19T01:00:00.000000000,-15608.425846,15205.228589,-15132.527929
2022-02-19T01:15:00.000000000,-15281.99252,13384.124677,-17071.781919
2022-02-19T01:30:00.000000000,-15010.640136,11350.052056,-18716.43172
2022-02-19T01:45:00.000000000,-14823.727859,9138.718716,-20038.332582
2022-02-19T02:00:00.000000000,-14744.454016,6791.536127,-21014.953959
2022-02-19T02:15:00.000000000,-14788.898989,4354.198339,-21629.751544
2022-02-19T02:30:00.000000000,-14965.358817,1875.103289,-21872.433341
2022-02-19T02:45:00.000000000,-15273.994178,-596.322809,-21739.116608
2022-02-19T03:00:00.000000000,-15706.807073,-3011.333888,-21232.374407
2022-02-19T03:15:00.000000000,-16247.944773,-5323.540426,-20361.172378
2022-02-19T03:30:00.000000000,-16874.318074,-7490.490611,-19140.698093
2022-02-19T03:45:00.000000000,-17556.509014,-9475.097186,-17592.086983
2022-02-19T04:00:00.000000000,-18259.932327,-11246.85702,-15742.050298
2022-02-19T04:15:00.000000000,-18946.205494,-12782.818534,-13622.411954
2022-02-19T04:30:00.000000000,-19574.674587,-14068.261818,-11269.562365
2022-02-19T04:45:00.000000000,-20104.037405,-15097.067124,-8723.83841
2022-02-19T05:00:00.000000000,-20494.001885,-15871.759143,-6028.839762
2022-02-19T05:15:00.000000000,-20706.916613,-16403.22661,-3230.692576
2022-02-19T05:30:00.000000000,-20709.311311,-16710.128912,-377.272272
2022-02-19T05:45:00.000000000,-20473.288588,-16818.012957,2482.60225
2022-02-19T06:00:00.000000000,-19977.713819,-16758.17447,5299.990239
2022-02-19T06:15:00.000000000,-19209.157435,-16566.307368,8026.653577
2022-02-19T06:30:00.000000000,-18162.553169,-16280.992841,10615.870974
2022-02-19T06:45:00.000000000,-16841.546336,-15942.085877,13023.228894
2022-02-19T07:00:00.000000000,-15258.517739,-15589.060924,15207.376379
2022-02-19T07:15:00.000000000,-13434.280985,-15259.380076,17130.731414
2022-02-19T07:30:00.000000000,-11397.463225,-14986.946546,18760.127052
2022-02-19T07:45:00.000000000,-9183.591313,-14800.70319,20067.3863
2022-02-19T08:00:00.000000000,-6833.916661,-14723.430583,21029.815664
2022-02-19T08:15:00.000000000,-4394.022093,-14770.791829,21630.60842
2022-02-19T08:30:00.000000000,-1912.262579,-14950.662087,21859.149926
2022-02-19T08:45:00.000000000,561.901597,-15262.770032,21711.218709
2022-02-19T09:00:00.000000000,2979.616202,-15698.666655,21189.078713
2022-02-19T09:15:00.000000000,5294.323787,-16242.024125,20301.459786
2022-02-19T09:30:00.000000000,7463.368891,-16869.254616,19063.425411
2022-02-19T09:45:00.000000000,9449.455799,-17550.42634,17496.128632
2022-02-19T10:00:00.000000000,11221.902199,-18250.442185,15626.459246
2022-02-19T10:15:00.000000000,12757.639721,-18930.435651,13486.587418
2022-02-19T10:30:00.000000000,14041.92206,-19549.329868,11113.411011
2022-02-19T10:45:00.000000000,15068.712731,-20065.498585,8547.91595
2022-02-19T11:00:00.000000000,15840.737095,-20438.46359,5834.460885
2022-02-19T11:15:00.000000000,16369.196655,-20630.561209,3019.999108
2022-02-19T11:30:00.000000000,16673.157182,-20608.511535,153.252153
2022-02-19T11:45:00.000000000,16778.63524,-20344.827698,-2716.149335
2022-02-19T12:00:00.000000000,16717.419953,-19819.008872,-5538.541162
2022-02-19T12:15:00.000000000,16525.677395,-19018.469336,-8265.100901
2022-02-19T12:30:00.000000000,16242.393679,-17939.166593,-10848.706308
2022-02-19T12:45:00.000000000,15907.719149,-16585.903649,-13244.76072
2022-02-19T13:00:00.000000000,15561.279785,-14972.293668,-15411.970169
2022-02-19T13:15:00.000000000,15240.522894,-13120.388738,-17313.058127
2022-02-19T13:30:00.000000000,14979.162428,-11059.987752,-18915.405347
2022-02-19T13:45:00.000000000,14805.784855,-8827.65096,-20191.603978
2022-02-19T14:00:00.000000000,14742.669716,-6465.460112,-21119.917042
2022-02-19T14:15:00.000000000,14804.870189,-4019.572691,-21684.636317
2022-02-19T14:30:00.000000000,14999.588427,-1538.626348,-21876.333729
2022-02-19T14:45:00.000000000,15325.868694,927.944981,-21692.00331
2022-02-19T15:00:00.000000000,15774.618892,3331.618943,-21135.092758
2022-02-19T15:15:00.000000000,16328.958322,5626.451853,-20215.425428
2022-02-19T15:30:00.000000000,16964.877056,7770.642225,-18949.015358
2022-02-19T15:45:00.000000000,17652.180506,9727.932357,-17357.77951
2022-02-19T16:00:00.000000000,18355.682115,11468.796023,-15469.152907
2022-02-19T16:15:00.000000000,19036.597863,12971.36864,-13315.613672
2022-02-19T16:30:00.000000000,19654.088879,14222.086131,-10934.126237
2022-02-19T16:45:00.000000000,20166.893054,15216.009763,-8365.51203
2022-02-19T17:00:00.000000000,20534.983352,15956.825975,-5653.757961
2022-02-19T17:15:00.000000000,20721.189629,16456.522425,-2845.273854
2022-02-19T17:30:00.000000000,20692.722189,16734.753529,11.889386
2022-02-19T17:45:00.000000000,20422.53901,16817.920323,2868.848445
2022-02-19T18:00:00.000000000,19890.504386,16738.000159,5676.710347
2022-02-19T18:15:00.000000000,19084.294457,16531.171089,8387.396273
2022-02-19T18:30:00.000000000,18000.014541,16236.283519,10954.453313
2022-02-19T18:45:00.000000000,16642.503847,15893.237512,13333.841173
2022-02-19T19:00:00.000000000,15025.314815,15541.327815,15484.681087
2022-02-19T19:15:00.000000000,13170.366517,15217.62004,17369.954634
2022-02-19T19:30:00.000000000,11107.283815,14955.420485,18957.140774
2022-02-19T19:45:00.000000000,8872.445821,14782.898766,20218.780226
2022-02-19T20:00:00.000000000,6507.778395,14721.916896,21132.957246
2022-02-19T20:15:00.000000000,4059.33526,14787.110824,21683.690007
2022-02-19T20:30:00.000000000,1575.720587,14985.261032,21861.222108
2022-02-19T20:45:00.000000000,-893.587607,15314.97789,21662.20915
2022-02-19T21:00:00.000000000,-3299.949829,15766.715442,21089.79598
2022-02-19T21:15:00.000000000,-5597.247948,16323.114649,20153.581939
2022-02-19T21:30:00.000000000,-7743.473892,16959.664216,18869.473375
2022-02-19T21:45:00.000000000,-9702.162826,17645.654616,17259.424641
2022-02-19T22:00:00.000000000,-11443.615101,18345.389146,15351.070933
2022-02-19T22:15:00.000000000,-12945.859131,19019.605412,13177.258415
2022-02-19T22:30:00.000000000,-14195.317373,19627.051953,10775.479178
2022-02-19T22:45:00.000000000,-15187.149078,20126.158134,8187.220647
2022-02-19T23:00:00.000000000,-15925.256243,20476.73137,5457.240917
2022-02-19T23:15:00.000000000,-16421.952608,20641.614298,2632.783215
2022-02-19T23:30:00.000000000,-16697.309041,20588.235853,-237.255926
2022-02-19T23:45:00.000000000,-16778.201644,20289.99431,-3103.189058
2022-02-19T00:00:00.000000000,-16735.371771,19905.484004,-5159.842529
2022-02-19T00:15:00.000000000,-16559.048712,19142.706378,-7902.227341
2022-02-19T00:30:00.000000000,-16285.771434,18101.202744,-10507.927174
2022-02-19T00:45:00.000000000,-15955.631639,16784.567171,-12931.955926
2022-02-19T01:00:00.000000000,-15608.425846,15205.228589,-15132.527929
2022-02-19T01:15:00.000000000,-15281.99252,13384.124677,-17071.781919
2022-02-19T01:30:00.000000000,-15010.640136,11350.052056,-18716.43172
2022-02-19T01:45:00.000000000,-14823.727859,9138.718716,-20038.332582
2022-02-19T02:00:00.000000000,-14744.454016,6791.536127,-21014.953959
2022-02-19T02:15:00.000000000,-14788.898989,4354.198339,-21629.751544
2022-02-19T02:30:00.000000000,-14965.358817,1875.103289,-21872.433341
2022-02-19T02:45:00.000000000,-15273.994178,-596.322809,-21739.116608
2022-02-19T03:00:00.000000000,-15706.807073,-3011.333888,-21232.374407
2022-02-19T03:15:00.000000000,-16247.944773,-5323.540426,-20361.172378
2022-02-19T03:30:00.000000000,-16874.318074,-7490.490611,-19140.698093
2022-02-19T03:45:00.000000000,-17556.509014,-9475.097186,-17592.086983
2022-02-19T04:00:00.000000000,-18259.932327,-11246.85702,-15742.050298
2022-02-19T04:15:00.000000000,-18946.205494,-12782.818534,-13622.411954
2022-02-19T04:30:00.000000000,-19574.674587,-14068.261818,-11269.562365
2022-02-19T04:45:00.000000000,-20104.037405,-15097.067124,-8723.83841
2022-02-19T05:00:00.000000000,-20494.001885,-15871.759143,-6028.839762
2022-02-19T05:15:00.000000000,-20706.916613,-16403.22661,-3230.692576
2022-02-19T05:30:00.000000000,-20709.311311,-16710.128912,-377.272272
2022-02-19T05:45:00.000000000,-20473.288588,-16818.012957,2482.60225
2022-02-19T06:00:00.000000000,-19977.713819,-16758.17447,5299.990239
2022-02-19T06:15:00.000000000,-19209.157435,-16566.307368,8026.653577
2022-02-19T06:30:00.000000000,-18162.553169,-16280.992841,10615.870974
2022-02-19T06:45:00.000000000,-16841.546336,-15942.085877,13023.228894
2022-02-19T07:00:00.000000000,-15258.517739,-15589.060924,15207.376379
2022-02-19T07:15:00.000000000,-13434.280985,-15259.380076,17130.731414
2022-02-19T07:30:00.000000000,-11397.463225,-14986.946546,18760.127052
2022-02-19T07:45:00.000000000,-9183.591313,-14800.70319,20067.3863
2022-02-19T08:00:00.000000000,-6833.916661,-14723.430583,21029.815664
2022-02-19T08:15:00.000000000,-4394.022093,-14770.791829,21630.60842
2022-02-19T08:30:00.000000000,-1912.262579,-14950.662087,21859.149926
2022-02-19T08:45:00.000000000,561.901597,-15262.770032,21711.218709
2022-02-19T09:00:00.000000000,2979.616202,-15698.666655,21189.078713
2022-02-19T09:15:00.000000000,5294.323787,-16242.024125,20301.459786
2022-02-19T09:30:00.000000000,7463.368891,-16869.254616,19063.425411
2022-02-19T09:45:00.000000000,9449.455799,-17550.42634,17496.128632
2022-02-19T10:00:00.000000000,11221.902199,-18250.442185,15626.459246
2022-02-19T10:15:00.000000000,12757.639721,-18930.435651,13486.587418
2022-02-19T10:30:00.000000000,14041.92206,-19549.329868,11113.411011
2022-02-19T10:45:00.000000000,15068.712731,-20065.498585,8547.91595
2022-02-19T11:00:00.000000000,15840.737095,-20438.46359,5834.460885
2022-02-19T11:15:00.000000000,16369.196655,-20630.561209,3019.999108
2022-02-19T11:30:00.000000000,16673.157182,-20608.511535,153.252153
2022-02-19T11:45:00.000000000,16778.63524,-20344.827698,-2716.149335
2022-02-19T12:00:00.000000000,16717.419953,-19819.008872,-5538.541162
2022-02-19T12:15:00.000000000,16525.677395,-19018.469336,-8265.100901
2022-02-19T12:30:00.000000000,16242.393679,-17939.166593,-10848.706308
2022-02-19T12:45:00.000000000,15907.719149,-16585.903649,-13244.76072
2022-02-19T13:00:00.000000000,15561.279785,-14972.293668,-15411.970169
2022-02-19T13:15:00.000000000,15240.522894,-13120.388738,-17313.058127
2022-02-19T13:30:00.000000000,14979.162428,-11059.987752,-18915.405347
2022-02-19T13:45:00.000000000,14805.784855,-8827.65096,-20191.603978
2022-02-19T14:00:00.000000000,14742.669716,-6465.460112,-21119.917042
2022-02-19T14:15:00.000000000,14804.870189,-4019.572691,-21684.636317
2022-02-19T14:30:00.000000000,14999.588427,-1538.626348,-21876.333729
2022-02-19T14:45:00.000000000,15325.868694,927.944981,-21692.00331
2022-02-19T15:00:00.000000000,15774.618892,3331.618943,-21135.092758
2022-02-19T15:15:00.000000000,16328.958322,5626.451853,-20215.425428
2022-02-19T15:30:00.000000000,16964.877056,7770.642225,-18949.015358
2022-02-19T15:45:00.000000000,17652.180506,9727.932357,-17357.77951
2022-02-19T16:00:00.000000000,18355.682115,11468.796023,-15469.152907
2022-02-19T16:15:00.000000000,19036.597863,12971.36864,-13315.613672
2022-02-19T16:30:00.000000000,19654.088879,14222.086131,-10934.126237
2022-02-19T16:45:00.000000000,20166.893054,15216.009763,-8365.51203
2022-02-19T17:00:00.000000000,20534.983352,15956.825975,-5653.757961
2022-02-19T17:15:00.000000000,20721.189629,16456.522425,-2845.273854
2022-02-19T17:30:00.000000000,20692.722189,16734.753529,11.889386
2022-02-19T17:45:00.000000000,20422.53901,16817.920323,2868.848445
2022-02-19T18:00:00.000000000,19890.504386,16738.000159,5676.710347
2022-02-19T18:15:00.000000000,19084.294457,16531.171089,8387.396273
2022-02-19T18:30:00.000000000,18000.014541,16236.283519,10954.453313
2022-02-19T18:45:00.000000000,16642.503847,15893.237512,13333.841173
2022-02-19T19:00:00.000000000,15025.314815,15541.327815,15484.681087
2022-02-19T19:15:00.000000000,13170.366517,15217.62004,17369.954634
2022-02-19T19:30:00.000000000,11107.283815,14955.420485,18957.140774
2022-02-19T19:45:00.000000000,8872.445821,14782.898766,20218.780226
2022-02-19T20:00:00.000000000,6507.778395,14721.916896,21132.957246
2022-02-19T20:15:00.000000000,4059.33526,14787.110824,21683.690007
2022-02-19T20:30:00.000000000,1575.720587,14985.261032,21861.222108
2022-02-19T20:45:00.000000000,-893.587607,15314.97789,21662.20915
2022-02-19T21:00:00.000000000,-3299.949829,15766.715442,21089.79598
2022-02-19T21:15:00.000000000,-5597.247948,16323.114649,20153.581939
2022-02-19T21:30:00.000000000,-7743.473892,16959.664216,18869.473375
2022-02-19T21:45:00.000000000,-9702.162826,17645.654616,17259.424641
2022-02-19T22:00:00.000000000,-11443.615101,18345.389146,15351.070933
2022-02-19T22:15:00.000000000,-12945.859131,19019.605412,13177.258415
2022-02-19T22:30:00.000000000,-14195.317373,19627.051953,10775.479178
2022-02-19T22:45:00.000000000,-15187.149078,20126.158134,8187.220647
2022-02-19T23:00:00.000000000,-15925.256243,20476.73137,5457.240917
2022-02-19T23:15:00.000000000,-16421.952608,20641.614298,2632.783215
2022-02-19T23:30:00.000000000,-16697.309041,20588.235853,-237.255926
2022-02-19T23:45:00.000000000,-16778.201644,20289.99431,-3103.189058
2022-02-19T00:00:00.000000000,-16735.371771,19905.484004,-5159.842529
2022-02-19T00:15:00.000000000,-16559.048712,19142.706378,-7902.227341
2022-02-19T00:30:00.000000000,-16285.771434,18101.202744,-10507.927174
2022-02-19T00:45:00.000000000,-15955.631639,16784.567171,-12931.955926
2022-02-19T01:00:00.000000000,-15608.425846,15205.228589,-15132.527929
2022-02-19T01:15:00.000000000,-15281.99252,13384.124677,-17071.781919
2022-02-19T01:30:00.000000000,-15010.640136,11350.052056,-18716.43172
2022-02-19T01:45:00.000000000,-14823.727859,9138.718716,-20038.332582
2022-02-19T02:00:00.000000000,-14744.454016,6791.536127,-21014.953959
2022-02-19T02:15:00.000000000,-14788.898989,4354.198339,-21629.751544
2022-02-19T02:30:00.000000000,-14965.358817,1875.103289,-21872.433341
2022-02-19T02:45:00.000000000,-15273.994178,-596.322809,-21739.116608
2022-02-19T03:00:00.000000000,-15706.807073,-3011.333888,-21232.374407
2022-02-19T03:15:00.000000000,-16247.944773,-5323.540426,-20361.172378
2022-02-19T03:30:00.000000000,-16874.318074,-7490.490611,-19140.698093
2022-02-19T03:45:00.000000000,-17556.509014,-9475.097186,-17592.086983
2022-02-19T04:00:00.000000000,-18259.932327,-11246.85702,-15742.050298
2022-02-19T04:15:00.000000000,-18946.205494,-12782.818534,-13622.411954
2022-02-19T04:30:00.000000000,-19574.674587,-14068.261818,-11269.562365
2022-02-19T04:45:00.000000000,-20104.037405,-15097.067124,-8723.83841
2022-02-19T05:00:00.000000000,-20494.001885,-15871.759143,-6028.839762
2022-02-19T05:15:00.000000000,-20706.916613,-16403.22661,-3230.692576
2022-02-19T05:30:00.000000000,-20709.311311,-16710.128912,-377.272272
2022-02-19T05:45:00.000000000,-20473.288588,-16818.012957,2482.60225
2022-02-19T06:00:00.000000000,-19977.713819,-16758.17447,5299.990239
2022-02-19T06:15:00.000000000,-19209.157435,-16566.307368,8026.653577
2022-02-19T06:30:00.000000000,-18162.553169,-16280.992841,10615.870974
2022-02-19T06:45:00.000000000,-16841.546336,-15942.085877,13023.228894
2022-02-19T07:00:00.000000000,-15258.517739,-15589.060924,15207.376379
2022-02-19T07:15:00.000000000,-13434.280985,-15259.380076,17130.731414
2022-02-19T07:30:00.000000000,-11397.463225,-14986.946546,18760.127052
2022-02-19T07:45:00.000000000,-9183.591313,-14800.70319,20067.3863
2022-02-19T08:00:00.000000000,-6833.916661,-14723.430583,21029.815664
2022-02-19T08:15:00.000000000,-4394.022093,-14770.791829,21630.60842
2022-02-19T08:30:00.000000000,-1912.262579,-14950.662087,21859.149926
2022-02-19T08:45:00.000000000,561.901597,-15262.770032,21711.218709
2022-02-19T09:00:00.000000000,2979.616202,-15698.666655,21189.078713
2022-02-19T09:15:00.000000000,5294.323787,-16242.024125,20301.459786
2022-02-19T09:30:00.000000000,7463.368891,-16869.254616,19063.425411
2022-02-19T09:45:00.000000000,9449.455799,-17550.42634,17496.128632
2022-02-19T10:00:00.000000000,11221.902199,-18250.442185,15626.459246
2022-02-19T10:15:00.000000000,12757.639721,-18930.435651,13486.587418
2022-02-19T10:30:00.000000000,14041.92206,-19549.329868,11113.411011
2022-02-19T10:45:00.000000000,15068.712731,-20065.498585,8547.91595
2022-02-19T11:00:00.000000000,15840.737095,-20438.46359,5834.460885
2022-02-19T11:15:00.000000000,16369.196655,-20630.561209,3019.999108
2022-02-19T11:30:00.000000000,16673.157182,-20608.511535,153.252153
2022-02-19T11:45:00.000000000,16778.63524,-20344.827698,-2716.149335
2022-02-19T12:00:00.000000000,16717.419953,-19819.008872,-5538.541162
2022-02-19T12:15:00.000000000,16525.677395,-19018.469336,-8265.100901
2022-02-19T12:30:00.000000000,16242.393679,-17939.166593,-10848.706308
2022-02-19T12:45:00.000000000,15907.719149,-16585.903649,-13244.76072
2022-02-19T13:00:00.000000000,15561.279785,-14972.293668,-15411.970169
2022-02-19T13:15:00.000000000,15240.522894,-13120.388738,-17313.058127
2022-02-19T13:30:00.000000000,14979.162428,-11059.987752,-18915.405347
2022-02-19T13:45:00.000000000,14805.784855,-8827.65096,-20191.603978
2022-02-19T14:00:00.000000000,14742.669716,-6465.460112,-21119.917042
2022-02-19T14:15:00.000000000,14804.870189,-4019.572691,-21684.636317
2022-02-19T14:30:00.000000000,14999.588427,-1538.626348,-21876.333729
2022-02-19T14:45:00.000000000,15325.868694,927.944981,-21692.00331
2022-02-19T15:00:00.000000000,15774.618892,3331.618943,-21135.092758
2022-02-19T15:15:00.000000000,16328.958322,5626.451853,-20215.425428
2022-02-19T15:30:00.000000000,16964.877056,7770.642225,-18949.015358
2022-02-19T15:45:00.000000000,17652.180506,9727.932357,-17357.77951
2022-02-19T16:00:00.000000000,18355.682115,11468.796023,-15469.152907
2022-02-19T16:15:00.000000000,19036.597863,12971.36864,-13315.613672
2022-02-19T16:30:00.000000000,19654.088879,14222.086131,-10934.126237
2022-02-19T16:45:00.000000000,20166.893054,15216.009763,-8365.51203
2022-02-19T17:00:00.000000000,20534.983352,15956.825975,-5653.757961
2022-02-19T17:15:00.000000000,20721.189629,16456.522425,-2845.273854
2022-02-19T17:30:00.000000000,20692.722189,16734.753529,11.889386
2022-02-19T17:45:00.000000000,20422.53901,16817.920323,2868.848445
2022-02-19T18:00:00.000000000,19890.504386,16738.000159,5676.710347
2022-02-19T18:15:00.000000000,19084.294457,16531.171089,8387.396273
2022-02-19T18:30:00.000000000,18000.014541,16236.283519,10954.453313
2022-02-19T18:45:00.000000000,16642.503847,15893.237512,13333.841173
2022-02-19T19:00:00.000000000,15025.314815,15541.327815,15484.681087
2022-02-19T19:15:00.000000000,13170.366517,15217.62004,17369.954634
2022-02-19T19:30:00.000000000,11107.283815,14955.420485,18957.140774
2022-02-19T19:45:00.000000000,8872.445821,14782.898766,20218.780226
2022-02-19T20:00:00.000000000,6507.778395,14721.916896,21132.957246
2022-02-19T20:15:00.000000000,4059.33526,14787.110824,21683.690007
2022-02-19T20:30:00.000000000,1575.720587,14985.261032,21861.222108
2022-02-19T20:45:00.000000000,-893.587607,15314.97789,21662.20915
2022-02-19T21:00:00.000000000,-3299.949829,15766.715442,21089.79598
2022-02-19T21:15:00.000000000,-5597.247948,16323.114649,20153.581939
2022-02-19T21:30:00.000000000,-7743.473892,16959.664216,18869.473375
2022-02-19T21:45:00.000000000,-9702.162826,17645.654616,17259.424641
2022-02-19T22:00:00.000000000,-11443.615101,18345.389146,15351.070933
2022-02-19T22:15:00.000000000,-12945.859131,19019.605412,13177.258415
2022-02-19T22:30:00.000000000,-14195.317373,19627.051953,10775.479178
2022-02-19T22:45:00.000000000,-15187.149078,20126.158134,8187.220647
2022-02-19T23:00:00.000000000,-15925.256243,20476.73137,5457.240917
2022-02-19T23:15:00.000000000,-16421.952608,20641.614298,2632.783215
2022-02-19T23:30:00.000000000,-16697.309041,20588.235853,-237.255926
2022-02-19T23:45:00.000000000,-16778.201644,20289.99431,-3103.189058
2022-02-19T00:00:00.000000000,-16735.371771,19905.484004,-5159.842529
2022-02-19T00:15:00.000000000,-16559.048712,19142.706378,-7902.227341
2022-02-19T00:30:00.000000000,-16285.771434,18101.202744,-10507.927174
2022-02-19T00:45:00.000000000,-15955.631639,16784.567171,-12931.955926
2022-02-19T01:00:00.000000000,-15608.425846,15205.228589,-15132.527929
2022-02-19T01:15:00.000000000,-15281.99252,13384.124677,-17071.781919
2022-02-19T01:30:00.000000000,-15010.640136,11350.052056,-18716.43172
2022-02-19T01:45:00.000000000,-14823.727859,9138.718716,-20038.332582
2022-02-19T02:00:00.000000000,-14744.454016,6791.536127,-21014.953959
2022-02-19T02:15:00.000000000,-14788.898989,4354.198339,-21629.751544
2022-02-19T02:30:00.000000000,-14965.358817,1875.103289,-21872.433341
2022-02-19T02:45:00.000000000,-15273.994178,-596.322809,-21739.116608
2022-02-19T03:00:00.000000000,-15706.807073,-3011.333888,-21232.374407
2022-02-19T03:15:00.000000000,-16247.944773,-5323.540426,-20361.172378
2022-02-19T03:30:00.000000000,-16874.318074,-7490.490611,-19140.698093
2022-02-19T03:45:00.000000000,-17556.509014,-9475.097186,-17592.086983
2022-02-19T04:00:00.000000000,-18259.932327,-11246.85702,-15742.050298
2022-02-19T04:15:00.000000000,-18946.205494,-12782.818534,-13622.411954
2022-02-19T04:30:00.000000000,-19574.674587,-14068.261818,-11269.562365
2022-02-19T04:45:00.000000000,-20104.037405,-15097.067124,-8723.83841
2022-02-19T05:00:00.000000000,-20494.001885,-15871.759143,-6028.839762
2022-02-19T05:15:00.000000000,-20706.916613,-16403.22661,-3230.692576
2022-02-19T05:30:00.000000000,-20709.311311,-16710.128912,-377.272272
2022-02-19T05:45:00.000000000,-20473.288588,-16818.012957,2482.60225
2022-02-19T06:00:00.000000000,-19977.713819,-16758.17447,5299.990239
2022-02-19T06:15:00.000000000,-19209.157435,-16566.307368,8026.653577
2022-02-19T06:30:00.000000000,-18162.553169,-16280.992841,10615.870974
2022-02-19T06:45:00.000000000,-16841.546336,-15942.085877,13023.228894
2022-02-19T07:00:00.000000000,-15258.517739,-15589.060924,15207.376379
2022-02-19T07:15:00.000000000,-13434.280985,-15259.380076,17130.731414
2022-02-19T07:30:00.000000000,-11397.463225,-14986.946546,18760.127052
2022-02-19T07:45:00.000000000,-9183.591313,-14800.70319,20067.3863
2022-02-19T08:00:00.000000000,-6833.916661,-14723.430583,21029.815664
2022-02-19T08:15:00.000000000,-4394.022093,-14770.791829,21630.60842
2022-02-19T08:30:00.000000000,-1912.262579,-14950.662087,21859.149926
2022-02-19T08:45:00.000000000,561.901597,-15262.770032,21711.218709
2022-02-19T09:00:00.000000000,2979.616202,-15698.666655,21189.078713
2022-02-19T09:15:00.000000000,5294.323787,-16242.024125,20301.459786
2022-02-19T09:30:00.000000000,7463.368891,-16869.254616,19063.425411
2022-02-19T09:45:00.000000000,9449.455799,-17550.42634,17496.128632
2022-02-19T10:00:00.000000000,11221.902199,-18250.442185,15626.459246
2022-02-19T10:15:00.000000000,12757.639721,-18930.435651,13486.587418
2022-02-19T10:30:00.000000000,14041.92206,-19549.329868,11113.411011
2022-02-19T10:45:00.000000000,15068.712731,-20065.498585,8547.91595
2022-02-19T11:00:00.000000000,15840.737095,-20438.46359,5834.460885
2022-02-19T11:15:00.000000000,16369.196655,-20630.561209,3019.999108
2022-02-19T11:30:00.000000000,16673.157182,-20608.511535,153.252153
2022-02-19T11:45:00.000000000,16778.63524,-20344.827698,-2716.149335
2022-02-19T12:00:00.000000000,16717.419953,-19819.008872,-5538.541162
2022-02-19T12:15:00.000000000,16525.677395,-19018.469336,-8265.100901
2022-02-19T12:30:00.000000000,16242.393679,-17939.166593,-10848.706308
2022-02-19T12:45:00.000000000,15907.719149,-16585.903649,-13244.76072
2022-02-19T13:00:00.000000000,15561.279785,-14972.293668,-15411.970169
2022-02-19T13:15:00.000000000,15240.522894,-13120.388738,-17313.058127
2022-02-19T13:30:00.000000000,14979.162428,-11059.987752,-18915.405347
2022-02-19T13:45:00.000000000,14805.784855,-8827.65096,-20191.603978
2022-02-19T14:00:00.000000000,14742.669716,-6465.460112,-21119.917042
2022-02-19T14:15:00.000000000,14804.870189,-4019.572691,-21684.636317
2022-02-19T14:30:00.000000000,14999.588427,-1538.626348,-21876.333729
2022-02-19T14:45:00.000000000,15325.868694,927.944981,-21692.00331
2022-02-19T15:00:00.000000000,15774.618892,3331.618943,-21135.092758
2022-02-19T15:15:00.000000000,16328.958322,5626.451853,-20215.425428
2022-02-19T15:30:00.000000000,16964.877056,7770.642225,-18949.015358
2022-02-19T15:45:00.000000000,17652.180506,9727.932357,-17357.77951
2022-02-19T16:00:00.000000000,18355.682115,11468.796023,-15469.152907
2022-02-19T16:15:00.000000000,19036.597863,12971.36864,-13315.613672
2022-02-19T16:30:00.000000000,19654.088879,14222.086131,-10934.126237
2022-02-19T16:45:00.000000000,20166.893054,15216.009763,-8365.51203
2022-02-19T17:00:00.000000000,20534.983352,15956.825975,-5653.757961
2022-02-19T17:15:00.000000000,20721.189629,16456.522425,-2845.273854
2022-02-19T17:30:00.000000000,20692.722189,16734.753529,11.889386
2022-02-19T17:45:00.000000000,20422.53901,16817.920323,2868.848445
2022-02-19T18:00:00.000000000,19890.504386,16738.000159,5676.710347
2022-02-19T18:15:00.000000000,19084.294457,16531.171089,8387.396273
2022-02-19T18:30:00.000000000,18000.014541,16236.283519,10954.453313
2022-02-19T18:45:00.000000000,16642.503847,15893.237512,13333.841173
2022-02-19T19:00:00.000000000,15025.314815,15541.327815,15484.681087
2022-02-19T19:15:00.000000000,13170.366517,15217.62004,17369.954634
2022-02-19T19:30:00.000000000,11107.283815,14955.420485,18957.140774
2022-02-19T19:45:00.000000000,8872.445821,14782.898766,20218.780226
2022-02-19T20:00:00.000000000,6507.778395,14721.916896,21132.957246
2022-02-19T20:15:00.000000000,4059.33526,14787.110824,21683.690007
2022-02-19T20:30:00.000000000,1575.720587,14985.261032,21861.222108
2022-02-19T20:45:00.000000000,-893.587607,15314.97789,21662.20915
2022-02-19T21:00:00.000000000,-3299.949829,15766.715442,21089.79598
2022-02-19T21:15:00.000000000,-5597.247948,16323.114649,20153.581939
2022-02-19T21:30:00.000000000,-7743.473892,16959.664216,18869.473375
2022-02-19T21:45:00.000000000,-9702.162826,17645.654616,17259.424641
2022-02-19T22:00:00.000000000,-11443.615101,18345.389146,15351.070933
2022-02-19T22:15:00.000000000,-12945.859131,19019.605412,13177.258415
2022-02-19T22:30:00.000000000,-14195.317373,19627.051953,10775.479178
2022-02-19T22:45:00.000000000,-15187.149078,20126.158134,8187.220647
2022-02-19T23:00:00.000000000,-15925.256243,20476.73137,5457.240917
2022-02-19T23:15:00.000000000,-16421.952608,20641.614298,2632.783215
2022-02-19T23:30:00.000000000,-16697.309041,20588.235853,-237.255926
2022-02-19T23:45:00.000000000,-16778.201644,20289.99431,-3103.189058
2022-02-19T00:00:00.000000000,-16735.371771,19905.484004,-5159.842529
2022-02-19T00:15:00.000000000,-16559.048712,19142.706378,-7902.227341
2022-02-19T00:30:00.000000000,-16285.771434,18101.202744,-10507.927174
2022-02-19T00:45:00.000000000,-15955.631639,16784.567171,-12931.955926
2022-02-19T01:00:00.000000000,-15608.425846,15205.228589,-15132.527929
2022-02-19T01:15:00.000000000,-15281.99252,13384.124677,-17071.781919
2022-02-19T01:30:00.000000000,-15010.640136,11350.052056,-18716.43172
2022-02-19T01:45:00.000000000,-14823.727859,9138.718716,-20038.332582
2022-02-19T02:00:00.000000000,-14744.454016,6791.536127,-21014.953959
2022-02-19T02:15:00.000000000,-14788.898989,4354.198339,-21629.751544
2022-02-19T02:30:00.000000000,-14965.358817,1875.103289,-21872.433341
2022-02-19T02:45:00.000000000,-15273.994178,-596.322809,-21739.116608
2022-02-19T03:00:00.000000000,-15706.807073,-3011.333888,-21232.374407
2022-02-19T03:15:00.000000000,-16247.944773,-5323.540426,-20361.172378
2022-02-19T03:30:00.000000000,-16874.318074,-7490.490611,-19140.698093
2022-02-19T03:45:00.000000000,-17556.509014,-9475.097186,-17592.086983
2022-02-19T04:00:00.000000000,-18259.932327,-11246.85702,-15742.050298
2022-02-19T04:15:00.000000000,-18946.205494,-12782.818534,-13622.411954
2022-02-19T04:30:00.000000000,-19574.674587,-14068.261818,-11269.562365
2022-02-19T04:45:00.000000000,-20104.037405,-15097.067124,-8723.83841
2022-02-19T05:00:00.000000000,-20494.001885,-15871.759143,-6028.839762
2022-02-19T05:15:00.000000000,-20706.916613,-16403.22661,-3230.692576
2022-02-19T05:30:00.000000000,-20709.311311,-16710.128912,-377.272272
2022-02-19T05:45:00.000000000,-20473.288588,-16818.012957,2482.60225
2022-02-19T06:00:00.000000000,-19977.713819,-16758.17447,5299.990239
2022-02-19T06:15:00.000000000,-19209.157435,-16566.307368,8026.653577
2022-02-19T06:30:00.000000000,-18162.553169,-16280.992841,10615.870974
2022-02-19T06:45:00.000000000,-16841.546336,-15942.085877,13023.228894
2022-02-19T07:00:00.000000000,-15258.517739,-15589.060924,15207.376379
2022-02-19T07:15:00.000000000,-13434.280985,-15259.380076,17130.731414
2022-02-19T07:30:00.000000000,-11397.463225,-14986.946546,18760.127052
2022-02-19T07:45:00.000000000,-9183.591313,-14800.70319,20067.3863
2022-02-19T08:00:00.000000000,-6833.916661,-14723.430583,21029.815664
2022-02-19T08:15:00.000000000,-4394.022093,-14770.791829,21630.60842
2022-02-19T08:30:00.000000000,-1912.262579,-14950.662087,21859.149926
2022-02-19T08:45:00.000000000,561.901597,-15262.770032,21711.218709
2022-02-19T09:00:00.000000000,2979.616202,-15698.666655,21189.078713
2022-02-19T09:15:00.000000000,5294.323787,-16242.024125,20301.459786
2022-02-19T09:30:00.000000000,7463.368891,-16869.254616,19063.425411
2022-02-19T09:45:00.000000000,9449.455799,-17550.42634,17496.128632
2022-02-19T10:00:00.000000000,11221.902199,-18250.442185,15626.459246
2022-02-19T10:15:00.000000000,12757.639721,-18930.435651,13486.587418
2022-02-19T10:30:00.000000000,14041.92206,-19549.329868,11113.411011
2022-02-19T10:45:00.000000000,15068.712731,-20065.498585,8547.91595
2022-02-19T11:00:00.000000000,15840.737095,-20438.46359,5834.460885
2022-02-19T11:15:00.000000000,16369.196655,-20630.561209,3019.999108
2022-02-19T11:30:00.000000000,16673.157182,-20608.511535,153.252153
2022-02-19T11:45:00.000000000,16778.63524,-20344.827698,-2716.149335
2022-02-19T12:00:00.000000000,16717.419953,-19819.008872,-5538.541162
2022-02-19T12:15:00.000000000,16525.677395,-19018.469336,-8265.100901
2022-02-19T12:30:00.000000000,16242.393679,-17939.166593,-10848.706308
2022-02-19T12:45:00.000000000,15907.719149,-16585.903649,-13244.76072
2022-02-19T13:00:00.000000000,15561.279785,-14972.293668,-15411.970169
2022-02-19T13:15:00.000000000,15240.522894,-13120.388738,-17313.058127
2022-02-19T13:30:00.000000000,14979.162428,-11059.987752,-18915.405347
2022-02-19T13:45:00.000000000,14805.784855,-8827.65096,-20191.603978
2022-02-19T14:00:00.000000000,14742.669716,-6465.460112,-21119.917042
2022-02-19T14:15:00.000000000,14804.870189,-4019.572691,-21684.636317
2022-02-19T14:30:00.000000000,14999.588427,-1538.626348,-21876.333729
2022-02-19T14:45:00.000000000,15325.868694,927.944981,-21692.00331
2022-02-19T15:00:00.000000000,15774.618892,3331.618943,-21135.092758
2022-02-19T15:15:00.000000000,16328.958322,5626.451853,-20215.425428
2022-02-19T15:30:00.000000000,16964.877056,7770.642225,-18949.015358
2022-02-19T15:45:00.000000000,17652.180506,9727.932357,-17357.77951
2022-02-19T16:00:00.000000000,18355.682115,11468.796023,-15469.152907
2022-02-19T16:15:00.000000000,19036.597863,12971.36864,-13315.613672
2022-02-19T16:30:00.000000000,19654.088879,14222.086131,-10934.126237
2022-02-19T16:45:00.000000000,20166.893054,15216.009763,-8365.51203
2022-02-19T17:00:00.000000000,20534.983352,15956.825975,-5653.757961
2022-02-19T17:15:00.000000000,20721.189629,16456.522425,-2845.273854
2022-02-19T17:30:00.000000000,20692.722189,16734.753529,11.889386
2022-02-19T17:45:00.000000000,20422.53901,16817.920323,2868.848445
2022-02-19T18:00:00.000000000,19890.504386,16738.000159,5676.710347
2022-02-19T18:15:00.000000000,19084.294457,16531.171089,8387.396273
2022-02-19T18:30:00.000000000,18000.014541,16236.283519,10954.453313
2022-02-19T18:45:00.000000000,16642.503847,15893.237512,13333.841173
2022-02-19T19:00:00.000000000,15025.314815,15541.327815,15484.681087
2022-02-19T19:15:00.000000000,13170.366517,15217.62004,17369.954634
2022-02-19T19:30:00.000000000,11107.283815,14955.420485,18957.140774
2022-02-19T19:45:00.000000000,8872.445821,14782.898766,20218.780226
2022-02-19T20:00:00.000000000,6507.778395,14721.916896,21132.957246
2022-02-19T20:15:00.000000000,4059.33526,14787.110824,21683.690007
2022-02-19T20:30:00.000000000,1575.720587,14985.261032,21861.222108
2022-02-19T20:45:00.000000000,-893.587607,15314.97789,21662.20915
2022-02-19T21:00:00.000000000,-3299.949829,15766.715442,21089.79598
2022-02-19T21:15:00.000000000,-5597.247948,16323.114649,20153.581939
2022-02-19T21:30:00.000000000,-7743.473892,16959.664216,18869.473375
2022-02-19T21:45:00.000000000,-9702.162826,17645.654616,17259.424641
2022-02-19T22:00:00.000000000,-11443.615101,18345.389146,15351.070933
2022-02-19T22:15:00.000000000,-12945.859131,19019.605412,13177.258415
2022-02-19T22:30:00.000000000,-14195.317373,19627.051953,10775.479178
2022-02-19T22:45:00.000000000,-15187.149078,20126.158134,8187.220647
2022-02-19T23:00:00.000000000,-15925.256243,20476.73137,5457.240917
2022-02-19T23:15:00.000000000,-16421.952608,20641.614298,2632.783215
2022-02-19T23:30:00.000000000,-16697.309041,20588.235853,-237.255926
2022-02-19T23:45:00.000000000,-16778.201644,20289.99431,-3103.189058
2022-02-19T00:00:00.000000000,-16735.371771,19905.484004,-5159.842529
2022-02-19T00:15:00.000000000,-16559.048712,19142.706378,-7902.227341
2022-02-19T00:30:00.000000000,-16285.771434,18101.202744,-10507.927174
2022-02-19T00:45:00.000000000,-15955.631639,16784.567171,-12931.955926
2022-02-19T01:00:00.000000000,-15608.425846,15205.228589,-15132.527929
2022-02-19T01:15:00.000000000,-15281.99252,13384.124677,-17071.781919
2022-02-19T01:30:00.000000000,-15010.640136,11350.052056,-18716.43172
2022-02-19T01:45:00.000000000,-14823.727859,9138.718716,-20038.332582
2022-02-19T02:00:00.000000000,-14744.454016,6791.536127,-21014.953959
2022-02-19T02:15:00.000000000,-14788.898989,4354.198339,-21629.751544
2022-02-19T02:30:00.000000000,-14965.358817,1875.103289,-21872.433341
2022-02-19T02:45:00.000000000,-15273.994178,-596.322809,-21739.116608
2022-02-19T03:00:00.000000000,-15706.807073,-3011.333888,-21232.374407
2022-02-19T03:15:00.000000000,-16247.944773,-5323.540426,-20361.172378
2022-02-19T03:30:00.000000000,-16874.318074,-7490.490611,-19140.698093
2022-02-19T03:45:00.000000000,-17556.509014,-9475.097186,-17592.086983
2022-02-19T04:00:00.000000000,-18259.932327,-11246.85702,-15742.050298
2022-02-19T04:15:00.000000000,-18946.205494,-12782.818534,-13622.411954
2022-02-19T04:30:00.000000000,-19574.674587,-14068.261818,-11269.562365
2022-02-19T04:45:00.000000000,-20104.037405,-15097.067124,-8723.83841
2022-02-19T05:00:00.000000000,-20494.001885,-15871.759143,-6028.839762
2022-02-19T05:15:00.000000000,-20706.916613,-16403.22661,-3230.692576
2022-02-19T05:30:00.000000000,-20709.311311,-16710.128912,-377.272272
2022-02-19T05:45:00.000000000,-20473.288588,-16818.012957,2482.60225
2022-02-19T06:00:00.000000000,-19977.713819,-16758.17447,5299.990239
2022-02-19T06:15:00.000000000,-19209.157435,-16566.307368,8026.653577
2022-02-19T06:30:00.000000000,-18162.553169,-16280.992841,10615.870974
2022-02-19T06:45:00.000000000,-16841.546336,-15942.085877,13023.228894
2022-02-19T07:00:00.000000000,-15258.517739,-15589.060924,15207.376379
2022-02-19T07:15:00.000000000,-13434.280985,-15259.380076,17130.731414
2022-02-19T07:30:00.000000000,-11397.463225,-14986.946546,18760.127052
2022-02-19T07:45:00.000000000,-9183.591313,-14800.70319,20067.3863
2022-02-19T08:00:00.000000000,-6833.916661,-14723.430583,21029.815664
2022-02-19T08:15:00.000000000,-4394.022093,-14770.791829,21630.60842
2022-02-19T08:30:00.000000000,-1912.262579,-14950.662087,21859.149926
2022-02-19T08:45:00.000000000,561.901597,-15262.770032,21711.218709
2022-02-19T09:00:00.000000000,2979.616202,-15698.666655,21189.078713
2022-02-19T09:15:00.000000000,5294.323787,-16242.024125,20301.459786
2022-02-19T09:30:00.000000000,7463.368891,-16869.254616,19063.425411
2022-02-19T09:45:00.000000000,9449.455799,-17550.42634,17496.128632
2022-02-19T10:00:00.000000000,11221.902199,-18250.442185,15626.459246
2022-02-19T10:15:00.000000000,12757.639721,-18930.435651,13486.587418
2022-02-19T10:30:00.000000000,14041.92206,-19549.329868,11113.411011
2022-02-19T10:45:00.000000000,15068.712731,-20065.498585,8547.91595
2022-02-19T11:00:00.000000000,15840.737095,-20438.46359,5834.460885
2022-02-19T11:15:00.000000000,16369.196655,-20630.561209,3019.999108
2022-02-19T11:30:00.000000000,16673.157182,-20608.511535,153.252153
2022-02-19T11:45:00.000000000,16778.63524,-20344.827698,-2716.149335
2022-02-19T12:00:00.000000000,16717.419953,-19819.008872,-5538.541162
2022-02-19T12:15:00.000000000,16525.677395,-19018.469336,-8265.100901
2022-02-19T12:30:00.000000000,16242.393679,-17939.166593,-10848.706308
2022-02-19T12:45:00.000000000,15907.719149,-16585.903649,-13244.76072
2022-02-19T13:00:00.000000000,15561.279785,-14972.293668,-15411.970169
2022-02-19T13:15:00.000000000,15240.522894,-13120.388738,-17313.058127
2022-02-19T13:30:00.000000000,14979.162428,-11059.987752,-18915.405347
2022-02-19T13:45:00.000000000,14805.784855,-8827.65096,-20191.603978
2022-02-19T14:00:00.000000000,14742.669716,-6465.460112,-21119.917042
2022-02-19T14:15:00.000000000,14804.870189,-4019.572691,-21684.636317
2022-02-19T14:30:00.000000000,14999.588427,-1538.626348,-21876.333729
2022-02-19T14:45:00.000000000,15325.868694,927.944981,-21692.00331
2022-02-19T15:00:00.000000000,15774.618892,3331.618943,-21135.092758
2022-02-19T15:15:00.000000000,16328.958322,5626.451853,-20215.425428
2022-02-19T15:30:00.000000000,16964.877056,7770.642225,-18949.015358
2022-02-19T15:45:00.000000000,17652.180506,9727.932357,-17357.77951
2022-02-19T16:00:00.000000000,18355.682115,11468.796023,-15469.152907
2022-02-19T16:15:00.000000000,19036.597863,12971.36864,-13315.613672
2022-02-19T16:30:00.000000000,19654.088879,14222.086131,-10934.126237
2022-02-19T16:45:00.000000000,20166.893054,15216.009763,-8365.51203
2022-02-19T17:00:00.000000000,20534.983352,15956.825975,-5653.757961
2022-02-19T17:15:00.000000000,20721.189629,16456.522425,-2845.273854
2022-02-19T17:30:00.000000000,20692.722189,16734.753529,11.889386
2022-02-19T17:45:00.000000000,20422.53901,16817.920323,2868.848445
2022-02-19T18:00:00.000000000,19890.504386,16738.000159,5676.710347
2022-02-19T18:15:00.000000000,19084.294457,16531.171089,8387.396273
2022-02-19T18:30:00.000000000,18000.014541,16236.283519,10954.453313
2022-02-19T18:45:00.000000000,16642.503847,15893.237512,13333.841173
2022-02-19T19:00:00.000000000,15025.314815,15541.327815,15484.681087
2022-02-19T19:15:00.000000000,13170.366517,15217.62004,17369.954634
2022-02-19T19:30:00.000000000,11107.283815,14955.420485,18957.140774
2022-02-19T19:45:00.000000000,8872.445821,14782.898766,20218.780226
2022-02-19T20:00:00.000000000,6507.778395,14721.916896,21132.957246
2022-02-19T20:15:00.000000000,4059.33526,14787.110824,21683.690007
2022-02-19T20:30:00.000000000,1575.720587,14985.261032,21861.222108
2022-02-19T20:45:00.000000000,-893.587607,15314.97789,21662.20915
2022-02-19T21:00:00.000000000,-3299.949829,15766.715442,21089.79598
2022-02-19T21:15:00.000000000,-5597.247948,16323.114649,20153.581939
2022-02-19T21:30:00.000000000,-7743.473892,16959.664216,18869.473375
2022-02-19T21:45:00.000000000,-9702.162826,17645.654616,17259.424641
2022-02-19T22:00:00.000000000,-11443.615101,18345.389146,15351.070933
2022-02-19T22:15:00.000000000,-12945.859131,19019.605412,13177.258415
2022-02-19T22:30:00.000000000,-14195.317373,19627.051953,10775.479178
2022-02-19T22:45:00.000000000,-15187.149078,20126.158134,8187.220647
2022-02-19T23:00:00.000000000,-15925.256243,20476.73137,5457.240917
2022-02-19T23:15:00.000000000,-16421.952608,20641.614298,2632.783215
2022-02-19T23:30:00.000000000,-16697.309041,20588.235853,-237.255926
2022-02-19T23:45:00.000000000,-16778.201644,20289.99431,-3103.189058
2022-02-19T00:00:00.000000000,-16735.371771,19905.484004,-5159.842529
2022-02-19T00:15:00.000000000,-16559.048712,19142.706378,-7902.227341
2022-02-19T00:30:00.000000000,-16285.771434,18101.202744,-10507.927174
2022-02-19T00:45:00.000000000,-15955.631639,16784.567171,-12931.955926
2022-02-19T01:00:00.000000000,-15608.425846,15205.228589,-15132.527929
2022-02-19T01:15:00.000000000,-15281.99252,13384.124677,-17071.781919
2022-02-19T01:30:00.000000000,-15010.640136,11350.052056,-18716.43172
2022-02-19T01:45:00.000000000,-14823.727859,9138.718716,-20038.332582
2022-02-19T02:00:00.000000000,-14744.454016,6791.536127,-21014.953959
2022-02-19T02:15:00.000000000,-14788.898989,4354.198339,-21629.751544
2022-02-19T02:30:00.000000000,-14965.358817,1875.103289,-21872.433341
2022-02-19T02:45:00.000000000,-15273.994178,-596.322809,-21739.116608
2022-02-19T03:00:00.000000000,-15706.807073,-3011.333888,-21232.374407
2022-02-19T03:15:00.000000000,-16247.944773,-5323.540426,-20361.172378
2022-02-19T03:30:00.000000000,-16874.318074,-7490.490611,-19140.698093
2022-02-19T03:45:00.000000000,-17556.509014,-9475.097186,-17592.086983
2022-02-19T04:00:00.000000000,-18259.932327,-11246.85702,-15742.050298
2022-02-19T04:15:00.000000000,-18946.205494,-12782.818534,-13622.411954
2022-02-19T04:30:00.000000000,-19574.674587,-14068.261818,-11269.562365
2022-02-19T04:45:00.000000000,-20104.037405,-15097.067124,-8723.83841
2022-02-19T05:00:00.000000000,-20494.001885,-15871.759143,-6028.839762
2022-02-19T05:15:00.000000000,-20706.916613,-16403.22661,-3230.692576
2022-02-19T05:30:00.000000000,-20709.311311,-16710.128912,-377.272272
2022-02-19T05:45:00.000000000,-20473.288588,-16818.012957,2482.60225
2022-02-19T06:00:00.000000000,-19977.713819,-16758.17447,5299.990239
2022-02-19T06:15:00.000000000,-19209.157435,-16566.307368,8026.653577
2022-02-19T06:30:00.000000000,-18162.553169,-16280.992841,10615.870974
2022-02-19T06:45:00.000000000,-16841.546336,-15942.085877,13023.228894
2022-02-19T07:00:00.000000000,-15258.517739,-15589.060924,15207.376379
2022-02-19T07:15:00.000000000,-13434.280985,-15259.380076,17130.731414
2022-02-19T07:30:00.000000000,-11397.463225,-14986.946546,18760.127052
2022-02-19T07:45:00.000000000,-9183.591313,-14800.70319,20067.3863
2022-02-19T08:00:00.000000000,-6833.916661,-14723.430583,21029.815664
2022-02-19T08:15:00.000000000,-4394.022093,-14770.791829,21630.60842
2022-02-19T08:30:00.000000000,-1912.262579,-14950.662087,21859.149926
2022-02-19T08:45:00.000000000,561.901597,-15262.770032,21711.218709
2022-02-19T09:00:00.000000000,2979.616202,-15698.666655,21189.078713
2022-02-19T09:15:00.000000000,5294.323787,-16242.024125,20301.459786
2022-02-19T09:30:00.000000000,7463.368891,-16869.254616,19063.425411
2022-02-19T09:45:00.000000000,9449.455799,-17550.42634,17496.128632
2022-02-19T10:00:00.000000000,11221.902199,-18250.442185,15626.459246
2022-02-19T10:15:00.000000000,12757.639721,-18930.435651,13486.587418
2022-02-19T10:30:00.000000000,14041.92206,-19549.329868,11113.411011
2022-02-19T10:45:00.000000000,15068.712731,-20065.498585,8547.91595
2022-02-19T11:00:00.000000000,15840.737095,-20438.46359,5834.460885
2022-02-19T11:15:00.000000000,16369.196655,-20630.561209,3019.999108
2022-02-19T11:30:00.000000000,16673.157182,-20608.511535,153.252153
2022-02-19T11:45:00.000000000,16778.63524,-20344.827698,-2716.149335
2022-02-19T12:00:00.000000000,16717.419953,-19819.008872,-5538.541162
2022-02-19T12:15:00.000000000,16525.677395,-19018.469336,-8265.100901
2022-02-19T12:30:00.000000000,16242.393679,-17939.166593,-10848.706308
2022-02-19T12:45:00.000000000,15907.719149,-16585.903649,-13244.76072
2022-02-19T13:00:00.000000000,15561.279785,-14972.293668,-15411.970169
2022-02-19T13:15:00.000000000,15240.522894,-13120.388738,-17313.058127
2022-02-19T13:30:00.000000000,14979.162428,-11059.987752,-18915.405347
2022-02-19T13:45:00.000000000,14805.784855,-8827.65096,-20191.603978
2022-02-19T14:00:00.000000000,14742.669716,-6465.460112,-21119.917042
2022-02-19T14:15:00.000000000,14804.870189,-4019.572691,-21684.636317
2022-02-19T14:30:00.000000000,14999.588427,-1538.626348,-21876.333729
2022-02-19T14:45:00.000000000,15325.868694,927.944981,-21692.00331
2022-02-19T15:00:00.000000000,15774.618892,3331.618943,-21135.092758
2022-02-19T15:15:00.000000000,16328.958322,5626.451853,-20215.425428
2022-02-19T15:30:00.000000000,16964.877056,7770.642225,-18949.015358
2022-02-19T15:45:00.000000000,17652.180506,9727.932357,-17357.77951
2022-02-19T16:00:00.000000000,18355.682115,11468.796023,-15469.152907
2022-02-19T16:15:00.000000000,19036.597863,12971.36864,-13315.613672
2022-02-19T16:30:00.000000000,19654.088879,14222.086131,-10934.126237
2022-02-19T16:45:00.000000000,20166.893054,15216.009763,-8365.51203
2022-02-19T17:00:00.000000000,20534.983352,15956.825975,-5653.757961
2022-02-19T17:15:00.000000000,20721.189629,16456.522425,-2845.273854
2022-02-19T17:30:00.000000000,20692.722189,16734.753529,11.889386
2022-02-19T17:45:00.000000000,20422.53901,16817.920323,2868.848445
2022-02-19T18:00:00.000000000,19890.504386,16738.000159,5676.710347
2022-02-19T18:15:00.000000000,19084.294457,16531.171089,8387.396273
2022-02-19T18:30:00.000000000,18000.014541,16236.283519,10954.453313
2022-02-19T18:45:00.000000000,16642.503847,15893.237512,13333.841173
2022-02-19T19:00:00.000000000,15025.314815,15541.327815,15484.681087
2022-02-19T19:15:00.000000000,13170.366517,15217.62004,17369.954634
2022-02-19T19:30:00.000000000,11107.283815,14955.420485,18957.140774
2022-02-19T19:45:00.000000000,8872.445821,14782.898766,20218.780226
2022-02-19T20:00:00.000000000,6507.778395,14721.916896,21132.957246
2022-02-19T20:15:00.000000000,4059.33526,14787.110824,21683.690007
2022-02-19T20:30:00.000000000,1575.720587,14985.261032,21861.222108
2022-02-19T20:45:00.000000000,-893.587607,15314.97789,21662.20915
2022-02-19T21:00:00.000000000,-3299.949829,15766.715442,21089.79598
2022-02-19T21:15:00.000000000,-5597.247948,16323.114649,20153.581939
2022-02-19T21:30:00.000000000,-7743.473892,16959.664216,18869.473375
2022-02-19T21:45:00.000000000,-9702.162826,17645.654616,17259.424641
2022-02-19T22:00:00.000000000,-11443.615101,18345.389146,15351.070933
2022-02-19T22:15:00.000000000,-12945.859131,19019.605412,13177.258415
2022-02-19T22:30:00.000000000,-14195.317373,19627.051953,10775.479178
2022-02-19T22:45:00.000000000,-15187.149078,20126.158134,8187.220647
2022-02-19T23:00:00.000000000,-15925.256243,20476.73137,5457.240917
2022-02-19T23:15:00.000000000,-16421.952608,20641.614298,2632.783215
2022-02-19T23:30:00.000000000,-16697.309041,20588.235853,-237.255926
2022-02-19T23:45:00.000000000,-16778.201644,20289.99431,-3103.189058
2022-02-18T00:00:00.000000000,-16763.745106,20063.129398,-4398.028066
2022-02-18T00:15:00.000000000,-16620.379415,19375.522661,-7169.436435
2022-02-18T00:30:00.000000000,-16369.316392,18409.753521,-9816.823485
2022-02-18T00:45:00.000000000,-16050.437153,17167.000401,-12294.467784
2022-02-18T01:00:00.000000000,-15703.787151,15657.307313,-14559.640619
2022-02-18T01:15:00.000000000,-15367.899831,13899.348664,-16573.347729
2022-02-18T01:30:00.000000000,-15078.193618,11919.865475,-18301.00106
2022-02-18T01:45:00.000000000,-14865.505278,9752.795559,-19713.009002
2022-02-18T02:00:00.000000000,-14754.816822,7438.132154,-20785.275387
2022-02-18T02:15:00.000000000,-14764.225108,5020.555786,-21499.599476
2022-02-18T02:30:00.000000000,-14904.19337,2547.89265,-21843.971231
2022-02-18T02:45:00.000000000,-15177.112631,69.459098,-21812.758098
2022-02-18T03:00:00.000000000,-15577.188713,-2365.644326,-21406.781565
2022-02-18T03:15:00.000000000,-16090.657897,-4710.224387,-20633.283599
2022-02-18T03:30:00.000000000,-16696.321629,-6920.608328,-19505.784865
2022-02-18T03:45:00.000000000,-17366.378589,-8958.118271,-18043.83828
2022-02-18T04:00:00.000000000,-18067.521215,-10790.352023,-16272.682988
2022-02-18T04:15:00.000000000,-18762.253968,-12392.223054,-14222.805235
2022-02-18T04:30:00.000000000,-19410.382409,-13746.7217,-11929.413918
2022-02-18T04:45:00.000000000,-19970.615944,-14845.370227,-9431.839679
2022-02-18T05:00:00.000000000,-20402.222962,-15688.355912,-6772.867487
2022-02-18T05:15:00.000000000,-20666.675247,-16284.338363,-3998.013508
2022-02-18T05:30:00.000000000,-20729.219046,-16649.939466,-1154.757796
2022-02-18T05:45:00.000000000,-20560.312933,-16808.936151,1708.254996
2022-02-18T06:00:00.000000000,-20136.877563,-16791.187253,4542.034261
2022-02-18T06:15:00.000000000,-19443.309449,-16631.335693,7298.068507
2022-02-18T06:30:00.000000000,-18472.219582,-16367.335613,9929.143728
2022-02-18T06:45:00.000000000,-17224.867997,-16038.860747,12390.142017
2022-02-18T07:00:00.000000000,-15711.276669,-15685.654853,14638.807543
2022-02-18T07:15:00.000000000,-13950.015152,-15345.887392,16636.467364
2022-02-18T07:30:00.000000000,-11967.665684,-15054.577625,18348.695113
2022-02-18T07:45:00.000000000,-9797.986518,-14842.14793,19745.906322
2022-02-18T08:00:00.000000000,-7480.803834,-14733.16253,20803.875019
2022-02-18T08:15:00.000000000,-5060.672934,-14745.300964,21504.162313
2022-02-18T08:30:00.000000000,-2585.358454,-14888.606988,21834.448935
2022-02-18T08:45:00.000000000,-104.190572,-15165.043173,21788.765079
2022-02-18T09:00:00.000000000,2333.640758,-15568.369884,21367.612453
2022-02-18T09:15:00.000000000,4680.788692,-16084.354884,20577.975177
2022-02-18T09:30:00.000000000,6893.384292,-16691.306907,19433.217992
2022-02-18T09:45:00.000000000,8932.540238,-17360.913846,17952.872216
2022-02-18T10:00:00.000000000,10765.665165,-18059.354058,16162.311946
2022-02-18T10:15:00.000000000,12367.537301,-18748.638236,14092.325089
2022-02-18T10:30:00.000000000,13721.09532,-19388.129864,11778.58598
2022-02-18T10:45:00.000000000,14817.915215,-19936.184799,9261.038316
2022-02-18T11:00:00.000000000,15658.354338,-20351.845385,6583.199191
2022-02-18T11:15:00.000000000,16251.356932,-20596.521998,3791.396749
2022-02-18T11:30:00.000000000,16613.929048,-20635.595095,933.955477
2022-02-18T11:45:00.000000000,16770.303943,-20439.87387,-1939.655539
2022-02-18T12:00:00.000000000,16750.8316,-19986.853193,-4779.695271
2022-02-18T12:15:00.000000000,16590.637045,-19261.71863,-7537.027704
2022-02-18T12:30:00.000000000,16328.101381,-18258.059431,-10163.986402
2022-02-18T12:45:00.000000000,16003.226483,-16978.261221,-12615.210369
2022-02-18T13:00:00.000000000,15655.948686,-15433.562934,-14848.435698
2022-02-18T13:15:00.000000000,15324.46858,-13643.776066,-16825.228543
2022-02-18T13:30:00.000000000,15043.662957,-11636.677675,-18511.646439
2022-02-18T13:45:00.000000000,14843.641311,-9447.101361,-19878.816683
2022-02-18T14:00:00.000000000,14748.50308,-7115.762228,-20903.422291
2022-02-18T14:15:00.000000000,14775.343534,-4687.861871,-21568.088063
2022-02-18T14:30:00.000000000,14933.546083,-2211.527672,-21861.661298
2022-02-18T14:45:00.000000000,15224.387346,263.853345,-21779.383669
2022-02-18T15:00:00.000000000,15640.96897,2689.342309,-21322.952784
2022-02-18T15:15:00.000000000,16168.477526,5018.133039,-20500.473781
2022-02-18T15:30:00.000000000,16784.761211,7207.149779,-19326.303081
2022-02-18T15:45:00.000000000,17461.200041,9218.49832,-17820.788088
2022-02-18T16:00:00.000000000,18163.835253,11020.716631,-16009.908082
2022-02-18T16:15:00.000000000,18854.713932,12589.778909,-13924.823018
2022-02-18T16:30:00.000000000,19493.397017,13909.81648,-11601.338112
2022-02-18T16:45:00.000000000,20038.572797,14973.529718,-9079.293283
2022-02-18T17:00:00.000000000,20449.714272,15782.276748,-6401.887501
2022-02-18T17:15:00.000000000,20688.717193,16345.836807,-3614.948957
2022-02-18T17:30:00.000000000,20721.456374,16681.858331,-766.162691
2022-02-18T17:45:00.000000000,20519.201011,16815.01346,2095.732051
2022-02-18T18:00:00.000000000,20059.834934,16775.891736,4921.762066
2022-02-18T18:15:00.000000000,19328.834991,16599.67541,7663.545083
2022-02-18T18:30:00.000000000,18319.969759,16324.647029,10274.10616
2022-02-18T18:45:00.000000000,17035.691116,15990.586323,12708.672567
2022-02-18T19:00:00.000000000,15487.2027,15637.117657,14925.434308
2022-02-18T19:15:00.000000000,13694.201321,15302.071393,16886.257821
2022-02-18T19:30:00.000000000,11684.299689,15019.922096,18557.340997
2022-02-18T19:45:00.000000000,9492.15088,14820.363947,19909.798385
2022-02-18T20:00:00.000000000,7158.306315,14727.078683,20920.16635
2022-02-18T20:15:00.000000000,4727.849315,14756.744368,21570.819079
2022-02-18T20:30:00.000000000,2248.855028,14918.324332,21850.287562
2022-02-18T20:45:00.000000000,-229.265463,15212.665039,21753.475093
2022-02-18T21:00:00.000000000,-2657.474324,15632.419923,21281.764447
2022-02-18T21:15:00.000000000,-4988.804372,16162.303702,20443.013576
2022-02-18T21:30:00.000000000,-7179.979657,16779.668758,19251.438561
2022-02-18T21:45:00.000000000,-9192.89673,17455.382558,17727.384541
2022-02-18T22:00:00.000000000,-10995.909092,18154.973021,15896.987353
2022-02-18T22:15:00.000000000,-12564.864668,18839.997919,13791.730818
2022-02-18T22:30:00.000000000,-13883.855562,19469.585167,11447.906627
2022-02-18T22:45:00.000000000,-14945.650536,20002.083716,8905.985914
2022-02-18T23:00:00.000000000,-15751.793085,20396.759953,6209.913494
2022-02-18T23:15:00.000000000,-16312.361268,20615.47235,3406.337526
2022-02-18T23:30:00.000000000,-16645.39902,20624.257701,543.78882
2022-02-18T23:45:00.000000000,-16776.041792,20394.765626,-2328.174753
2022-02-19T00:00:00.000000000,-16735.371771,19905.484004,-5159.842529
2022-02-19T00:15:00.000000000,-16559.048712,19142.706378,-7902.227341
2022-02-19T00:30:00.000000000,-16285.771434,18101.202744,-10507.927174
2022-02-19T00:45:00.000000000,-15955.631639,16784.567171,-12931.955926
2022-02-19T01:00:00.000000000,-15608.425846,15205.228589,-15132.527929
2022-02-19T01:15:00.000000000,-15281.99252,13384.124677,-17071.781919
2022-02-19T01:30:00.000000000,-15010.640136,11350.052056,-18716.43172
2022-02-19T01:45:00.000000000,-14823.727859,9138.718716,-20038.332582
2022-02-19T02:00:00.000000000,-14744.454016,6791.536127,-21014.953959
2022-02-19T02:15:00.000000000,-14788.898989,4354.198339,-21629.751544
2022-02-19T02:30:00.000000000,-14965.358817,1875.103289,-21872.433341
2022-02-19T02:45:00.000000000,-15273.994178,-596.322809,-21739.116608
2022-02-19T03:00:00.000000000,-15706.807073,-3011.333888,-21232.374407
2022-02-19T03:15:00.000000000,-16247.944773,-5323.540426,-20361.172378
2022-02-19T03:30:00.000000000,-16874.318074,-7490.490611,-19140.698093
2022-02-19T03:45:00.000000000,-17556.509014,-9475.097186,-17592.086983
2022-02-19T04:00:00.000000000,-18259.932327,-11246.85702,-15742.050298
2022-02-19T04:15:00.000000000,-18946.205494,-12782.818534,-13622.411954
2022-02-19T04:30:00.000000000,-19574.674587,-14068.261818,-11269.562365
2022-02-19T04:45:00.000000000,-20104.037405,-15097.067124,-8723.83841
2022-02-19T05:00:00.000000000,-20494.001885,-15871.759143,-6028.839762
2022-02-19T05:15:00.000000000,-20706.916613,-16403.22661,-3230.692576
2022-02-19T05:30:00.000000000,-20709.311311,-16710.128912,-377.272272
2022-02-19T05:45:00.000000000,-20473.288588,-16818.012957,2482.60225
2022-02-19T06:00:00.000000000,-19977.713819,-16758.17447,5299.990239
2022-02-19T06:15:00.000000000,-19209.157435,-16566.307368,8026.653577
2022-02-19T06:30:00.000000000,-18162.553169,-16280.992841,10615.870974
2022-02-19T06:45:00.000000000,-16841.546336,-15942.085877,13023.228894
2022-02-19T07:00:00.000000000,-15258.517739,-15589.060924,15207.376379
2022-02-19T07:15:00.000000000,-13434.280985,-15259.380076,17130.731414
2022-02-19T07:30:00.000000000,-11397.463225,-14986.946546,18760.127052
2022-02-19T07:45:00.000000000,-9183.591313,-14800.70319,20067.3863
2022-02-19T08:00:00.000000000,-6833.916661,-14723.430583,21029.815664
2022-02-19T08:15:00.000000000,-4394.022093,-14770.791829,21630.60842
2022-02-19T08:30:00.000000000,-1912.262579,-14950.662087,21859.149926
2022-02-19T08:45:00.000000000,561.901597,-15262.770032,21711.218709
2022-02-19T09:00:00.000000000,2979.616202,-15698.666655,21189.078713
2022-02-19T09:15:00.000000000,5294.323787,-16242.024125,20301.459786
2022-02-19T09:30:00.000000000,7463.368891,-16869.254616,19063.425411
2022-02-19T09:45:00.000000000,9449.455799,-17550.42634,17496.128632
2022-02-19T10:00:00.000000000,11221.902199,-18250.442185,15626.459246
2022-02-19T10:15:00.000000000,12757.639721,-18930.435651,13486.587418
2022-02-19T10:30:00.000000000,14041.92206,-19549.329868,11113.411011
2022-02-19T10:45:00.000000000,15068.712731,-20065.498585,8547.91595
2022-02-19T11:00:00.000000000,15840.737095,-20438.46359,5834.460885
2022-02-19T11:15:00.000000000,16369.196655,-20630.561209,3019.999108
2022-02-19T11:30:00.000000000,16673.157182,-20608.511535,153.252153
2022-02-19T11:45:00.000000000,16778.63524,-20344.827698,-2716.149335
2022-02-19T12:00:00.000000000,16717.419953,-19819.008872,-5538.541162
2022-02-19T12:15:00.000000000,16525.677395,-19018.469336,-8265.100901
2022-02-19T12:30:00.000000000,16242.393679,-17939.166593,-10848.706308
2022-02-19T12:45:00.000000000,15907.719149,-16585.903649,-13244.76072
2022-02-19T13:00:00.000000000,15561.279785,-14972.293668,-15411.970169
2022-02-19T13:15:00.000000000,15240.522894,-13120.388738,-17313.058127
2022-02-19T13:30:00.000000000,14979.162428,-11059.987752,-18915.405347
2022-02-19T13:45:00.000000000,14805.784855,-8827.65096,-20191.603978
2022-02-19T14:00:00.000000000,14742.669716,-6465.460112,-21119.917042
2022-02-19T14:15:00.000000000,14804.870189,-4019.572691,-21684.636317
2022-02-19T14:30:00.000000000,14999.588427,-1538.626348,-21876.333729
2022-02-19T14:45:00.000000000,15325.868694,927.944981,-21692.00331
2022-02-19T15:00:00.000000000,15774.618892,3331.618943,-21135.092758
2022-02-19T15:15:00.000000000,16328.958322,5626.451853,-20215.425428
2022-02-19T15:30:00.000000000,16964.877056,7770.642225,-18949.015358
2022-02-19T15:45:00.000000000,17652.180506,9727.932357,-17357.77951
2022-02-19T16:00:00.000000000,18355.682115,11468.796023,-15469.152907
2022-02-19T16:15:00.000000000,19036.597863,12971.36864,-13315.613672
2022-02-19T16:30:00.000000000,19654.088879,14222.086131,-10934.126237
2022-02-19T16:45:00.000000000,20166.893054,15216.009763,-8365.51203
2022-02-19T17:00:00.000000000,20534.983352,15956.825975,-5653.757961
2022-02-19T17:15:00.000000000,20721.189629,16456.522425,-2845.273854
2022-02-19T17:30:00.000000000,20692.722189,16734.753529,11.889386
2022-02-19T17:45:00.000000000,20422.53901,16817.920323,2868.848445
2022-02-19T18:00:00.000000000,19890.504386,16738.000159,5676.710347
2022-02-19T18:15:00.000000000,19084.294457,16531.171089,8387.396273
2022-02-19T18:30:00.000000000,18000.014541,16236.283519,10954.453313
2022-02-19T18:45:00.000000000,16642.503847,15893.237512,13333.841173
2022-02-19T19:00:00.000000000,15025.314815,15541.327815,15484.681087
2022-02-19T19:15:00.000000000,13170.366517,15217.62004,17369.954634
2022-02-19T19:30:00.000000000,11107.283815,14955.420485,18957.140774
2022-02-19T19:45:00.000000000,8872.445821,14782.898766,20218.780226
2022-02-19T20:00:00.000000000,6507.778395,14721.916896,21132.957246
2022-02-19T20:15:00.000000000,4059.33526,14787.110824,21683.690007
2022-02-19T20:30:00.000000000,1575.720587,14985.261032,21861.222108
2022-02-19T20:45:00.000000000,-893.587607,15314.97789,21662.20915
2022-02-19T21:00:00.000000000,-3299.949829,15766.715442,21089.79598
2022-02-19T21:15:00.000000000,-5597.247948,16323.114649,20153.581939
2022-02-19T21:30:00.000000000,-7743.473892,16959.664216,18869.473375
2022-02-19T21:45:00.000000000,-9702.162826,17645.654616,17259.424641
2022-02-19T22:00:00.000000000,-11443.615101,18345.389146,15351.070933
2022-02-19T22:15:00.000000000,-12945.859131,19019.605412,13177.258415
2022-02-19T22:30:00.000000000,-14195.317373,19627.051953,10775.479178
2022-02-19T22:45:00.000000000,-15187.149078,20126.158134,8187.220647
2022-02-19T23:00:00.000000000,-15925.256243,20476.73137,5457.240917
2022-02-19T23:15:00.000000000,-16421.952608,20641.614298,2632.783215
2022-02-19T23:30:00.000000000,-16697.309041,20588.235853,-237.255926
2022-02-19T23:45:00.000000000,-16778.201644,20289.99431,-3103.189058
2022-02-18T00:00:00.000000000,-16763.745106,20063.129398,-4398.028066
2022-02-18T00:15:00.000000000,-16620.379415,19375.522661,-7169.436435
2022-02-18T00:30:00.000000000,-16369.316392,18409.753521,-9816.823485
2022-02-18T00:45:00.000000000,-16050.437153,17167.000401,-12294.467784
2022-02-18T01:00:00.000000000,-15703.787151,15657.307313,-14559.640619
2022-02-18T01:15:00.000000000,-15367.899831,13899.348664,-16573.347729
2022-02-18T01:30:00.000000000,-15078.193618,11919.865475,-18301.00106
2022-02-18T01:45:00.000000000,-14865.505278,9752.795559,-19713.009002
2022-02-18T02:00:00.000000000,-14754.816822,7438.132154,-20785.275387
2022-02-18T02:15:00.000000000,-14764.225108,5020.555786,-21499.599476
2022-02-18T02:30:00.000000000,-14904.19337,2547.89265,-21843.971231
2022-02-18T02:45:00.000000000,-15177.112631,69.459098,-21812.758098
2022-02-18T03:00:00.000000000,-15577.188713,-2365.644326,-21406.781565
2022-02-18T03:15:00.000000000,-16090.657897,-4710.224387,-20633.283599
2022-02-18T03:30:00.000000000,-16696.321629,-6920.608328,-19505.784865
2022-02-18T03:45:00.000000000,-17366.378589,-8958.118271,-18043.83828
2022-02-18T04:00:00.000000000,-18067.521215,-10790.352023,-16272.682988
2022-02-18T04:15:00.000000000,-18762.253968,-12392.223054,-14222.805235
2022-02-18T04:30:00.000000000,-19410.382409,-13746.7217,-11929.413918
2022-02-18T04:45:00.000000000,-19970.615944,-14845.370227,-9431.839679
2022-02-18T05:00:00.000000000,-20402.222962,-15688.355912,-6772.867487
2022-02-18T05:15:00.000000000,-20666.675247,-16284.338363,-3998.013508
2022-02-18T05:30:00.000000000,-20729.219046,-16649.939466,-1154.757796
2022-02-18T05:45:00.000000000,-20560.312933,-16808.936151,1708.254996
2022-02-18T06:00:00.000000000,-20136.877563,-16791.187253,4542.034261
2022-02-18T06:15:00.000000000,-19443.309449,-16631.335693,7298.068507
2022-02-18T06:30:00.000000000,-18472.219582,-16367.335613,9929.143728
2022-02-18T06:45:00.000000000,-17224.867997,-16038.860747,12390.142017
2022-02-18T07:00:00.000000000,-15711.276669,-15685.654853,14638.807543
2022-02-18T07:15:00.000000000,-13950.015152,-15345.887392,16636.467364
2022-02-18T07:30:00.000000000,-11967.665684,-15054.577625,18348.695113
2022-02-18T07:45:00.000000000,-9797.986518,-14842.14793,19745.906322
2022-02-18T08:00:00.000000000,-7480.803834,-14733.16253,20803.875019
2022-02-18T08:15:00.000000000,-5060.672934,-14745.300964,21504.162313
2022-02-18T08:30:00.000000000,-2585.358454,-14888.606988,21834.448935
2022-02-18T08:45:00.000000000,-104.190572,-15165.043173,21788.765079
2022-02-18T09:00:00.000000000,2333.640758,-15568.369884,21367.612453
2022-02-18T09:15:00.000000000,4680.788692,-16084.354884,20577.975177
2022-02-18T09:30:00.000000000,6893.384292,-16691.306907,19433.217992
2022-02-18T09:45:00.000000000,8932.540238,-17360.913846,17952.872216
2022-02-18T10:00:00.000000000,10765.665165,-18059.354058,16162.311946
2022-02-18T10:15:00.000000000,12367.537301,-18748.638236,14092.325089
2022-02-18T10:30:00.000000000,13721.09532,-19388.129864,11778.58598
2022-02-18T10:45:00.000000000,14817.915215,-19936.184799,9261.038316
2022-02-18T11:00:00.000000000,15658.354338,-20351.845385,6583.199191
2022-02-18T11:15:00.000000000,16251.356932,-20596.521998,3791.396749
2022-02-18T11:30:00.000000000,16613.929048,-20635.595095,933.955477
2022-02-18T11:45:00.000000000,16770.303943,-20439.87387,-1939.655539
2022-02-18T12:00:00.000000000,16750.8316,-19986.853193,-4779.695271
2022-02-18T12:15:00.000000000,16590.637045,-19261.71863,-7537.027704
2022-02-18T12:30:00.000000000,16328.101381,-18258.059431,-10163.986402
2022-02-18T12:45:00.000000000,16003.226483,-16978.261221,-12615.210369
2022-02-18T13:00:00.000000000,15655.948686,-15433.562934,-14848.435698
2022-02-18T13:15:00.000000000,15324.46858,-13643.776066,-16825.228543
2022-02-18T13:30:00.000000000,15043.662957,-11636.677675,-18511.646439
2022-02-18T13:45:00.000000000,14843.641311,-9447.101361,-19878.816683
2022-02-18T14:00:00.000000000,14748.50308,-7115.762228,-20903.422291
2022-02-18T14:15:00.000000000,14775.343534,-4687.861871,-21568.088063
2022-02-18T14:30:00.000000000,14933.546083,-2211.527672,-21861.661298
2022-02-18T14:45:00.000000000,15224.387346,263.853345,-21779.383669
2022-02-18T15:00:00.000000000,15640.96897,2689.342309,-21322.952784
2022-02-18T15:15:00.000000000,16168.477526,5018.133039,-20500.473781
2022-02-18T15:30:00.000000000,16784.761211,7207.149779,-19326.303081
2022-02-18T15:45:00.000000000,17461.200041,9218.49832,-17820.788088
2022-02-18T16:00:00.000000000,18163.835253,11020.716631,-16009.908082
2022-02-18T16:15:00.000000000,18854.713932,12589.778909,-13924.823018
2022-02-18T16:30:00.000000000,19493.397017,13909.81648,-11601.338112
2022-02-18T16:45:00.000000000,20038.572797,14973.529718,-9079.293283
2022-02-18T17:00:00.000000000,20449.714272,15782.276748,-6401.887501
2022-02-18T17:15:00.000000000,20688.717193,16345.836807,-3614.948957
2022-02-18T17:30:00.000000000,20721.456374,16681.858331,-766.162691
2022-02-18T17:45:00.000000000,20519.201011,16815.01346,2095.732051
2022-02-18T18:00:00.000000000,20059.834934,16775.891736,4921.762066
2022-02-18T18:15:00.000000000,19328.834991,16599.67541,7663.545083
2022-02-18T18:30:00.000000000,18319.969759,16324.647029,10274.10616
2022-02-18T18:45:00.000000000,17035.691116,15990.586323,12708.672567
2022-02-18T19:00:00.000000000,15487.2027,15637.117657,14925.434308
2022-02-18T19:15:00.000000000,13694.201321,15302.071393,16886.257821
2022-02-18T19:30:00.000000000,11684.299689,15019.922096,18557.340997
2022-02-18T19:45:00.000000000,9492.15088,14820.363947,19909.798385
2022-02-18T20:00:00.000000000,7158.306315,14727.078683,20920.16635
2022-02-18T20:15:00.000000000,4727.849315,14756.744368,21570.819079
2022-02-18T20:30:00.000000000,2248.855028,14918.324332,21850.287562
2022-02-18T20:45:00.000000000,-229.265463,15212.665039,21753.475093
2022-02-18T21:00:00.000000000,-2657.474324,15632.419923,21281.764447
2022-02-18T21:15:00.000000000,-4988.804372,16162.303702,20443.013576
2022-02-18T21:30:00.000000000,-7179.979657,16779.668758,19251.438561
2022-02-18T21:45:00.000000000,-9192.89673,17455.382558,17727.384541
2022-02-18T22:00:00.000000000,-10995.909092,18154.973021,15896.987353
2022-02-18T22:15:00.000000000,-12564.864668,18839.997919,13791.730818
2022-02-18T22:30:00.000000000,-13883.855562,19469.585167,11447.906627
2022-02-18T22:45:00.000000000,-14945.650536,20002.083716,8905.985914
2022-02-18T23:00:00.000000000,-15751.793085,20396.759953,6209.913494
2022-02-18T23:15:00.000000000,-16312.361268,20615.47235,3406.337526
2022-02-18T23:30:00.000000000,-16645.39902,20624.257701,543.78882
2022-02-18T23:45:00.000000000,-16776.041792,20394.765626,-2328.174753
2022-02-19T00:00:00.000000000,-16735.371771,19905.484004,-5159.842529
2022-02-19T00:15:00.000000000,-16559.048712,19142.706378,-7902.227341
2022-02-19T00:30:00.000000000,-16285.771434,18101.202744,-10507.927174
2022-02-19T00:45:00.000000000,-15955.631639,16784.567171,-12931.955926
2022-02-19T01:00:00.000000000,-15608.425846,15205.228589,-15132.527929
2022-02-19T01:15:00.000000000,-15281.99252,13384.124677,-17071.781919
2022-02-19T01:30:00.000000000,-15010.640136,11350.052056,-18716.43172
2022-02-19T01:45:00.000000000,-14823.727859,9138.718716,-20038.332582
2022-02-19T02:00:00.000000000,-14744.454016,6791.536127,-21014.953959
2022-02-19T02:15:00.000000000,-14788.898989,4354.198339,-21629.751544
2022-02-19T02:30:00.000000000,-14965.358817,1875.103289,-21872.433341
2022-02-19T02:45:00.000000000,-15273.994178,-596.322809,-21739.116608
2022-02-19T03:00:00.000000000,-15706.807073,-3011.333888,-21232.374407
2022-02-19T03:15:00.000000000,-16247.944773,-5323.540426,-20361.172378
2022-02-19T03:30:00.000000000,-16874.318074,-7490.490611,-19140.698093
2022-02-19T03:45:00.000000000,-17556.509014,-9475.097186,-17592.086983
2022-02-19T04:00:00.000000000,-18259.932327,-11246.85702,-15742.050298
2022-02-19T04:15:00.000000000,-18946.205494,-12782.818534,-13622.411954
2022-02-19T04:30:00.000000000,-19574.674587,-14068.261818,-11269.562365
2022-02-19T04:45:00.000000000,-20104.037405,-15097.067124,-8723.83841
2022-02-19T05:00:00.000000000,-20494.001885,-15871.759143,-6028.839762
2022-02-19T05:15:00.000000000,-20706.916613,-16403.22661,-3230.692576
2022-02-19T05:30:00.000000000,-20709.311311,-16710.128912,-377.272272
2022-02-19T05:45:00.000000000,-20473.288588,-16818.012957,2482.60225
2022-02-19T06:00:00.000000000,-19977.713819,-16758.17447,5299.990239
2022-02-19T06:15:00.000000000,-19209.157435,-16566.307368,8026.653577
2022-02-19T06:30:00.000000000,-18162.553169,-16280.992841,10615.870974
2022-02-19T06:45:00.000000000,-16841.546336,-15942.085877,13023.228894
2022-02-19T07:00:00.000000000,-15258.517739,-15589.060924,15207.376379
2022-02-19T07:15:00.000000000,-13434.280985,-15259.380076,17130.731414
2022-02-19T07:30:00.000000000,-11397.463225,-14986.946546,18760.127052
2022-02-19T07:45:00.000000000,-9183.591313,-14800.70319,20067.3863
2022-02-19T08:00:00.000000000,-6833.916661,-14723.430583,21029.815664
2022-02-19T08:15:00.000000000,-4394.022093,-14770.791829,21630.60842
2022-02-19T08:30:00.000000000,-1912.262579,-14950.662087,21859.149926
2022-02-19T08:45:00.000000000,561.901597,-15262.770032,21711.218709
2022-02-19T09:00:00.000000000,2979.616202,-15698.666655,21189.078713
2022-02-19T09:15:00.000000000,5294.323787,-16242.024125,20301.459786
2022-02-19T09:30:00.000000000,7463.368891,-16869.254616,19063.425411
2022-02-19T09:45:00.000000000,9449.455799,-17550.42634,17496.128632
2022-02-19T10:00:00.000000000,11221.902199,-18250.442185,15626.459246
2022-02-19T10:15:00.000000000,12757.639721,-18930.435651,13486.587418
2022-02-19T10:30:00.000000000,14041.92206,-19549.329868,11113.411011
2022-02-19T10:45:00.000000000,15068.712731,-20065.498585,8547.91595
2022-02-19T11:00:00.000000000,15840.737095,-20438.46359,5834.460885
2022-02-19T11:15:00.000000000,16369.196655,-20630.561209,3019.999108
2022-02-19T11:30:00.000000000,16673.157182,-20608.511535,153.252153
2022-02-19T11:45:00.000000000,16778.63524,-20344.827698,-2716.149335
2022-02-19T12:00:00.000000000,16717.419953,-19819.008872,-5538.541162
2022-02-19T12:15:00.000000000,16525.677395,-19018.469336,-8265.100901
2022-02-19T12:30:00.000000000,16242.393679,-17939.166593,-10848.706308
2022-02-19T12:45:00.000000000,15907.719149,-16585.903649,-13244.76072
2022-02-19T13:00:00.000000000,15561.279785,-14972.293668,-15411.970169
2022-02-19T13:15:00.000000000,15240.522894,-13120.388738,-17313.058127
2022-02-19T13:30:00.000000000,14979.162428,-11059.987752,-18915.405347
2022-02-19T13:45:00.000000000,14805.784855,-8827.65096,-20191.603978
2022-02-19T14:00:00.000000000,14742.669716,-6465.460112,-21119.917042
2022-02-19T14:15:00.000000000,14804.870189,-4019.572691,-21684.636317
2022-02-19T14:30:00.000000000,14999.588427,-1538.626348,-21876.333729
2022-02-19T14:45:00.000000000,15325.868694,927.944981,-21692.00331
2022-02-19T15:00:00.000000000,15774.618892,3331.618943,-21135.092758
2022-02-19T15:15:00.000000000,16328.958322,5626.451853,-20215.425428
2022-02-19T15:30:00.000000000,16964.877056,7770.642225,-18949.015358
2022-02-19T15:45:00.000000000,17652.180506,9727.932357,-17357.77951
2022-02-19T16:00:00.000000000,18355.682115,11468.796023,-15469.152907
2022-02-19T16:15:00.000000000,19036.597863,12971.36864,-13315.613672
2022-02-19T16:30:00.000000000,19654.088879,14222.086131,-10934.126237
2022-02-19T16:45:00.000000000,20166.893054,15216.009763,-8365.51203
2022-02-19T17:00:00.000000000,20534.983352,15956.825975,-5653.757961
2022-02-19T17:15:00.000000000,20721.189629,16456.522425,-2845.273854
2022-02-19T17:30:00.000000000,20692.722189,16734.753529,11.889386
2022-02-19T17:45:00.000000000,20422.53901,16817.920323,2868.848445
2022-02-19T18:00:00.000000000,19890.504386,16738.000159,5676.710347
2022-02-19T18:15:00.000000000,19084.294457,16531.171089,8387.396273
2022-02-19T18:30:00.000000000,18000.014541,16236.283519,10954.453313
2022-02-19T18:45:00.000000000,16642.503847,15893.237512,13333.841173
2022-02-19T19:00:00.000000000,15025.314815,15541.327815,15484.681087
2022-02-19T19:15:00.000000000,13170.366517,15217.62004,17369.954634
2022-02-19T19:30:00.000000000,11107.283815,14955.420485,18957.140774
2022-02-19T19:45:00.000000000,8872.445821,14782.898766,20218.780226
2022-02-19T20:00:00.000000000,6507.778395,14721.916896,21132.957246
2022-02-19T20:15:00.000000000,4059.33526,14787.110824,21683.690007
2022-02-19T20:30:00.000000000,1575.720587,14985.261032,21861.222108
2022-02-19T20:45:00.000000000,-893.587607,15314.97789,21662.20915
2022-02-19T21:00:00.000000000,-3299.949829,15766.715442,21089.79598
2022-02-19T21:15:00.000000000,-5597.247948,16323.114649,20153.581939
2022-02-19T21:30:00.000000000,-7743.473892,16959.664216,18869.473375
2022-02-19T21:45:00.000000000,-9702.162826,17645.654616,17259.424641
2022-02-19T22:00:00.000000000,-11443.615101,18345.389146,15351.070933
2022-02-19T22:15:00.000000000,-12945.859131,19019.605412,13177.258415
2022-02-19T22:30:00.000000000,-14195.317373,19627.051953,10775.479178
2022-02-19T22:45:00.000000000,-15187.149078,20126.158134,8187.220647
2022-02-19T23:00:00.000000000,-15925.256243,20476.73137,5457.240917
2022-02-19T23:15:00.000000000,-16421.952608,20641.614298,2632.783215
2022-02-19T23:30:00.000000000,-16697.309041,20588.235853,-237.255926
2022-02-19T23:45:00.000000000,-16778.201644,20289.99431,-3103.189058
2022-02-18T00:00:00.000000000,-16763.745106,20063.129398,-4398.028066
2022-02-18T00:15:00.000000000,-16620.379415,19375.522661,-7169.436435
2022-02-18T00:30:00.000000000,-16369.316392,18409.753521,-9816.823485
2022-02-18T00:45:00.000000000,-16050.437153,17167.000401,-12294.467784
2022-02-18T01:00:00.000000000,-15703.787151,15657.307313,-14559.640619
2022-02-18T01:15:00.000000000,-15367.899831,13899.348664,-16573.347729
2022-02-18T01:30:00.000000000,-15078.193618,11919.865475,-18301.00106
2022-02-18T01:45:00.000000000,-14865.505278,9752.795559,-19713.009002
2022-02-18T02:00:00.000000000,-14754.816822,7438.132154,-20785.275387
2022-02-18T02:15:00.000000000,-14764.225108,5020.555786,-21499.599476
2022-02-18T02:30:00.000000000,-14904.19337,2547.89265,-21843.971231
2022-02-18T02:45:00.000000000,-15177.112631,69.459098,-21812.758098
2022-02-18T03:00:00.000000000,-15577.188713,-2365.644326,-21406.781565
2022-02-18T03:15:00.000000000,-16090.657897,-4710.224387,-20633.283599
2022-02-18T03:30:00.000000000,-16696.321629,-6920.608328,-19505.784865
2022-02-18T03:45:00.000000000,-17366.378589,-8958.118271,-18043.83828
2022-02-18T04:00:00.000000000,-18067.521215,-10790.352023,-16272.682988
2022-02-18T04:15:00.000000000,-18762.253968,-12392.223054,-14222.805235
2022-02-18T04:30:00.000000000,-19410.382409,-13746.7217,-11929.413918
2022-02-18T04:45:00.000000000,-19970.615944,-14845.370227,-9431.839679
2022-02-18T05:00:00.000000000,-20402.222962,-15688.355912,-6772.867487
2022-02-18T05:15:00.000000000,-20666.675247,-16284.338363,-3998.013508
2022-02-18T05:30:00.000000000,-20729.219046,-16649.939466,-1154.757796
2022-02-18T05:45:00.000000000,-20560.312933,-16808.936151,1708.254996
2022-02-18T06:00:00.000000000,-20136.877563,-16791.187253,4542.034261
2022-02-18T06:15:00.000000000,-19443.309449,-16631.335693,7298.068507
2022-02-18T06:30:00.000000000,-18472.219582,-16367.335613,9929.143728
2022-02-18T06:45:00.000000000,-17224.867997,-16038.860747,12390.142017
2022-02-18T07:00:00.000000000,-15711.276669,-15685.654853,14638.807543
2022-02-18T07:15:00.000000000,-13950.015152,-15345.887392,16636.467364
2022-02-18T07:30:00.000000000,-11967.665684,-15054.577625,18348.695113
2022-02-18T07:45:00.000000000,-9797.986518,-14842.14793,19745.906322
2022-02-18T08:00:00.000000000,-7480.803834,-14733.16253,20803.875019
2022-02-18T08:15:00.000000000,-5060.672934,-14745.300964,21504.162313
2022-02-18T08:30:00.000000000,-2585.358454,-14888.606988,21834.448935
2022-02-18T08:45:00.000000000,-104.190572,-15165.043173,21788.765079
2022-02-18T09:00:00.000000000,2333.640758,-15568.369884,21367.612453
2022-02-18T09:15:00.000000000,4680.788692,-16084.354884,20577.975177
2022-02-18T09:30:00.000000000,6893.384292,-16691.306907,19433.217992
2022-02-18T09:45:00.000000000,8932.540238,-17360.913846,17952.872216
2022-02-18T10:00:00.000000000,10765.665165,-18059.354058,16162.311946
2022-02-18T10:15:00.000000000,12367.537301,-18748.638236,14092.325089
2022-02-18T10:30:00.000000000,13721.09532,-19388.129864,11778.58598
2022-02-18T10:45:00.000000000,14817.915215,-19936.184799,9261.038316
2022-02-18T11:00:00.000000000,15658.354338,-20351.845385,6583.199191
2022-02-18T11:15:00.000000000,16251.356932,-20596.521998,3791.396749
2022-02-18T11:30:00.000000000,16613.929048,-20635.595095,933.955477
2022-02-18T11:45:00.000000000,16770.303943,-20439.87387,-1939.655539
2022-02-18T12:00:00.000000000,16750.8316,-19986.853193,-4779.695271
2022-02-18T12:15:00.000000000,16590.637045,-19261.71863,-7537.027704
2022-02-18T12:30:00.000000000,16328.101381,-18258.059431,-10163.986402
2022-02-18T12:45:00.000000000,16003.226483,-16978.261221,-12615.210369
2022-02-18T13:00:00.000000000,15655.948686,-15433.562934,-14848.435698
2022-02-18T13:15:00.000000000,15324.46858,-13643.776066,-16825.228543
2022-02-18T13:30:00.000000000,15043.662957,-11636.677675,-18511.646439
2022-02-18T13:45:00.000000000,14843.641311,-9447.101361,-19878.816683
2022-02-18T14:00:00.000000000,14748.50308,-7115.762228,-20903.422291
2022-02-18T14:15:00.000000000,14775.343534,-4687.861871,-21568.088063
2022-02-18T14:30:00.000000000,14933.546083,-2211.527672,-21861.661298
2022-02-18T14:45:00.000000000,15224.387346,263.853345,-21779.383669
2022-02-18T15:00:00.000000000,15640.96897,2689.342309,-21322.952784
2022-02-18T15:15:00.000000000,16168.477526,5018.133039,-20500.473781
2022-02-18T15:30:00.000000000,16784.761211,7207.149779,-19326.303081
2022-02-18T15:45:00.000000000,17461.200041,9218.49832,-17820.788088
2022-02-18T16:00:00.000000000,18163.835253,11020.716631,-16009.908082
2022-02-18T16:15:00.000000000,18854.713932,12589.778909,-13924.823018
2022-02-18T16:30:00.000000000,19493.397017,13909.81648,-11601.338112
2022-02-18T16:45:00.000000000,20038.572797,14973.529718,-9079.293283
2022-02-18T17:00:00.000000000,20449.714272,15782.276748,-6401.887501
2022-02-18T17:15:00.000000000,20688.717193,16345.836807,-3614.948957
2022-02-18T17:30:00.000000000,20721.456374,16681.858331,-766.162691
2022-02-18T17:45:00.000000000,20519.201011,16815.01346,2095.732051
2022-02-18T18:00:00.000000000,20059.834934,16775.891736,4921.762066
2022-02-18T18:15:00.000000000,19328.834991,16599.67541,7663.545083
2022-02-18T18:30:00.000000000,18319.969759,16324.647029,10274.10616
2022-02-18T18:45:00.000000000,17035.691116,15990.586323,12708.672567
2022-02-18T19:00:00.000000000,15487.2027,15637.117657,14925.434308
2022-02-18T19:15:00.000000000,13694.201321,15302.071393,16886.257821
2022-02-18T19:30:00.000000000,11684.299689,15019.922096,18557.340997
2022-02-18T19:45:00.000000000,9492.15088,14820.363947,19909.798385
2022-02-18T20:00:00.000000000,7158.306315,14727.078683,20920.16635
2022-02-18T20:15:00.000000000,4727.849315,14756.744368,21570.819079
2022-02-18T20:30:00.000000000,2248.855028,14918.324332,21850.287562
2022-02-18T20:45:00.000000000,-229.265463,15212.665039,21753.475093
2022-02-18T21:00:00.000000000,-2657.474324,15632.419923,21281.764447
2022-02-18T21:15:00.000000000,-4988.804372,16162.303702,20443.013576
2022-02-18T21:30:00.000000000,-7179.979657,16779.668758,19251.438561
2022-02-18T21:45:00.000000000,-9192.89673,17455.382558,17727.384541
2022-02-18T22:00:00.000000000,-10995.909092,18154.973021,15896.987353
2022-02-18T22:15:00.000000000,-12564.864668,18839.997919,13791.730818
2022-02-18T22:30:00.000000000,-13883.855562,19469.585167,11447.906627
2022-02-18T22:45:00.000000000,-14945.650536,20002.083716,8905.985914
2022-02-18T23:00:00.000000000,-15751.793085,20396.759953,6209.913494
2022-02-18T23:15:00.000000000,-16312.361268,20615.47235,3406.337526
2022-02-18T23:30:00.000000000,-16645.39902,20624.257701,543.78882
2022-02-18T23:45:00.000000000,-16776.041792,20394.765626,-2328.174753
2022-02-19T00:00:00.000000000,-16735.371771,19905.484004,-5159.842529
2022-02-19T00:15:00.000000000,-16559.048712,19142.706378,-7902.227341
2022-02-19T00:30:00.000000000,-16285.771434,18101.202744,-10507.927174
2022-02-19T00:45:00.000000000,-15955.631639,16784.567171,-12931.955926
2022-02-19T01:00:00.000000000,-15608.425846,15205.228589,-15132.527929
2022-02-19T01:15:00.000000000,-15281.99252,13384.124677,-17071.781919
2022-02-19T01:30:00.000000000,-15010.640136,11350.052056,-18716.43172
2022-02-19T01:45:00.000000000,-14823.727859,9138.718716,-20038.332582
2022-02-19T02:00:00.000000000,-14744.454016,6791.536127,-21014.953959
2022-02-19T02:15:00.000000000,-14788.898989,4354.198339,-21629.751544
2022-02-19T02:30:00.000000000,-14965.358817,1875.103289,-21872.433341
2022-02-19T02:45:00.000000000,-15273.994178,-596.322809,-21739.116608
2022-02-19T03:00:00.000000000,-15706.807073,-3011.333888,-21232.374407
2022-02-19T03:15:00.000000000,-16247.944773,-5323.540426,-20361.172378
2022-02-19T03:30:00.000000000,-16874.318074,-7490.490611,-19140.698093
2022-02-19T03:45:00.000000000,-17556.509014,-9475.097186,-17592.086983
2022-02-19T04:00:00.000000000,-18259.932327,-11246.85702,-15742.050298
2022-02-19T04:15:00.000000000,-18946.205494,-12782.818534,-13622.411954
2022-02-19T04:30:00.000000000,-19574.674587,-14068.261818,-11269.562365
2022-02-19T04:45:00.000000000,-20104.037405,-15097.067124,-8723.83841
2022-02-19T05:00:00.000000000,-20494.001885,-15871.759143,-6028.839762
2022-02-19T05:15:00.000000000,-20706.916613,-16403.22661,-3230.692576
2022-02-19T05:30:00.000000000,-20709.311311,-16710.128912,-377.272272
2022-02-19T05:45:00.000000000,-20473.288588,-16818.012957,2482.60225
2022-02-19T06:00:00.000000000,-19977.713819,-16758.17447,5299.990239
2022-02-19T06:15:00.000000000,-19209.157435,-16566.307368,8026.653577
2022-02-19T06:30:00.000000000,-18162.553169,-16280.992841,10615.870974
2022-02-19T06:45:00.000000000,-16841.546336,-15942.085877,13023.228894
2022-02-19T07:00:00.000000000,-15258.517739,-15589.060924,15207.376379
2022-02-19T07:15:00.000000000,-13434.280985,-15259.380076,17130.731414
2022-02-19T07:30:00.000000000,-11397.463225,-14986.946546,18760.127052
2022-02-19T07:45:00.000000000,-9183.591313,-14800.70319,20067.3863
2022-02-19T08:00:00.000000000,-6833.916661,-14723.430583,21029.815664
2022-02-19T08:15:00.000000000,-4394.022093,-14770.791829,21630.60842
2022-02-19T08:30:00.000000000,-1912.262579,-14950.662087,21859.149926
2022-02-19T08:45:00.000000000,561.901597,-15262.770032,21711.218709
2022-02-19T09:00:00.000000000,2979.616202,-15698.666655,21189.078713
2022-02-19T09:15:00.000000000,5294.323787,-16242.024125,20301.459786
2022-02-19T09:30:00.000000000,7463.368891,-16869.254616,19063.425411
2022-02-19T09:45:00.000000000,9449.455799,-17550.42634,17496.128632
2022-02-19T10:00:00.000000000,11221.902199,-18250.442185,15626.459246
2022-02-19T10:15:00.000000000,12757.639721,-18930.435651,13486.587418
2022-02-19T10:30:00.000000000,14041.92206,-19549.329868,11113.411011
2022-02-19T10:45:00.000000000,15068.712731,-20065.498585,8547.91595
2022-02-19T11:00:00.000000000,15840.737095,-20438.46359,5834.460885
2022-02-19T11:15:00.000000000,16369.196655,-20630.561209,3019.999108
2022-02-19T11:30:00.000000000,16673.157182,-20608.511535,153.252153
2022-02-19T11:45:00.000000000,16778.63524,-20344.827698,-2716.149335
2022-02-19T12:00:00.000000000,16717.419953,-19819.008872,-5538.541162
2022-02-19T12:15:00.000000000,16525.677395,-19018.469336,-8265.100901
2022-02-19T12:30:00.000000000,16242.393679,-17939.166593,-10848.706308
2022-02-19T12:45:00.000000000,15907.719149,-16585.903649,-13244.76072
2022-02-19T13:00:00.000000000,15561.279785,-14972.293668,-15411.970169
2022-02-19T13:15:00.000000000,15240.522894,-13120.388738,-17313.058127
2022-02-19T13:30:00.000000000,14979.162428,-11059.987752,-18915.405347
2022-02-19T13:45:00.000000000,14805.784855,-8827.65096,-20191.603978
2022-02-19T14:00:00.000000000,14742.669716,-6465.460112,-21119.917042
2022-02-19T14:15:00.000000000,14804.870189,-4019.572691,-21684.636317
2022-02-19T14:30:00.000000000,14999.588427,-1538.626348,-21876.333729
2022-02-19T14:45:00.000000000,15325.868694,927.944981,-21692.00331
2022-02-19T15:00:00.000000000,15774.618892,3331.618943,-21135.092758
2022-02-19T15:15:00.000000000,16328.958322,5626.451853,-20215.425428
2022-02-19T15:30:00.000000000,16964.877056,7770.642225,-18949.015358
2022-02-19T15:45:00.000000000,17652.180506,9727.932357,-17357.77951
2022-02-19T16:00:00.000000000,18355.682115,11468.796023,-15469.152907
2022-02-19T16:15:00.000000000,19036.597863,12971.36864,-13315.613672
2022-02-19T16:30:00.000000000,19654.088879,14222.086131,-10934.126237
2022-02-19T16:45:00.000000000,20166.893054,15216.009763,-8365.51203
2022-02-19T17:00:00.000000000,20534.983352,15956.825975,-5653.757961
2022-02-19T17:15:00.000000000,20721.189629,16456.522425,-2845.273854
2022-02-19T17:30:00.000000000,20692.722189,16734.753529,11.889386
2022-02-19T17:45:00.000000000,20422.53901,16817.920323,2868.848445
2022-02-19T18:00:00.000000000,19890.504386,16738.000159,5676.710347
2022-02-19T18:15:00.000000000,19084.294457,16531.171089,8387.396273
2022-02-19T18:30:00.000000000,18000.014541,16236.283519,10954.453313
2022-02-19T18:45:00.000000000,16642.503847,15893.237512,13333.841173
2022-02-19T19:00:00.000000000,15025.314815,15541.327815,15484.681087
2022-02-19T19:15:00.000000000,13170.366517,15217.62004,17369.954634
2022-02-19T19:30:00.000000000,11107.283815,14955.420485,18957.140774
2022-02-19T19:45:00.000000000,8872.445821,14782.898766,20218.780226
2022-02-19T20:00:00.000000000,6507.778395,14721.916896,21132.957246
2022-02-19T20:15:00.000000000,4059.33526,14787.110824,21683.690007
2022-02-19T20:30:00.000000000,1575.720587,14985.261032,21861.222108
2022-02-19T20:45:00.000000000,-893.587607,15314.97789,21662.20915
2022-02-19T21:00:00.000000000,-3299.949829,15766.715442,21089.79598
2022-02-19T21:15:00.000000000,-5597.247948,16323.114649,20153.581939
2022-02-19T21:30:00.000000000,-7743.473892,16959.664216,18869.473375
2022-02-19T21:45:00.000000000,-9702.162826,17645.654616,17259.424641
2022-02-19T22:00:00.000000000,-11443.615101,18345.389146,15351.070933
2022-02-19T22:15:00.000000000,-12945.859131,19019.605412,13177.258415
2022-02-19T22:30:00.000000000,-14195.317373,19627.051953,10775.479178
2022-02-19T22:45:00.000000000,-15187.149078,20126.158134,8187.220647
2022-02-19T23:00:00.000000000,-15925.256243,20476.73137,5457.240917
2022-02-19T23:15:00.000000000,-16421.952608,20641.614298,2632.783215
2022-02-19T23:30:00.000000000,-16697.309041,20588.235853,-237.255926
2022-02-19T23:45:00.000000000,-16778.201644,20289.99431,-3103.189058
