2022-02-19T00:00:00.000000000,-10541.051933,23448.615423,6167.000917
2022-02-19T00:15:00.000000000,-11022.969015,23775.677039,3340.273285
2022-02-19T00:30:00.000000000,-11333.503046,23840.7799,455.144802
2022-02-19T00:45:00.000000000,-11504.055775,23621.783995,-2437.94413
2022-02-19T01:00:00.000000000,-11570.294414,23104.856017,-5288.230056
2022-02-19T01:15:00.000000000,-11570.562505,22285.142893,-8045.568922
2022-02-19T01:30:00.000000000,-11544.180975,21167.096674,-10661.376496
2022-02-19T01:45:00.000000000,-11529.710506,19764.434189,-13089.544898
2022-02-19T02:00:00.000000000,-11563.248724,18099.730865,-15287.313498
2022-02-19T02:15:00.000000000,-11676.834592,16203.664249,-17216.073535
2022-02-19T02:30:00.000000000,-11897.027812,14113.938258,-18842.087593
2022-02-19T02:45:00.000000000,-12243.723158,11873.933273,-20137.107638
2022-02-19T03:00:00.000000000,-12729.249031,9531.138896,-21078.878422
2022-02-19T03:15:00.000000000,-13357.786627,7135.435233,-21651.516594
2022-02-19T03:30:00.000000000,-14125.131756,4737.294262,-21845.75955
2022-02-19T03:45:00.000000000,-15018.806222,2385.975196,-21659.081797
2022-02-19T04:00:00.000000000,-16018.510716,127.786647,-21095.680176
2022-02-19T04:15:00.000000000,-17096.896894,-1995.515873,-20166.332518
2022-02-19T04:30:00.000000000,-18220.623564,-3948.135715,-18888.137157
2022-02-19T04:45:00.000000000,-19351.651092,-5701.392203,-17284.143026
2022-02-19T05:00:00.000000000,-20448.719617,-7234.588408,-15382.881852
2022-02-19T05:15:00.000000000,-21468.950782,-8535.561411,-13217.815205
2022-02-19T05:30:00.000000000,-22369.509344,-9600.899865,-10826.709873
2022-02-19T05:45:00.000000000,-23109.260393,-10435.826754,-8250.955341
2022-02-19T06:00:00.000000000,-23650.359629,-11053.75784,-5534.836977
2022-02-19T06:15:00.000000000,-23959.718171,-11475.557933,-2724.778133
2022-02-19T06:30:00.000000000,-24010.289253,-11728.527525,131.436302
2022-02-19T06:45:00.000000000,-23782.131692,-11845.161195,2985.443188
2022-02-19T07:00:00.000000000,-23263.213775,-11861.72634,5789.080439
2022-02-19T07:15:00.000000000,-22449.930865,-11816.716089,8495.152411
2022-02-19T07:30:00.000000000,-21347.320293,-11749.233675,11058.172294
2022-02-19T07:45:00.000000000,-19968.967556,-11697.367104,13435.073226
2022-02-19T08:00:00.000000000,-18336.608336,-11696.612616,15585.880433
2022-02-19T08:15:00.000000000,-16479.440979,-11778.403378,17474.337247
2022-02-19T08:30:00.000000000,-14433.173659,-11968.79611,19068.478249
2022-02-19T08:45:00.000000000,-12238.839328,-12287.362974,20341.142974
2022-02-19T09:00:00.000000000,-9941.419377,-12746.329382,21270.423854
2022-02-19T09:15:00.000000000,-7588.32359,-13349.990324,21840.04211
2022-02-19T09:30:00.000000000,-5227.779377,-14094.428639,22039.645452
2022-02-19T09:45:00.000000000,-2907.186989,-14967.548673,21865.02156
2022-02-19T10:00:00.000000000,-671.499552,-15949.427918,21318.221624
2022-02-19T10:15:00.000000000,1438.312953,-17012.978085,20407.588644
2022-02-19T10:30:00.000000000,3386.658423,-18124.89568,19147.685937
2022-02-19T10:45:00.000000000,5144.522435,-19246.871069,17559.1223
2022-02-19T11:00:00.000000000,6690.425348,-20337.014478,15668.271682
2022-02-19T11:15:00.000000000,8011.096822,-21351.44792,13506.886966
2022-02-19T11:30:00.000000000,9101.837673,-22246.0041,11111.609637
2022-02-19T11:45:00.000000000,9966.550409,-22977.967303,8523.379557
2022-02-19T12:00:00.000000000,10617.432605,-23507.787708,5786.751878
2022-02-19T12:15:00.000000000,11074.340904,-23800.699628,2949.130967
2022-02-19T12:30:00.000000000,11363.847255,-23828.176362,59.934213
2022-02-19T12:45:00.000000000,11518.022587,-23569.159471,-2830.298654
2022-02-19T13:00:00.000000000,11572.995483,-23011.008617,-5670.832687
2022-02-19T13:15:00.000000000,11567.344058,-22150.129079,-8411.681184
2022-02-19T13:30:00.000000000,11540.387454,-20992.247446,-11004.544174
2022-02-19T13:45:00.000000000,11530.44862,-19552.321043,-13403.719993
2022-02-19T14:00:00.000000000,11573.161918,-17854.082692,-15566.968355
2022-02-19T14:15:00.000000000,11699.897539,-15929.238512,-17456.304419
2022-02-19T14:30:00.000000000,11936.369622,-13816.351827,-19038.705336
2022-02-19T14:45:00.000000000,12301.486724,-11559.46002,-20286.713353
2022-02-19T15:00:00.000000000,12806.492269,-9206.482598,-21178.922759
2022-02-19T15:15:00.000000000,13454.429502,-6807.487254,-21700.341498
2022-02-19T15:30:00.000000000,14239.950918,-4412.886059,-21842.622007
2022-02-19T15:45:00.000000000,15149.477051,-2071.635711,-21604.159544
2022-02-19T16:00:00.000000000,16161.694537,170.485761,-20990.059814
2022-02-19T16:15:00.000000000,17248.369294,2272.458084,-20011.980882
2022-02-19T16:30:00.000000000,18375.438146,4199.393418,-18687.857136
2022-02-19T16:45:00.000000000,19504.331682,5923.656132,-17041.515302
2022-02-19T17:00:00.000000000,20593.47301,7425.688636,-15102.194223
2022-02-19T17:15:00.000000000,21599.891434,8694.516843,-12903.981296
2022-02-19T17:30:00.000000000,22480.887258,9727.92189,-10485.179104
2022-02-19T17:45:00.000000000,23195.683474,10532.277734,-7887.616009
2022-02-19T18:00:00.000000000,23707.002232,11122.066804,-5155.914315
2022-02-19T18:15:00.000000000,23982.508273,11519.097327,-2336.729089
2022-02-19T18:30:00.000000000,23996.067598,11751.456191,522.029903
2022-02-19T18:45:00.000000000,23728.777413,11852.23982,3371.981548
2022-02-19T19:00:00.000000000,23169.732263,11858.112476,6165.051344
2022-02-19T19:15:00.000000000,22316.501038,11807.746393,8854.234142
2022-02-19T19:30:00.000000000,21175.299832,11740.201366,11394.332711
2022-02-19T19:45:00.000000000,19760.856132,11693.302681,13742.663932
2022-02-19T20:00:00.000000000,18095.97024,11702.075704,15859.725017
2022-02-19T20:15:00.000000000,16210.789932,11797.293147,17709.81266
2022-02-19T20:30:00.000000000,14141.823828,12004.187069,19261.588417
2022-02-19T20:45:00.000000000,11930.727705,12341.372108,20488.583777
2022-02-19T21:00:00.000000000,9622.905659,12820.019574,21369.63861
2022-02-19T21:15:00.000000000,7265.974517,13443.313798,21889.266746
2022-02-19T21:30:00.000000000,4908.145064,14206.212869,22037.942532
2022-02-19T21:45:00.000000000,2596.577214,15095.525742,21812.302382
2022-02-19T22:00:00.000000000,375.768071,16090.306821,21215.255654
2022-02-19T22:15:00.000000000,-1713.96811,17162.557912,20255.999623
2022-02-19T22:30:00.000000000,-3637.871081,18278.216108,18949.934123
2022-02-19T22:45:00.000000000,-5367.903964,19398.395086,17318.472464
2022-02-19T23:00:00.000000000,-6883.673964,20480.836926,15388.746696
2022-02-19T23:15:00.000000000,-8173.065793,21481.522257,13193.207094
2022-02-19T23:30:00.000000000,-9232.559187,22356.378833,10769.11792
2022-02-19T23:45:00.000000000,-10067.213527,23063.022907,8157.954102
2022-02-19T00:00:00.000000000,-10541.051933,23448.615423,6167.000917
2022-02-19T00:15:00.000000000,-11022.969015,23775.677039,3340.273285
2022-02-19T00:30:00.000000000,-11333.503046,23840.7799,455.144802
2022-02-19T00:45:00.000000000,-11504.055775,23621.783995,-2437.94413
2022-02-19T01:00:00.000000000,-11570.294414,23104.856017,-5288.230056
2022-02-19T01:15:00.000000000,-11570.562505,22285.142893,-8045.568922
2022-02-19T01:30:00.000000000,-11544.180975,21167.096674,-10661.376496
2022-02-19T01:45:00.000000000,-11529.710506,19764.434189,-13089.544898
2022-02-19T02:00:00.000000000,-11563.248724,18099.730865,-15287.313498
2022-02-19T02:15:00.000000000,-11676.834592,16203.664249,-17216.073535
2022-02-19T02:30:00.000000000,-11897.027812,14113.938258,-18842.087593
2022-02-19T02:45:00.000000000,-12243.723158,11873.933273,-20137.107638
2022-02-19T03:00:00.000000000,-12729.249031,9531.138896,-21078.878422
2022-02-19T03:15:00.000000000,-13357.786627,7135.435233,-21651.516594
2022-02-19T03:30:00.000000000,-14125.131756,4737.294262,-21845.75955
2022-02-19T03:45:00.000000000,-15018.806222,2385.975196,-21659.081797
2022-02-19T04:00:00.000000000,-16018.510716,127.786647,-21095.680176
2022-02-19T04:15:00.000000000,-17096.896894,-1995.515873,-20166.332518
2022-02-19T04:30:00.000000000,-18220.623564,-3948.135715,-18888.137157
2022-02-19T04:45:00.000000000,-19351.651092,-5701.392203,-17284.143026
2022-02-19T05:00:00.000000000,-20448.719617,-7234.588408,-15382.881852
2022-02-19T05:15:00.000000000,-21468.950782,-8535.561411,-13217.815205
2022-02-19T05:30:00.000000000,-22369.509344,-9600.899865,-10826.709873
2022-02-19T05:45:00.000000000,-23109.260393,-10435.826754,-8250.955341
2022-02-19T06:00:00.000000000,-23650.359629,-11053.75784,-5534.836977
2022-02-19T06:15:00.000000000,-23959.718171,-11475.557933,-2724.778133
2022-02-19T06:30:00.000000000,-24010.289253,-11728.527525,131.436302
2022-02-19T06:45:00.000000000,-23782.131692,-11845.161195,2985.443188
2022-02-19T07:00:00.000000000,-23263.213775,-11861.72634,5789.080439
2022-02-19T07:15:00.000000000,-22449.930865,-11816.716089,8495.152411
2022-02-19T07:30:00.000000000,-21347.320293,-11749.233675,11058.172294
2022-02-19T07:45:00.000000000,-19968.967556,-11697.367104,13435.073226
2022-02-19T08:00:00.000000000,-18336.608336,-11696.612616,15585.880433
2022-02-19T08:15:00.000000000,-16479.440979,-11778.403378,17474.337247
2022-02-19T08:30:00.000000000,-14433.173659,-11968.79611,19068.478249
2022-02-19T08:45:00.000000000,-12238.839328,-12287.362974,20341.142974
2022-02-19T09:00:00.000000000,-9941.419377,-12746.329382,21270.423854
2022-02-19T09:15:00.000000000,-7588.32359,-13349.990324,21840.04211
2022-02-19T09:30:00.000000000,-5227.779377,-14094.428639,22039.645452
2022-02-19T09:45:00.000000000,-2907.186989,-14967.548673,21865.02156
2022-02-19T10:00:00.000000000,-671.499552,-15949.427918,21318.221624
2022-02-19T10:15:00.000000000,1438.312953,-17012.978085,20407.588644
2022-02-19T10:30:00.000000000,3386.658423,-18124.89568,19147.685937
2022-02-19T10:45:00.000000000,5144.522435,-19246.871069,17559.1223
2022-02-19T11:00:00.000000000,6690.425348,-20337.014478,15668.271682
2022-02-19T11:15:00.000000000,8011.096822,-21351.44792,13506.886966
2022-02-19T11:30:00.000000000,9101.837673,-22246.0041,11111.609637
2022-02-19T11:45:00.000000000,9966.550409,-22977.967303,8523.379557
2022-02-19T12:00:00.000000000,10617.432605,-23507.787708,5786.751878
2022-02-19T12:15:00.000000000,11074.340904,-23800.699628,2949.130967
2022-02-19T12:30:00.000000000,11363.847255,-23828.176362,59.934213
2022-02-19T12:45:00.000000000,11518.022587,-23569.159471,-2830.298654
2022-02-19T13:00:00.000000000,11572.995483,-23011.008617,-5670.832687
2022-02-19T13:15:00.000000000,11567.344058,-22150.129079,-8411.681184
2022-02-19T13:30:00.000000000,11540.387454,-20992.247446,-11004.544174
2022-02-19T13:45:00.000000000,11530.44862,-19552.321043,-13403.719993
2022-02-19T14:00:00.000000000,11573.161918,-17854.082692,-15566.968355
2022-02-19T14:15:00.000000000,11699.897539,-15929.238512,-17456.304419
2022-02-19T14:30:00.000000000,11936.369622,-13816.351827,-19038.705336
2022-02-19T14:45:00.000000000,12301.486724,-11559.46002,-20286.713353
2022-02-19T15:00:00.000000000,12806.492269,-9206.482598,-21178.922759
2022-02-19T15:15:00.000000000,13454.429502,-6807.487254,-21700.341498
2022-02-19T15:30:00.000000000,14239.950918,-4412.886059,-21842.622007
2022-02-19T15:45:00.000000000,15149.477051,-2071.635711,-21604.159544
2022-02-19T16:00:00.000000000,16161.694537,170.485761,-20990.059814
2022-02-19T16:15:00.000000000,17248.369294,2272.458084,-20011.980882
2022-02-19T16:30:00.000000000,18375.438146,4199.393418,-18687.857136
2022-02-19T16:45:00.000000000,19504.331682,5923.656132,-17041.515302
2022-02-19T17:00:00.000000000,20593.47301,7425.688636,-15102.194223
2022-02-19T17:15:00.000000000,21599.891434,8694.516843,-12903.981296
2022-02-19T17:30:00.000000000,22480.887258,9727.92189,-10485.179104
2022-02-19T17:45:00.000000000,23195.683474,10532.277734,-7887.616009
2022-02-19T18:00:00.000000000,23707.002232,11122.066804,-5155.914315
2022-02-19T18:15:00.000000000,23982.508273,11519.097327,-2336.729089
2022-02-19T18:30:00.000000000,23996.067598,11751.456191,522.029903
2022-02-19T18:45:00.000000000,23728.777413,11852.23982,3371.981548
2022-02-19T19:00:00.000000000,23169.732263,11858.112476,6165.051344
2022-02-19T19:15:00.000000000,22316.501038,11807.746393,8854.234142
2022-02-19T19:30:00.000000000,21175.299832,11740.201366,11394.332711
2022-02-19T19:45:00.000000000,19760.856132,11693.302681,13742.663932
2022-02-19T20:00:00.000000000,18095.97024,11702.075704,15859.725017
2022-02-19T20:15:00.000000000,16210.789932,11797.293147,17709.81266
2022-02-19T20:30:00.000000000,14141.823828,12004.187069,19261.588417
2022-02-19T20:45:00.000000000,11930.727705,12341.372108,20488.583777
2022-02-19T21:00:00.000000000,9622.905659,12820.019574,21369.63861
2022-02-19T21:15:00.000000000,7265.974517,13443.313798,21889.266746
2022-02-19T21:30:00.000000000,4908.145064,14206.212869,22037.942532
2022-02-19T21:45:00.000000000,2596.577214,15095.525742,21812.302382
2022-02-19T22:00:00.000000000,375.768071,16090.306821,21215.255654
2022-02-19T22:15:00.000000000,-1713.96811,17162.557912,20255.999623
2022-02-19T22:30:00.000000000,-3637.871081,18278.216108,18949.934123
2022-02-19T22:45:00.000000000,-5367.903964,19398.395086,17318.472464
2022-02-19T23:00:00.000000000,-6883.673964,20480.836926,15388.746696
2022-02-19T23:15:00.000000000,-8173.065793,21481.522257,13193.207094
2022-02-19T23:30:00.000000000,-9232.559187,22356.378833,10769.11792
2022-02-19T23:45:00.000000000,-10067.213527,23063.022907,8157.954102
2022-02-19T00:00:00.000000000,-10541.051933,23448.615423,6167.000917
2022-02-19T00:15:00.000000000,-11022.969015,23775.677039,3340.273285
2022-02-19T00:30:00.000000000,-11333.503046,23840.7799,455.144802
2022-02-19T00:45:00.000000000,-11504.055775,23621.783995,-2437.94413
2022-02-19T01:00:00.000000000,-11570.294414,23104.856017,-5288.230056
2022-02-19T01:15:00.000000000,-11570.562505,22285.142893,-8045.568922
2022-02-19T01:30:00.000000000,-11544.180975,21167.096674,-10661.376496
2022-02-19T01:45:00.000000000,-11529.710506,19764.434189,-13089.544898
2022-02-19T02:00:00.000000000,-11563.248724,18099.730865,-15287.313498
2022-02-19T02:15:00.000000000,-11676.834592,16203.664249,-17216.073535
2022-02-19T02:30:00.000000000,-11897.027812,14113.938258,-18842.087593
2022-02-19T02:45:00.000000000,-12243.723158,11873.933273,-20137.107638
2022-02-19T03:00:00.000000000,-12729.249031,9531.138896,-21078.878422
2022-02-19T03:15:00.000000000,-13357.786627,7135.435233,-21651.516594
2022-02-19T03:30:00.000000000,-14125.131756,4737.294262,-21845.75955
2022-02-19T03:45:00.000000000,-15018.806222,2385.975196,-21659.081797
2022-02-19T04:00:00.000000000,-16018.510716,127.786647,-21095.680176
2022-02-19T04:15:00.000000000,-17096.896894,-1995.515873,-20166.332518
2022-02-19T04:30:00.000000000,-18220.623564,-3948.135715,-18888.137157
2022-02-19T04:45:00.000000000,-19351.651092,-5701.392203,-17284.143026
2022-02-19T05:00:00.000000000,-20448.719617,-7234.588408,-15382.881852
2022-02-19T05:15:00.000000000,-21468.950782,-8535.561411,-13217.815205
2022-02-19T05:30:00.000000000,-22369.509344,-9600.899865,-10826.709873
2022-02-19T05:45:00.000000000,-23109.260393,-10435.826754,-8250.955341
2022-02-19T06:00:00.000000000,-23650.359629,-11053.75784,-5534.836977
2022-02-19T06:15:00.000000000,-23959.718171,-11475.557933,-2724.778133
2022-02-19T06:30:00.000000000,-24010.289253,-11728.527525,131.436302
2022-02-19T06:45:00.000000000,-23782.131692,-11845.161195,2985.443188
2022-02-19T07:00:00.000000000,-23263.213775,-11861.72634,5789.080439
2022-02-19T07:15:00.000000000,-22449.930865,-11816.716089,8495.152411
2022-02-19T07:30:00.000000000,-21347.320293,-11749.233675,11058.172294
2022-02-19T07:45:00.000000000,-19968.967556,-11697.367104,13435.073226
2022-02-19T08:00:00.000000000,-18336.608336,-11696.612616,15585.880433
2022-02-19T08:15:00.000000000,-16479.440979,-11778.403378,17474.337247
2022-02-19T08:30:00.000000000,-14433.173659,-11968.79611,19068.478249
2022-02-19T08:45:00.000000000,-12238.839328,-12287.362974,20341.142974
2022-02-19T09:00:00.000000000,-9941.419377,-12746.329382,21270.423854
2022-02-19T09:15:00.000000000,-7588.32359,-13349.990324,21840.04211
2022-02-19T09:30:00.000000000,-5227.779377,-14094.428639,22039.645452
2022-02-19T09:45:00.000000000,-2907.186989,-14967.548673,21865.02156
2022-02-19T10:00:00.000000000,-671.499552,-15949.427918,21318.221624
2022-02-19T10:15:00.000000000,1438.312953,-17012.978085,20407.588644
2022-02-19T10:30:00.000000000,3386.658423,-18124.89568,19147.685937
2022-02-19T10:45:00.000000000,5144.522435,-19246.871069,17559.1223
2022-02-19T11:00:00.000000000,6690.425348,-20337.014478,15668.271682
2022-02-19T11:15:00.000000000,8011.096822,-21351.44792,13506.886966
2022-02-19T11:30:00.000000000,9101.837673,-22246.0041,11111.609637
2022-02-19T11:45:00.000000000,9966.550409,-22977.967303,8523.379557
2022-02-19T12:00:00.000000000,10617.432605,-23507.787708,5786.751878
2022-02-19T12:15:00.000000000,11074.340904,-23800.699628,2949.130967
2022-02-19T12:30:00.000000000,11363.847255,-23828.176362,59.934213
2022-02-19T12:45:00.000000000,11518.022587,-23569.159471,-2830.298654
2022-02-19T13:00:00.000000000,11572.995483,-23011.008617,-5670.832687
2022-02-19T13:15:00.000000000,11567.344058,-22150.129079,-8411.681184
2022-02-19T13:30:00.000000000,11540.387454,-20992.247446,-11004.544174
2022-02-19T13:45:00.000000000,11530.44862,-19552.321043,-13403.719993
2022-02-19T14:00:00.000000000,11573.161918,-17854.082692,-15566.968355
2022-02-19T14:15:00.000000000,11699.897539,-15929.238512,-17456.304419
2022-02-19T14:30:00.000000000,11936.369622,-13816.351827,-19038.705336
2022-02-19T14:45:00.000000000,12301.486724,-11559.46002,-20286.713353
2022-02-19T15:00:00.000000000,12806.492269,-9206.482598,-21178.922759
2022-02-19T15:15:00.000000000,13454.429502,-6807.487254,-21700.341498
2022-02-19T15:30:00.000000000,14239.950918,-4412.886059,-21842.622007
2022-02-19T15:45:00.000000000,15149.477051,-2071.635711,-21604.159544
2022-02-19T16:00:00.000000000,16161.694537,170.485761,-20990.059814
2022-02-19T16:15:00.000000000,17248.369294,2272.458084,-20011.980882
2022-02-19T16:30:00.000000000,18375.438146,4199.393418,-18687.857136
2022-02-19T16:45:00.000000000,19504.331682,5923.656132,-17041.515302
2022-02-19T17:00:00.000000000,20593.47301,7425.688636,-15102.194223
2022-02-19T17:15:00.000000000,21599.891434,8694.516843,-12903.981296
2022-02-19T17:30:00.000000000,22480.887258,9727.92189,-10485.179104
2022-02-19T17:45:00.000000000,23195.683474,10532.277734,-7887.616009
2022-02-19T18:00:00.000000000,23707.002232,11122.066804,-5155.914315
2022-02-19T18:15:00.000000000,23982.508273,11519.097327,-2336.729089
2022-02-19T18:30:00.000000000,23996.067598,11751.456191,522.029903
2022-02-19T18:45:00.000000000,23728.777413,11852.23982,3371.981548
2022-02-19T19:00:00.000000000,23169.732263,11858.112476,6165.051344
2022-02-19T19:15:00.000000000,22316.501038,11807.746393,8854.234142
2022-02-19T19:30:00.000000000,21175.299832,11740.201366,11394.332711
2022-02-19T19:45:00.000000000,19760.856132,11693.302681,13742.663932
2022-02-19T20:00:00.000000000,18095.97024,11702.075704,15859.725017
2022-02-19T20:15:00.000000000,16210.789932,11797.293147,17709.81266
2022-02-19T20:30:00.000000000,14141.823828,12004.187069,19261.588417
2022-02-19T20:45:00.000000000,11930.727705,12341.372108,20488.583777
2022-02-19T21:00:00.000000000,9622.905659,12820.019574,21369.63861
2022-02-19T21:15:00.000000000,7265.974517,13443.313798,21889.266746
2022-02-19T21:30:00.000000000,4908.145064,14206.212869,22037.942532
2022-02-19T21:45:00.000000000,2596.577214,15095.525742,21812.302382
2022-02-19T22:00:00.000000000,375.768071,16090.306821,21215.255654
2022-02-19T22:15:00.000000000,-1713.96811,17162.557912,20255.999623
2022-02-19T22:30:00.000000000,-3637.871081,18278.216108,18949.934123
2022-02-19T22:45:00.000000000,-5367.903964,19398.395086,17318.472464
2022-02-19T23:00:00.000000000,-6883.673964,20480.836926,15388.746696
2022-02-19T23:15:00.000000000,-8173.065793,21481.522257,13193.207094
2022-02-19T23:30:00.000000000,-9232.559187,22356.378833,10769.11792
2022-02-19T23:45:00.000000000,-10067.213527,23063.022907,8157.954102
2022-02-19T00:00:00.000000000,-10541.051933,23448.615423,6167.000917
2022-02-19T00:15:00.000000000,-11022.969015,23775.677039,3340.273285
2022-02-19T00:30:00.000000000,-11333.503046,23840.7799,455.144802
2022-02-19T00:45:00.000000000,-11504.055775,23621.783995,-2437.94413
2022-02-19T01:00:00.000000000,-11570.294414,23104.856017,-5288.230056
2022-02-19T01:15:00.000000000,-11570.562505,22285.142893,-8045.568922
2022-02-19T01:30:00.000000000,-11544.180975,21167.096674,-10661.376496
2022-02-19T01:45:00.000000000,-11529.710506,19764.434189,-13089.544898
2022-02-19T02:00:00.000000000,-11563.248724,18099.730865,-15287.313498
2022-02-19T02:15:00.000000000,-11676.834592,16203.664249,-17216.073535
2022-02-19T02:30:00.000000000,-11897.027812,14113.938258,-18842.087593
2022-02-19T02:45:00.000000000,-12243.723158,11873.933273,-20137.107638
2022-02-19T03:00:00.000000000,-12729.249031,9531.138896,-21078.878422
2022-02-19T03:15:00.000000000,-13357.786627,7135.435233,-21651.516594
2022-02-19T03:30:00.000000000,-14125.131756,4737.294262,-21845.75955
2022-02-19T03:45:00.000000000,-15018.806222,2385.975196,-21659.081797
2022-02-19T04:00:00.000000000,-16018.510716,127.786647,-21095.680176
2022-02-19T04:15:00.000000000,-17096.896894,-1995.515873,-20166.332518
2022-02-19T04:30:00.000000000,-18220.623564,-3948.135715,-18888.137157
2022-02-19T04:45:00.000000000,-19351.651092,-5701.392203,-17284.143026
2022-02-19T05:00:00.000000000,-20448.719617,-7234.588408,-15382.881852
2022-02-19T05:15:00.000000000,-21468.950782,-8535.561411,-13217.815205
2022-02-19T05:30:00.000000000,-22369.509344,-9600.899865,-10826.709873
2022-02-19T05:45:00.000000000,-23109.260393,-10435.826754,-8250.955341
2022-02-19T06:00:00.000000000,-23650.359629,-11053.75784,-5534.836977
2022-02-19T06:15:00.000000000,-23959.718171,-11475.557933,-2724.778133
2022-02-19T06:30:00.000000000,-24010.289253,-11728.527525,131.436302
2022-02-19T06:45:00.000000000,-23782.131692,-11845.161195,2985.443188
2022-02-19T07:00:00.000000000,-23263.213775,-11861.72634,5789.080439
2022-02-19T07:15:00.000000000,-22449.930865,-11816.716089,8495.152411
2022-02-19T07:30:00.000000000,-21347.320293,-11749.233675,11058.172294
2022-02-19T07:45:00.000000000,-19968.967556,-11697.367104,13435.073226
2022-02-19T08:00:00.000000000,-18336.608336,-11696.612616,15585.880433
2022-02-19T08:15:00.000000000,-16479.440979,-11778.403378,17474.337247
2022-02-19T08:30:00.000000000,-14433.173659,-11968.79611,19068.478249
2022-02-19T08:45:00.000000000,-12238.839328,-12287.362974,20341.142974
2022-02-19T09:00:00.000000000,-9941.419377,-12746.329382,21270.423854
2022-02-19T09:15:00.000000000,-7588.32359,-13349.990324,21840.04211
2022-02-19T09:30:00.000000000,-5227.779377,-14094.428639,22039.645452
2022-02-19T09:45:00.000000000,-2907.186989,-14967.548673,21865.02156
2022-02-19T10:00:00.000000000,-671.499552,-15949.427918,21318.221624
2022-02-19T10:15:00.000000000,1438.312953,-17012.978085,20407.588644
2022-02-19T10:30:00.000000000,3386.658423,-18124.89568,19147.685937
2022-02-19T10:45:00.000000000,5144.522435,-19246.871069,17559.1223
2022-02-19T11:00:00.000000000,6690.425348,-20337.014478,15668.271682
2022-02-19T11:15:00.000000000,8011.096822,-21351.44792,13506.886966
2022-02-19T11:30:00.000000000,9101.837673,-22246.0041,11111.609637
2022-02-19T11:45:00.000000000,9966.550409,-22977.967303,8523.379557
2022-02-19T12:00:00.000000000,10617.432605,-23507.787708,5786.751878
2022-02-19T12:15:00.000000000,11074.340904,-23800.699628,2949.130967
2022-02-19T12:30:00.000000000,11363.847255,-23828.176362,59.934213
2022-02-19T12:45:00.000000000,11518.022587,-23569.159471,-2830.298654
2022-02-19T13:00:00.000000000,11572.995483,-23011.008617,-5670.832687
2022-02-19T13:15:00.000000000,11567.344058,-22150.129079,-8411.681184
2022-02-19T13:30:00.000000000,11540.387454,-20992.247446,-11004.544174
2022-02-19T13:45:00.000000000,11530.44862,-19552.321043,-13403.719993
2022-02-19T14:00:00.000000000,11573.161918,-17854.082692,-15566.968355
2022-02-19T14:15:00.000000000,11699.897539,-15929.238512,-17456.304419
2022-02-19T14:30:00.000000000,11936.369622,-13816.351827,-19038.705336
2022-02-19T14:45:00.000000000,12301.486724,-11559.46002,-20286.713353
2022-02-19T15:00:00.000000000,12806.492269,-9206.482598,-21178.922759
2022-02-19T15:15:00.000000000,13454.429502,-6807.487254,-21700.341498
2022-02-19T15:30:00.000000000,14239.950918,-4412.886059,-21842.622007
2022-02-19T15:45:00.000000000,15149.477051,-2071.635711,-21604.159544
2022-02-19T16:00:00.000000000,16161.694537,170.485761,-20990.059814
2022-02-19T16:15:00.000000000,17248.369294,2272.458084,-20011.980882
2022-02-19T16:30:00.000000000,18375.438146,4199.393418,-18687.857136
2022-02-19T16:45:00.000000000,19504.331682,5923.656132,-17041.515302
2022-02-19T17:00:00.000000000,20593.47301,7425.688636,-15102.194223
2022-02-19T17:15:00.000000000,21599.891434,8694.516843,-12903.981296
2022-02-19T17:30:00.000000000,22480.887258,9727.92189,-10485.179104
2022-02-19T17:45:00.000000000,23195.683474,10532.277734,-7887.616009
2022-02-19T18:00:00.000000000,23707.002232,11122.066804,-5155.914315
2022-02-19T18:15:00.000000000,23982.508273,11519.097327,-2336.729089
2022-02-19T18:30:00.000000000,23996.067598,11751.456191,522.029903
2022-02-19T18:45:00.000000000,23728.777413,11852.23982,3371.981548
2022-02-19T19:00:00.000000000,23169.732263,11858.112476,6165.051344
2022-02-19T19:15:00.000000000,22316.501038,11807.746393,8854.234142
2022-02-19T19:30:00.000000000,21175.299832,11740.201366,11394.332711
2022-02-19T19:45:00.000000000,19760.856132,11693.302681,13742.663932
2022-02-19T20:00:00.000000000,18095.97024,11702.075704,15859.725017
2022-02-19T20:15:00.000000000,16210.789932,11797.293147,17709.81266
2022-02-19T20:30:00.000000000,14141.823828,12004.187069,19261.588417
2022-02-19T20:45:00.000000000,11930.727705,12341.372108,20488.583777
2022-02-19T21:00:00.000000000,9622.905659,12820.019574,21369.63861
2022-02-19T21:15:00.000000000,7265.974517,13443.313798,21889.266746
2022-02-19T21:30:00.000000000,4908.145064,14206.212869,22037.942532
2022-02-19T21:45:00.000000000,2596.577214,15095.525742,21812.302382
2022-02-19T22:00:00.000000000,375.768071,16090.306821,21215.255654
2022-02-19T22:15:00.000000000,-1713.96811,17162.557912,20255.999623
2022-02-19T22:30:00.000000000,-3637.871081,18278.216108,18949.934123
2022-02-19T22:45:00.000000000,-5367.903964,19398.395086,17318.472464
2022-02-19T23:00:00.000000000,-6883.673964,20480.836926,15388.746696
2022-02-19T23:15:00.000000000,-8173.065793,21481.522257,13193.207094
2022-02-19T23:30:00.000000000,-9232.559187,22356.378833,10769.11792
2022-02-19T23:45:00.000000000,-10067.213527,23063.022907,8157.954102
2022-02-19T00:00:00.000000000,-10541.051933,23448.615423,6167.000917
2022-02-19T00:15:00.000000000,-11022.969015,23775.677039,3340.273285
2022-02-19T00:30:00.000000000,-11333.503046,23840.7799,455.144802
2022-02-19T00:45:00.000000000,-11504.055775,23621.783995,-2437.94413
2022-02-19T01:00:00.000000000,-11570.294414,23104.856017,-5288.230056
2022-02-19T01:15:00.000000000,-11570.562505,22285.142893,-8045.568922
2022-02-19T01:30:00.000000000,-11544.180975,21167.096674,-10661.376496
2022-02-19T01:45:00.000000000,-11529.710506,19764.434189,-13089.544898
2022-02-19T02:00:00.000000000,-11563.248724,18099.730865,-15287.313498
2022-02-19T02:15:00.000000000,-11676.834592,16203.664249,-17216.073535
2022-02-19T02:30:00.000000000,-11897.027812,14113.938258,-18842.087593
2022-02-19T02:45:00.000000000,-12243.723158,11873.933273,-20137.107638
2022-02-19T03:00:00.000000000,-12729.249031,9531.138896,-21078.878422
2022-02-19T03:15:00.000000000,-13357.786627,7135.435233,-21651.516594
2022-02-19T03:30:00.000000000,-14125.131756,4737.294262,-21845.75955
2022-02-19T03:45:00.000000000,-15018.806222,2385.975196,-21659.081797
2022-02-19T04:00:00.000000000,-16018.510716,127.786647,-21095.680176
2022-02-19T04:15:00.000000000,-17096.896894,-1995.515873,-20166.332518
2022-02-19T04:30:00.000000000,-18220.623564,-3948.135715,-18888.137157
2022-02-19T04:45:00.000000000,-19351.651092,-5701.392203,-17284.143026
2022-02-19T05:00:00.000000000,-20448.719617,-7234.588408,-15382.881852
2022-02-19T05:15:00.000000000,-21468.950782,-8535.561411,-13217.815205
2022-02-19T05:30:00.000000000,-22369.509344,-9600.899865,-10826.709873
2022-02-19T05:45:00.000000000,-23109.260393,-10435.826754,-8250.955341
2022-02-19T06:00:00.000000000,-23650.359629,-11053.75784,-5534.836977
2022-02-19T06:15:00.000000000,-23959.718171,-11475.557933,-2724.778133
2022-02-19T06:30:00.000000000,-24010.289253,-11728.527525,131.436302
2022-02-19T06:45:00.000000000,-23782.131692,-11845.161195,2985.443188
2022-02-19T07:00:00.000000000,-23263.213775,-11861.72634,5789.080439
2022-02-19T07:15:00.000000000,-22449.930865,-11816.716089,8495.152411
2022-02-19T07:30:00.000000000,-21347.320293,-11749.233675,11058.172294
2022-02-19T07:45:00.000000000,-19968.967556,-11697.367104,13435.073226
2022-02-19T08:00:00.000000000,-18336.608336,-11696.612616,15585.880433
2022-02-19T08:15:00.000000000,-16479.440979,-11778.403378,17474.337247
2022-02-19T08:30:00.000000000,-14433.173659,-11968.79611,19068.478249
2022-02-19T08:45:00.000000000,-12238.839328,-12287.362974,20341.142974
2022-02-19T09:00:00.000000000,-9941.419377,-12746.329382,21270.423854
2022-02-19T09:15:00.000000000,-7588.32359,-13349.990324,21840.04211
2022-02-19T09:30:00.000000000,-5227.779377,-14094.428639,22039.645452
2022-02-19T09:45:00.000000000,-2907.186989,-14967.548673,21865.02156
2022-02-19T10:00:00.000000000,-671.499552,-15949.427918,21318.221624
2022-02-19T10:15:00.000000000,1438.312953,-17012.978085,20407.588644
2022-02-19T10:30:00.000000000,3386.658423,-18124.89568,19147.685937
2022-02-19T10:45:00.000000000,5144.522435,-19246.871069,17559.1223
2022-02-19T11:00:00.000000000,6690.425348,-20337.014478,15668.271682
2022-02-19T11:15:00.000000000,8011.096822,-21351.44792,13506.886966
2022-02-19T11:30:00.000000000,9101.837673,-22246.0041,11111.609637
2022-02-19T11:45:00.000000000,9966.550409,-22977.967303,8523.379557
2022-02-19T12:00:00.000000000,10617.432605,-23507.787708,5786.751878
2022-02-19T12:15:00.000000000,11074.340904,-23800.699628,2949.130967
2022-02-19T12:30:00.000000000,11363.847255,-23828.176362,59.934213
2022-02-19T12:45:00.000000000,11518.022587,-23569.159471,-2830.298654
2022-02-19T13:00:00.000000000,11572.995483,-23011.008617,-5670.832687
2022-02-19T13:15:00.000000000,11567.344058,-22150.129079,-8411.681184
2022-02-19T13:30:00.000000000,11540.387454,-20992.247446,-11004.544174
2022-02-19T13:45:00.000000000,11530.44862,-19552.321043,-13403.719993
2022-02-19T14:00:00.000000000,11573.161918,-17854.082692,-15566.968355
2022-02-19T14:15:00.000000000,11699.897539,-15929.238512,-17456.304419
2022-02-19T14:30:00.000000000,11936.369622,-13816.351827,-19038.705336
2022-02-19T14:45:00.000000000,12301.486724,-11559.46002,-20286.713353
2022-02-19T15:00:00.000000000,12806.492269,-9206.482598,-21178.922759
2022-02-19T15:15:00.000000000,13454.429502,-6807.487254,-21700.341498
2022-02-19T15:30:00.000000000,14239.950918,-4412.886059,-21842.622007
2022-02-19T15:45:00.000000000,15149.477051,-2071.635711,-21604.159544
2022-02-19T16:00:00.000000000,16161.694537,170.485761,-20990.059814
2022-02-19T16:15:00.000000000,17248.369294,2272.458084,-20011.980882
2022-02-19T16:30:00.000000000,18375.438146,4199.393418,-18687.857136
2022-02-19T16:45:00.000000000,19504.331682,5923.656132,-17041.515302
2022-02-19T17:00:00.000000000,20593.47301,7425.688636,-15102.194223
2022-02-19T17:15:00.000000000,21599.891434,8694.516843,-12903.981296
2022-02-19T17:30:00.000000000,22480.887258,9727.92189,-10485.179104
2022-02-19T17:45:00.000000000,23195.683474,10532.277734,-7887.616009
2022-02-19T18:00:00.000000000,23707.002232,11122.066804,-5155.914315
2022-02-19T18:15:00.000000000,23982.508273,11519.097327,-2336.729089
2022-02-19T18:30:00.000000000,23996.067598,11751.456191,522.029903
2022-02-19T18:45:00.000000000,23728.777413,11852.23982,3371.981548
2022-02-19T19:00:00.000000000,23169.732263,11858.112476,6165.051344
2022-02-19T19:15:00.000000000,22316.501038,11807.746393,8854.234142
2022-02-19T19:30:00.000000000,21175.299832,11740.201366,11394.332711
2022-02-19T19:45:00.000000000,19760.856132,11693.302681,13742.663932
2022-02-19T20:00:00.000000000,18095.97024,11702.075704,15859.725017
2022-02-19T20:15:00.000000000,16210.789932,11797.293147,17709.81266
2022-02-19T20:30:00.000000000,14141.823828,12004.187069,19261.588417
2022-02-19T20:45:00.000000000,11930.727705,12341.372108,20488.583777
2022-02-19T21:00:00.000000000,9622.905659,12820.019574,21369.63861
2022-02-19T21:15:00.000000000,7265.974517,13443.313798,21889.266746
2022-02-19T21:30:00.000000000,4908.145064,14206.212869,22037.942532
2022-02-19T21:45:00.000000000,2596.577214,15095.525742,21812.302382
2022-02-19T22:00:00.000000000,375.768071,16090.306821,21215.255654
2022-02-19T22:15:00.000000000,-1713.96811,17162.557912,20255.999623
2022-02-19T22:30:00.000000000,-3637.871081,18278.216108,18949.934123
2022-02-19T22:45:00.000000000,-5367.903964,19398.395086,17318.472464
2022-02-19T23:00:00.000000000,-6883.673964,20480.836926,15388.746696
2022-02-19T23:15:00.000000000,-8173.065793,21481.522257,13193.207094
2022-02-19T23:30:00.000000000,-9232.559187,22356.378833,10769.11792
2022-02-19T23:45:00.000000000,-10067.213527,23063.022907,8157.954102
2022-02-19T00:00:00.000000000,-10541.051933,23448.615423,6167.000917
2022-02-19T00:15:00.000000000,-11022.969015,23775.677039,3340.273285
2022-02-19T00:30:00.000000000,-11333.503046,23840.7799,455.144802
2022-02-19T00:45:00.000000000,-11504.055775,23621.783995,-2437.94413
2022-02-19T01:00:00.000000000,-11570.294414,23104.856017,-5288.230056
2022-02-19T01:15:00.000000000,-11570.562505,22285.142893,-8045.568922
2022-02-19T01:30:00.000000000,-11544.180975,21167.096674,-10661.376496
2022-02-19T01:45:00.000000000,-11529.710506,19764.434189,-13089.544898
2022-02-19T02:00:00.000000000,-11563.248724,18099.730865,-15287.313498
2022-02-19T02:15:00.000000000,-11676.834592,16203.664249,-17216.073535
2022-02-19T02:30:00.000000000,-11897.027812,14113.938258,-18842.087593
2022-02-19T02:45:00.000000000,-12243.723158,11873.933273,-20137.107638
2022-02-19T03:00:00.000000000,-12729.249031,9531.138896,-21078.878422
2022-02-19T03:15:00.000000000,-13357.786627,7135.435233,-21651.516594
2022-02-19T03:30:00.000000000,-14125.131756,4737.294262,-21845.75955
2022-02-19T03:45:00.000000000,-15018.806222,2385.975196,-21659.081797
2022-02-19T04:00:00.000000000,-16018.510716,127.786647,-21095.680176
2022-02-19T04:15:00.000000000,-17096.896894,-1995.515873,-20166.332518
2022-02-19T04:30:00.000000000,-18220.623564,-3948.135715,-18888.137157
2022-02-19T04:45:00.000000000,-19351.651092,-5701.392203,-17284.143026
2022-02-19T05:00:00.000000000,-20448.719617,-7234.588408,-15382.881852
2022-02-19T05:15:00.000000000,-21468.950782,-8535.561411,-13217.815205
2022-02-19T05:30:00.000000000,-22369.509344,-9600.899865,-10826.709873
2022-02-19T05:45:00.000000000,-23109.260393,-10435.826754,-8250.955341
2022-02-19T06:00:00.000000000,-23650.359629,-11053.75784,-5534.836977
2022-02-19T06:15:00.000000000,-23959.718171,-11475.557933,-2724.778133
2022-02-19T06:30:00.000000000,-24010.289253,-11728.527525,131.436302
2022-02-19T06:45:00.000000000,-23782.131692,-11845.161195,2985.443188
2022-02-19T07:00:00.000000000,-23263.213775,-11861.72634,5789.080439
2022-02-19T07:15:00.000000000,-22449.930865,-11816.716089,8495.152411
2022-02-19T07:30:00.000000000,-21347.320293,-11749.233675,11058.172294
2022-02-19T07:45:00.000000000,-19968.967556,-11697.367104,13435.073226
2022-02-19T08:00:00.000000000,-18336.608336,-11696.612616,15585.880433
2022-02-19T08:15:00.000000000,-16479.440979,-11778.403378,17474.337247
2022-02-19T08:30:00.000000000,-14433.173659,-11968.79611,19068.478249
2022-02-19T08:45:00.000000000,-12238.839328,-12287.362974,20341.142974
2022-02-19T09:00:00.000000000,-9941.419377,-12746.329382,21270.423854
2022-02-19T09:15:00.000000000,-7588.32359,-13349.990324,21840.04211
2022-02-19T09:30:00.000000000,-5227.779377,-14094.428639,22039.645452
2022-02-19T09:45:00.000000000,-2907.186989,-14967.548673,21865.02156
2022-02-19T10:00:00.000000000,-671.499552,-15949.427918,21318.221624
2022-02-19T10:15:00.000000000,1438.312953,-17012.978085,20407.588644
2022-02-19T10:30:00.000000000,3386.658423,-18124.89568,19147.685937
2022-02-19T10:45:00.000000000,5144.522435,-19246.871069,17559.1223
2022-02-19T11:00:00.000000000,6690.425348,-20337.014478,15668.271682
2022-02-19T11:15:00.000000000,8011.096822,-21351.44792,13506.886966
2022-02-19T11:30:00.000000000,9101.837673,-22246.0041,11111.609637
2022-02-19T11:45:00.000000000,9966.550409,-22977.967303,8523.379557
2022-02-19T12:00:00.000000000,10617.432605,-23507.787708,5786.751878
2022-02-19T12:15:00.000000000,11074.340904,-23800.699628,2949.130967
2022-02-19T12:30:00.000000000,11363.847255,-23828.176362,59.934213
2022-02-19T12:45:00.000000000,11518.022587,-23569.159471,-2830.298654
2022-02-19T13:00:00.000000000,11572.995483,-23011.008617,-5670.832687
2022-02-19T13:15:00.000000000,11567.344058,-22150.129079,-8411.681184
2022-02-19T13:30:00.000000000,11540.387454,-20992.247446,-11004.544174
2022-02-19T13:45:00.000000000,11530.44862,-19552.321043,-13403.719993
2022-02-19T14:00:00.000000000,11573.161918,-17854.082692,-15566.968355
2022-02-19T14:15:00.000000000,11699.897539,-15929.238512,-17456.304419
2022-02-19T14:30:00.000000000,11936.369622,-13816.351827,-19038.705336
2022-02-19T14:45:00.000000000,12301.486724,-11559.46002,-20286.713353
2022-02-19T15:00:00.000000000,12806.492269,-9206.482598,-21178.922759
2022-02-19T15:15:00.000000000,13454.429502,-6807.487254,-21700.341498
2022-02-19T15:30:00.000000000,14239.950918,-4412.886059,-21842.622007
2022-02-19T15:45:00.000000000,15149.477051,-2071.635711,-21604.159544
2022-02-19T16:00:00.000000000,16161.694537,170.485761,-20990.059814
2022-02-19T16:15:00.000000000,17248.369294,2272.458084,-20011.980882
2022-02-19T16:30:00.000000000,18375.438146,4199.393418,-18687.857136
2022-02-19T16:45:00.000000000,19504.331682,5923.656132,-17041.515302
2022-02-19T17:00:00.000000000,20593.47301,7425.688636,-15102.194223
2022-02-19T17:15:00.000000000,21599.891434,8694.516843,-12903.981296
2022-02-19T17:30:00.000000000,22480.887258,9727.92189,-10485.179104
2022-02-19T17:45:00.000000000,23195.683474,10532.277734,-7887.616009
2022-02-19T18:00:00.000000000,23707.002232,11122.066804,-5155.914315
2022-02-19T18:15:00.000000000,23982.508273,11519.097327,-2336.729089
2022-02-19T18:30:00.000000000,23996.067598,11751.456191,522.029903
2022-02-19T18:45:00.000000000,23728.777413,11852.23982,3371.981548
2022-02-19T19:00:00.000000000,23169.732263,11858.112476,6165.051344
2022-02-19T19:15:00.000000000,22316.501038,11807.746393,8854.234142
2022-02-19T19:30:00.000000000,21175.299832,11740.201366,11394.332711
2022-02-19T19:45:00.000000000,19760.856132,11693.302681,13742.663932
2022-02-19T20:00:00.000000000,18095.97024,11702.075704,15859.725017
2022-02-19T20:15:00.000000000,16210.789932,11797.293147,17709.81266
2022-02-19T20:30:00.000000000,14141.823828,12004.187069,19261.588417
2022-02-19T20:45:00.000000000,11930.727705,12341.372108,20488.583777
2022-02-19T21:00:00.000000000,9622.905659,12820.019574,21369.63861
2022-02-19T21:15:00.000000000,7265.974517,13443.313798,21889.266746
2022-02-19T21:30:00.000000000,4908.145064,14206.212869,22037.942532
2022-02-19T21:45:00.000000000,2596.577214,15095.525742,21812.302382
2022-02-19T22:00:00.000000000,375.768071,16090.306821,21215.255654
2022-02-19T22:15:00.000000000,-1713.96811,17162.557912,20255.999623
2022-02-19T22:30:00.000000000,-3637.871081,18278.216108,18949.934123
2022-02-19T22:45:00.000000000,-5367.903964,19398.395086,17318.472464
2022-02-19T23:00:00.000000000,-6883.673964,20480.836926,15388.746696
2022-02-19T23:15:00.000000000,-8173.065793,21481.522257,13193.207094
2022-02-19T23:30:00.000000000,-9232.559187,22356.378833,10769.11792
2022-02-19T23:45:00.000000000,-10067.213527,23063.022907,8157.954102
2022-02-19T00:00:00.000000000,-10541.051933,23448.615423,6167.000917
2022-02-19T00:15:00.000000000,-11022.969015,23775.677039,3340.273285
2022-02-19T00:30:00.000000000,-11333.503046,23840.7799,455.144802
2022-02-19T00:45:00.000000000,-11504.055775,23621.783995,-2437.94413
2022-02-19T01:00:00.000000000,-11570.294414,23104.856017,-5288.230056
2022-02-19T01:15:00.000000000,-11570.562505,22285.142893,-8045.568922
2022-02-19T01:30:00.000000000,-11544.180975,21167.096674,-10661.376496
2022-02-19T01:45:00.000000000,-11529.710506,19764.434189,-13089.544898
2022-02-19T02:00:00.000000000,-11563.248724,18099.730865,-15287.313498
2022-02-19T02:15:00.000000000,-11676.834592,16203.664249,-17216.073535
2022-02-19T02:30:00.000000000,-11897.027812,14113.938258,-18842.087593
2022-02-19T02:45:00.000000000,-12243.723158,11873.933273,-20137.107638
2022-02-19T03:00:00.000000000,-12729.249031,9531.138896,-21078.878422
2022-02-19T03:15:00.000000000,-13357.786627,7135.435233,-21651.516594
2022-02-19T03:30:00.000000000,-14125.131756,4737.294262,-21845.75955
2022-02-19T03:45:00.000000000,-15018.806222,2385.975196,-21659.081797
2022-02-19T04:00:00.000000000,-16018.510716,127.786647,-21095.680176
2022-02-19T04:15:00.000000000,-17096.896894,-1995.515873,-20166.332518
2022-02-19T04:30:00.000000000,-18220.623564,-3948.135715,-18888.137157
2022-02-19T04:45:00.000000000,-19351.651092,-5701.392203,-17284.143026
2022-02-19T05:00:00.000000000,-20448.719617,-7234.588408,-15382.881852
2022-02-19T05:15:00.000000000,-21468.950782,-8535.561411,-13217.815205
2022-02-19T05:30:00.000000000,-22369.509344,-9600.899865,-10826.709873
2022-02-19T05:45:00.000000000,-23109.260393,-10435.826754,-8250.955341
2022-02-19T06:00:00.000000000,-23650.359629,-11053.75784,-5534.836977
2022-02-19T06:15:00.000000000,-23959.718171,-11475.557933,-2724.778133
2022-02-19T06:30:00.000000000,-24010.289253,-11728.527525,131.436302
2022-02-19T06:45:00.000000000,-23782.131692,-11845.161195,2985.443188
2022-02-19T07:00:00.000000000,-23263.213775,-11861.72634,5789.080439
2022-02-19T07:15:00.000000000,-22449.930865,-11816.716089,8495.152411
2022-02-19T07:30:00.000000000,-21347.320293,-11749.233675,11058.172294
2022-02-19T07:45:00.000000000,-19968.967556,-11697.367104,13435.073226
2022-02-19T08:00:00.000000000,-18336.608336,-11696.612616,15585.880433
2022-02-19T08:15:00.000000000,-16479.440979,-11778.403378,17474.337247
2022-02-19T08:30:00.000000000,-14433.173659,-11968.79611,19068.478249
2022-02-19T08:45:00.000000000,-12238.839328,-12287.362974,20341.142974
2022-02-19T09:00:00.000000000,-9941.419377,-12746.329382,21270.423854
2022-02-19T09:15:00.000000000,-7588.32359,-13349.990324,21840.04211
2022-02-19T09:30:00.000000000,-5227.779377,-14094.428639,22039.645452
2022-02-19T09:45:00.000000000,-2907.186989,-14967.548673,21865.02156
2022-02-19T10:00:00.000000000,-671.499552,-15949.427918,21318.221624
2022-02-19T10:15:00.000000000,1438.312953,-17012.978085,20407.588644
2022-02-19T10:30:00.000000000,3386.658423,-18124.89568,19147.685937
2022-02-19T10:45:00.000000000,5144.522435,-19246.871069,17559.1223
2022-02-19T11:00:00.000000000,6690.425348,-20337.014478,15668.271682
2022-02-19T11:15:00.000000000,8011.096822,-21351.44792,13506.886966
2022-02-19T11:30:00.000000000,9101.837673,-22246.0041,11111.609637
2022-02-19T11:45:00.000000000,9966.550409,-22977.967303,8523.379557
2022-02-19T12:00:00.000000000,10617.432605,-23507.787708,5786.751878
2022-02-19T12:15:00.000000000,11074.340904,-23800.699628,2949.130967
2022-02-19T12:30:00.000000000,11363.847255,-23828.176362,59.934213
2022-02-19T12:45:00.000000000,11518.022587,-23569.159471,-2830.298654
2022-02-19T13:00:00.000000000,11572.995483,-23011.008617,-5670.832687
2022-02-19T13:15:00.000000000,11567.344058,-22150.129079,-8411.681184
2022-02-19T13:30:00.000000000,11540.387454,-20992.247446,-11004.544174
2022-02-19T13:45:00.000000000,11530.44862,-19552.321043,-13403.719993
2022-02-19T14:00:00.000000000,11573.161918,-17854.082692,-15566.968355
2022-02-19T14:15:00.000000000,11699.897539,-15929.238512,-17456.304419
2022-02-19T14:30:00.000000000,11936.369622,-13816.351827,-19038.705336
2022-02-19T14:45:00.000000000,12301.486724,-11559.46002,-20286.713353
2022-02-19T15:00:00.000000000,12806.492269,-9206.482598,-21178.922759
2022-02-19T15:15:00.000000000,13454.429502,-6807.487254,-21700.341498
2022-02-19T15:30:00.000000000,14239.950918,-4412.886059,-21842.622007
2022-02-19T15:45:00.000000000,15149.477051,-2071.635711,-21604.159544
2022-02-19T16:00:00.000000000,16161.694537,170.485761,-20990.059814
2022-02-19T16:15:00.000000000,17248.369294,2272.458084,-20011.980882
2022-02-19T16:30:00.000000000,18375.438146,4199.393418,-18687.857136
2022-02-19T16:45:00.000000000,19504.331682,5923.656132,-17041.515302
2022-02-19T17:00:00.000000000,20593.47301,7425.688636,-15102.194223
2022-02-19T17:15:00.000000000,21599.891434,8694.516843,-12903.981296
2022-02-19T17:30:00.000000000,22480.887258,9727.92189,-10485.179104
2022-02-19T17:45:00.000000000,23195.683474,10532.277734,-7887.616009
2022-02-19T18:00:00.000000000,23707.002232,11122.066804,-5155.914315
2022-02-19T18:15:00.000000000,23982.508273,11519.097327,-2336.729089
2022-02-19T18:30:00.000000000,23996.067598,11751.456191,522.029903
2022-02-19T18:45:00.000000000,23728.777413,11852.23982,3371.981548
2022-02-19T19:00:00.000000000,23169.732263,11858.112476,6165.051344
2022-02-19T19:15:00.000000000,22316.501038,11807.746393,8854.234142
2022-02-19T19:30:00.000000000,21175.299832,11740.201366,11394.332711
2022-02-19T19:45:00.000000000,19760.856132,11693.302681,13742.663932
2022-02-19T20:00:00.000000000,18095.97024,11702.075704,15859.725017
2022-02-19T20:15:00.000000000,16210.789932,11797.293147,17709.81266
2022-02-19T20:30:00.000000000,14141.823828,12004.187069,19261.588417
2022-02-19T20:45:00.000000000,11930.727705,12341.372108,20488.583777
2022-02-19T21:00:00.000000000,9622.905659,12820.019574,21369.63861
2022-02-19T21:15:00.000000000,7265.974517,13443.313798,21889.266746
2022-02-19T21:30:00.000000000,4908.145064,14206.212869,22037.942532
2022-02-19T21:45:00.000000000,2596.577214,15095.525742,21812.302382
2022-02-19T22:00:00.000000000,375.768071,16090.306821,21215.255654
2022-02-19T22:15:00.000000000,-1713.96811,17162.557912,20255.999623
2022-02-19T22:30:00.000000000,-3637.871081,18278.216108,18949.934123
2022-02-19T22:45:00.000000000,-5367.903964,19398.395086,17318.472464
2022-02-19T23:00:00.000000000,-6883.673964,20480.836926,15388.746696
2022-02-19T23:15:00.000000000,-8173.065793,21481.522257,13193.207094
2022-02-19T23:30:00.000000000,-9232.559187,22356.378833,10769.11792
2022-02-19T23:45:00.000000000,-10067.213527,23063.022907,8157.954102
2022-02-18T00:00:00.000000000,-10377.398758,23317.347208,6921.012974
2022-02-18T00:15:00.000000000,-10910.730282,23711.009014,4118.784906
2022-02-18T00:30:00.000000000,-11265.036665,23850.067412,1244.58348
2022-02-18T00:45:00.000000000,-11470.303409,23710.275865,-1651.400361
2022-02-18T01:00:00.000000000,-11561.187152,23275.454257,-4518.398194
2022-02-18T01:15:00.000000000,-11575.468128,22538.252672,-7306.003372
2022-02-18T01:30:00.000000000,-11552.374273,21500.573684,-9965.114148
2022-02-18T01:45:00.000000000,-11530.846864,20173.63237,-12448.858882
2022-02-18T02:00:00.000000000,-11547.820887,18577.649051,-14713.481485
2022-02-18T02:15:00.000000000,-11636.593181,16741.185891,-16719.166062
2022-02-18T02:30:00.000000000,-11825.347751,14700.154293,-18430.781338
2022-02-18T02:45:00.000000000,-12135.900605,12496.534549,-19818.52778
2022-02-18T03:00:00.000000000,-12582.716586,10176.861638,-20858.473354
2022-02-18T03:15:00.000000000,-13172.238266,7790.540871,-21532.967254
2022-02-18T03:30:00.000000000,-13902.552948,5388.063733,-21830.924615
2022-02-18T03:45:00.000000000,-14763.408878,3019.197538,-21747.978991
2022-02-18T04:00:00.000000000,-15736.576606,731.222317,-21286.502991
2022-02-18T04:15:00.000000000,-16796.536958,-1432.715037,-20455.500802
2022-02-18T04:30:00.000000000,-17911.463854,-3435.065783,-19270.379325
2022-02-18T04:45:00.000000000,-19044.45881,-5245.108812,-17752.607034
2022-02-18T05:00:00.000000000,-20154.98479,-6839.900684,-15929.27168
2022-02-18T05:15:00.000000000,-21200.440461,-8204.914565,-13832.549293
2022-02-18T05:30:00.000000000,-22137.811887,-9334.349322,-11499.097793
2022-02-18T05:45:00.000000000,-22925.337289,-10231.103106,-8969.38896
2022-02-18T06:00:00.000000000,-23524.121648,-10906.418565,-6286.992423
2022-02-18T06:15:00.000000000,-23899.641315,-11379.218758,-3497.82502
2022-02-18T06:30:00.000000000,-24023.084187,-11675.163587,-649.378249
2022-02-18T06:45:00.000000000,-23872.478171,-11825.465932,2210.064254
2022-02-18T07:00:00.000000000,-23433.569047,-11865.514222,5032.208128
2022-02-18T07:15:00.000000000,-22700.418326,-11833.354076,7769.518441
2022-02-18T07:30:00.000000000,-21675.701847,-11768.085518,10375.969266
2022-02-18T07:45:00.000000000,-20370.700215,-11708.23438,12807.764178
2022-02-18T08:00:00.000000000,-18804.982792,-11690.156661,15024.019844
2022-02-18T08:15:00.000000000,-17005.797127,-11746.533021,16987.405391
2022-02-18T08:30:00.000000000,-15007.185507,-11905.007305,18664.730715
2022-02-18T08:45:00.000000000,-12848.859431,-12187.018032,20027.477096
2022-02-18T09:00:00.000000000,-10574.870859,-12606.865495,21052.263748
2022-02-18T09:15:00.000000000,-8232.126193,-13171.049358,21721.244005
2022-02-18T09:30:00.000000000,-5868.794623,-13877.902801,22022.424928
2022-02-18T09:45:00.000000000,-3532.666728,-14717.539452,21949.904313
2022-02-18T10:00:00.000000000,-1269.521748,-15672.118712,21504.019236
2022-02-18T10:15:00.000000000,878.437205,-16716.423963,20691.400741
2022-02-18T10:30:00.000000000,2874.021972,-17818.736856,19524.929872
2022-02-18T10:45:00.000000000,4686.317355,-18941.979613,18023.591216
2022-02-18T11:00:00.000000000,6291.70873,-20045.08657,16212.221374
2022-02-18T11:15:00.000000000,7674.637033,-21084.556427,14121.151494
2022-02-18T11:30:00.000000000,8828.048215,-22016.128202,11785.744969
2022-02-18T11:45:00.000000000,9753.51523,-22796.517375,9245.833864
2022-02-18T12:00:00.000000000,10461.02315,-23385.144342,6545.0603
2022-02-18T12:15:00.000000000,10968.421396,-23745.785683,3730.131873
2022-02-18T12:30:00.000000000,11300.560967,-23848.080004,850.003185
2022-02-18T12:45:00.000000000,11488.148214,-23668.824491,-2045.001632
2022-02-18T13:00:00.000000000,11566.359515,-23193.005735,-4904.107976
2022-02-18T13:15:00.000000000,11573.272351,-22414.518707,-7677.031818
2022-02-18T13:30:00.000000000,11548.177232,-21336.540527,-10314.921666
2022-02-18T13:45:00.000000000,11529.841032,-19971.540336,-12771.279632
2022-02-18T14:00:00.000000000,11554.795088,-18340.922468,-15002.839799
2022-02-18T14:15:00.000000000,11655.72083,-16474.316246,-16970.38302
2022-02-18T14:30:00.000000000,11860.001562,-14408.541426,-18639.469032
2022-02-18T14:45:00.000000000,12188.501567,-12186.29255,-19981.069153
2022-02-18T15:00:00.000000000,12654.623432,-9854.597648,-20972.085962
2022-02-18T15:15:00.000000000,13263.681847,-7463.116033,-21595.749784
2022-02-18T15:30:00.000000000,14012.617917,-5062.34624,-21841.885501
2022-02-18T15:45:00.000000000,14890.063007,-2701.817848,-21707.046975
2022-02-18T16:00:00.000000000,15876.74605,-428.340361,-21194.519949
2022-02-18T16:15:00.000000000,16946.223879,1715.62156,-20314.19758
2022-02-18T16:30:00.000000000,18065.901141,3693.38399,-19082.335684
2022-02-18T16:45:00.000000000,19198.29525,5475.237447,-17521.197112
2022-02-18T17:00:00.000000000,20302.492979,7039.356089,-15658.59658
2022-02-18T17:15:00.000000000,21335.739046,8372.39248,-13527.358559
2022-02-18T17:30:00.000000000,22255.093365,9469.740964,-11164.701643
2022-02-18T17:45:00.000000000,23019.092622,10335.465756,-8611.56313
2022-02-18T18:00:00.000000000,23589.353271,10981.902583,-5911.877489
2022-02-18T18:15:00.000000000,23932.05673,11428.954484,-3111.821965
2022-02-18T18:30:00.000000000,24019.263261,11703.112967,-259.041979
2022-02-18T18:45:00.000000000,23830.008276,11836.24483,2598.131873
2022-02-18T19:00:00.000000000,23351.143487,11864.192323,5411.464263
2022-02-18T19:15:00.000000000,22577.894811,11825.239887,8133.582987
2022-02-18T19:30:00.000000000,21514.119194,11758.504402,10718.725015
2022-02-18T19:45:00.000000000,20172.252911,11702.307677,13123.452379
2022-02-18T20:00:00.000000000,18572.954459,11692.589825,15307.330101
2022-02-18T20:15:00.000000000,16744.455298,11761.420354,17233.558963
2022-02-18T20:30:00.000000000,14721.641413,11935.660288,18869.556294
2022-02-18T20:45:00.000000000,12544.897654,12235.823464,20187.478205
2022-02-18T21:00:00.000000000,10258.754739,12675.178667,21164.676889
2022-02-18T21:15:00.000000000,7910.385731,13259.126354,21784.08672
2022-02-18T21:30:00.000000000,5548.004289,13984.874729,22034.532959
2022-02-18T21:45:00.000000000,3219.22102,14841.429995,21910.957045
2022-02-18T22:00:00.000000000,969.416582,15809.904898,21414.552677
2022-02-18T22:15:00.000000000,-1159.809267,16864.138544,20552.807341
2022-02-18T22:30:00.000000000,-3132.054945,17971.609096,19339.444613
2022-02-18T22:45:00.000000000,-4917.3464,19094.609833,17794.263522
2022-02-18T23:00:00.000000000,-6493.129847,20191.648383,15942.872638
2022-02-18T23:15:00.000000000,-7844.986804,21219.01934,13816.318222
2022-02-18T23:30:00.000000000,-8967.039934,22132.492302,11450.607879
2022-02-18T23:45:00.000000000,-9862.029374,22889.051017,8886.133619
2022-02-19T00:00:00.000000000,-10541.051933,23448.615423,6167.000917
2022-02-19T00:15:00.000000000,-11022.969015,23775.677039,3340.273285
2022-02-19T00:30:00.000000000,-11333.503046,23840.7799,455.144802
2022-02-19T00:45:00.000000000,-11504.055775,23621.783995,-2437.94413
2022-02-19T01:00:00.000000000,-11570.294414,23104.856017,-5288.230056
2022-02-19T01:15:00.000000000,-11570.562505,22285.142893,-8045.568922
2022-02-19T01:30:00.000000000,-11544.180975,21167.096674,-10661.376496
2022-02-19T01:45:00.000000000,-11529.710506,19764.434189,-13089.544898
2022-02-19T02:00:00.000000000,-11563.248724,18099.730865,-15287.313498
2022-02-19T02:15:00.000000000,-11676.834592,16203.664249,-17216.073535
2022-02-19T02:30:00.000000000,-11897.027812,14113.938258,-18842.087593
2022-02-19T02:45:00.000000000,-12243.723158,11873.933273,-20137.107638
2022-02-19T03:00:00.000000000,-12729.249031,9531.138896,-21078.878422
2022-02-19T03:15:00.000000000,-13357.786627,7135.435233,-21651.516594
2022-02-19T03:30:00.000000000,-14125.131756,4737.294262,-21845.75955
2022-02-19T03:45:00.000000000,-15018.806222,2385.975196,-21659.081797
2022-02-19T04:00:00.000000000,-16018.510716,127.786647,-21095.680176
2022-02-19T04:15:00.000000000,-17096.896894,-1995.515873,-20166.332518
2022-02-19T04:30:00.000000000,-18220.623564,-3948.135715,-18888.137157
2022-02-19T04:45:00.000000000,-19351.651092,-5701.392203,-17284.143026
2022-02-19T05:00:00.000000000,-20448.719617,-7234.588408,-15382.881852
2022-02-19T05:15:00.000000000,-21468.950782,-8535.561411,-13217.815205
2022-02-19T05:30:00.000000000,-22369.509344,-9600.899865,-10826.709873
2022-02-19T05:45:00.000000000,-23109.260393,-10435.826754,-8250.955341
2022-02-19T06:00:00.000000000,-23650.359629,-11053.75784,-5534.836977
2022-02-19T06:15:00.000000000,-23959.718171,-11475.557933,-2724.778133
2022-02-19T06:30:00.000000000,-24010.289253,-11728.527525,131.436302
2022-02-19T06:45:00.000000000,-23782.131692,-11845.161195,2985.443188
2022-02-19T07:00:00.000000000,-23263.213775,-11861.72634,5789.080439
2022-02-19T07:15:00.000000000,-22449.930865,-11816.716089,8495.152411
2022-02-19T07:30:00.000000000,-21347.320293,-11749.233675,11058.172294
2022-02-19T07:45:00.000000000,-19968.967556,-11697.367104,13435.073226
2022-02-19T08:00:00.000000000,-18336.608336,-11696.612616,15585.880433
2022-02-19T08:15:00.000000000,-16479.440979,-11778.403378,17474.337247
2022-02-19T08:30:00.000000000,-14433.173659,-11968.79611,19068.478249
2022-02-19T08:45:00.000000000,-12238.839328,-12287.362974,20341.142974
2022-02-19T09:00:00.000000000,-9941.419377,-12746.329382,21270.423854
2022-02-19T09:15:00.000000000,-7588.32359,-13349.990324,21840.04211
2022-02-19T09:30:00.000000000,-5227.779377,-14094.428639,22039.645452
2022-02-19T09:45:00.000000000,-2907.186989,-14967.548673,21865.02156
2022-02-19T10:00:00.000000000,-671.499552,-15949.427918,21318.221624
2022-02-19T10:15:00.000000000,1438.312953,-17012.978085,20407.588644
2022-02-19T10:30:00.000000000,3386.658423,-18124.89568,19147.685937
2022-02-19T10:45:00.000000000,5144.522435,-19246.871069,17559.1223
2022-02-19T11:00:00.000000000,6690.425348,-20337.014478,15668.271682
2022-02-19T11:15:00.000000000,8011.096822,-21351.44792,13506.886966
2022-02-19T11:30:00.000000000,9101.837673,-22246.0041,11111.609637
2022-02-19T11:45:00.000000000,9966.550409,-22977.967303,8523.379557
2022-02-19T12:00:00.000000000,10617.432605,-23507.787708,5786.751878
2022-02-19T12:15:00.000000000,11074.340904,-23800.699628,2949.130967
2022-02-19T12:30:00.000000000,11363.847255,-23828.176362,59.934213
2022-02-19T12:45:00.000000000,11518.022587,-23569.159471,-2830.298654
2022-02-19T13:00:00.000000000,11572.995483,-23011.008617,-5670.832687
2022-02-19T13:15:00.000000000,11567.344058,-22150.129079,-8411.681184
2022-02-19T13:30:00.000000000,11540.387454,-20992.247446,-11004.544174
2022-02-19T13:45:00.000000000,11530.44862,-19552.321043,-13403.719993
2022-02-19T14:00:00.000000000,11573.161918,-17854.082692,-15566.968355
2022-02-19T14:15:00.000000000,11699.897539,-15929.238512,-17456.304419
2022-02-19T14:30:00.000000000,11936.369622,-13816.351827,-19038.705336
2022-02-19T14:45:00.000000000,12301.486724,-11559.46002,-20286.713353
2022-02-19T15:00:00.000000000,12806.492269,-9206.482598,-21178.922759
2022-02-19T15:15:00.000000000,13454.429502,-6807.487254,-21700.341498
2022-02-19T15:30:00.000000000,14239.950918,-4412.886059,-21842.622007
2022-02-19T15:45:00.000000000,15149.477051,-2071.635711,-21604.159544
2022-02-19T16:00:00.000000000,16161.694537,170.485761,-20990.059814
2022-02-19T16:15:00.000000000,17248.369294,2272.458084,-20011.980882
2022-02-19T16:30:00.000000000,18375.438146,4199.393418,-18687.857136
2022-02-19T16:45:00.000000000,19504.331682,5923.656132,-17041.515302
2022-02-19T17:00:00.000000000,20593.47301,7425.688636,-15102.194223
2022-02-19T17:15:00.000000000,21599.891434,8694.516843,-12903.981296
2022-02-19T17:30:00.000000000,22480.887258,9727.92189,-10485.179104
2022-02-19T17:45:00.000000000,23195.683474,10532.277734,-7887.616009
2022-02-19T18:00:00.000000000,23707.002232,11122.066804,-5155.914315
2022-02-19T18:15:00.000000000,23982.508273,11519.097327,-2336.729089
2022-02-19T18:30:00.000000000,23996.067598,11751.456191,522.029903
2022-02-19T18:45:00.000000000,23728.777413,11852.23982,3371.981548
2022-02-19T19:00:00.000000000,23169.732263,11858.112476,6165.051344
2022-02-19T19:15:00.000000000,22316.501038,11807.746393,8854.234142
2022-02-19T19:30:00.000000000,21175.299832,11740.201366,11394.332711
2022-02-19T19:45:00.000000000,19760.856132,11693.302681,13742.663932
2022-02-19T20:00:00.000000000,18095.97024,11702.075704,15859.725017
2022-02-19T20:15:00.000000000,16210.789932,11797.293147,17709.81266
2022-02-19T20:30:00.000000000,14141.823828,12004.187069,19261.588417
2022-02-19T20:45:00.000000000,11930.727705,12341.372108,20488.583777
2022-02-19T21:00:00.000000000,9622.905659,12820.019574,21369.63861
2022-02-19T21:15:00.000000000,7265.974517,13443.313798,21889.266746
2022-02-19T21:30:00.000000000,4908.145064,14206.212869,22037.942532
2022-02-19T21:45:00.000000000,2596.577214,15095.525742,21812.302382
2022-02-19T22:00:00.000000000,375.768071,16090.306821,21215.255654
2022-02-19T22:15:00.000000000,-1713.96811,17162.557912,20255.999623
2022-02-19T22:30:00.000000000,-3637.871081,18278.216108,18949.934123
2022-02-19T22:45:00.000000000,-5367.903964,19398.395086,17318.472464
2022-02-19T23:00:00.000000000,-6883.673964,20480.836926,15388.746696
2022-02-19T23:15:00.000000000,-8173.065793,21481.522257,13193.207094
2022-02-19T23:30:00.000000000,-9232.559187,22356.378833,10769.11792
2022-02-19T23:45:00.000000000,-10067.213527,23063.022907,8157.954102
2022-02-18T00:00:00.000000000,-10377.398758,23317.347208,6921.012974
2022-02-18T00:15:00.000000000,-10910.730282,23711.009014,4118.784906
2022-02-18T00:30:00.000000000,-11265.036665,23850.067412,1244.58348
2022-02-18T00:45:00.000000000,-11470.303409,23710.275865,-1651.400361
2022-02-18T01:00:00.000000000,-11561.187152,23275.454257,-4518.398194
2022-02-18T01:15:00.000000000,-11575.468128,22538.252672,-7306.003372
2022-02-18T01:30:00.000000000,-11552.374273,21500.573684,-9965.114148
2022-02-18T01:45:00.000000000,-11530.846864,20173.63237,-12448.858882
2022-02-18T02:00:00.000000000,-11547.820887,18577.649051,-14713.481485
2022-02-18T02:15:00.000000000,-11636.593181,16741.185891,-16719.166062
2022-02-18T02:30:00.000000000,-11825.347751,14700.154293,-18430.781338
2022-02-18T02:45:00.000000000,-12135.900605,12496.534549,-19818.52778
2022-02-18T03:00:00.000000000,-12582.716586,10176.861638,-20858.473354
2022-02-18T03:15:00.000000000,-13172.238266,7790.540871,-21532.967254
2022-02-18T03:30:00.000000000,-13902.552948,5388.063733,-21830.924615
2022-02-18T03:45:00.000000000,-14763.408878,3019.197538,-21747.978991
2022-02-18T04:00:00.000000000,-15736.576606,731.222317,-21286.502991
2022-02-18T04:15:00.000000000,-16796.536958,-1432.715037,-20455.500802
2022-02-18T04:30:00.000000000,-17911.463854,-3435.065783,-19270.379325
2022-02-18T04:45:00.000000000,-19044.45881,-5245.108812,-17752.607034
2022-02-18T05:00:00.000000000,-20154.98479,-6839.900684,-15929.27168
2022-02-18T05:15:00.000000000,-21200.440461,-8204.914565,-13832.549293
2022-02-18T05:30:00.000000000,-22137.811887,-9334.349322,-11499.097793
2022-02-18T05:45:00.000000000,-22925.337289,-10231.103106,-8969.38896
2022-02-18T06:00:00.000000000,-23524.121648,-10906.418565,-6286.992423
2022-02-18T06:15:00.000000000,-23899.641315,-11379.218758,-3497.82502
2022-02-18T06:30:00.000000000,-24023.084187,-11675.163587,-649.378249
2022-02-18T06:45:00.000000000,-23872.478171,-11825.465932,2210.064254
2022-02-18T07:00:00.000000000,-23433.569047,-11865.514222,5032.208128
2022-02-18T07:15:00.000000000,-22700.418326,-11833.354076,7769.518441
2022-02-18T07:30:00.000000000,-21675.701847,-11768.085518,10375.969266
2022-02-18T07:45:00.000000000,-20370.700215,-11708.23438,12807.764178
2022-02-18T08:00:00.000000000,-18804.982792,-11690.156661,15024.019844
2022-02-18T08:15:00.000000000,-17005.797127,-11746.533021,16987.405391
2022-02-18T08:30:00.000000000,-15007.185507,-11905.007305,18664.730715
2022-02-18T08:45:00.000000000,-12848.859431,-12187.018032,20027.477096
2022-02-18T09:00:00.000000000,-10574.870859,-12606.865495,21052.263748
2022-02-18T09:15:00.000000000,-8232.126193,-13171.049358,21721.244005
2022-02-18T09:30:00.000000000,-5868.794623,-13877.902801,22022.424928
2022-02-18T09:45:00.000000000,-3532.666728,-14717.539452,21949.904313
2022-02-18T10:00:00.000000000,-1269.521748,-15672.118712,21504.019236
2022-02-18T10:15:00.000000000,878.437205,-16716.423963,20691.400741
2022-02-18T10:30:00.000000000,2874.021972,-17818.736856,19524.929872
2022-02-18T10:45:00.000000000,4686.317355,-18941.979613,18023.591216
2022-02-18T11:00:00.000000000,6291.70873,-20045.08657,16212.221374
2022-02-18T11:15:00.000000000,7674.637033,-21084.556427,14121.151494
2022-02-18T11:30:00.000000000,8828.048215,-22016.128202,11785.744969
2022-02-18T11:45:00.000000000,9753.51523,-22796.517375,9245.833864
2022-02-18T12:00:00.000000000,10461.02315,-23385.144342,6545.0603
2022-02-18T12:15:00.000000000,10968.421396,-23745.785683,3730.131873
2022-02-18T12:30:00.000000000,11300.560967,-23848.080004,850.003185
2022-02-18T12:45:00.000000000,11488.148214,-23668.824491,-2045.001632
2022-02-18T13:00:00.000000000,11566.359515,-23193.005735,-4904.107976
2022-02-18T13:15:00.000000000,11573.272351,-22414.518707,-7677.031818
2022-02-18T13:30:00.000000000,11548.177232,-21336.540527,-10314.921666
2022-02-18T13:45:00.000000000,11529.841032,-19971.540336,-12771.279632
2022-02-18T14:00:00.000000000,11554.795088,-18340.922468,-15002.839799
2022-02-18T14:15:00.000000000,11655.72083,-16474.316246,-16970.38302
2022-02-18T14:30:00.000000000,11860.001562,-14408.541426,-18639.469032
2022-02-18T14:45:00.000000000,12188.501567,-12186.29255,-19981.069153
2022-02-18T15:00:00.000000000,12654.623432,-9854.597648,-20972.085962
2022-02-18T15:15:00.000000000,13263.681847,-7463.116033,-21595.749784
2022-02-18T15:30:00.000000000,14012.617917,-5062.34624,-21841.885501
2022-02-18T15:45:00.000000000,14890.063007,-2701.817848,-21707.046975
2022-02-18T16:00:00.000000000,15876.74605,-428.340361,-21194.519949
2022-02-18T16:15:00.000000000,16946.223879,1715.62156,-20314.19758
2022-02-18T16:30:00.000000000,18065.901141,3693.38399,-19082.335684
2022-02-18T16:45:00.000000000,19198.29525,5475.237447,-17521.197112
2022-02-18T17:00:00.000000000,20302.492979,7039.356089,-15658.59658
2022-02-18T17:15:00.000000000,21335.739046,8372.39248,-13527.358559
2022-02-18T17:30:00.000000000,22255.093365,9469.740964,-11164.701643
2022-02-18T17:45:00.000000000,23019.092622,10335.465756,-8611.56313
2022-02-18T18:00:00.000000000,23589.353271,10981.902583,-5911.877489
2022-02-18T18:15:00.000000000,23932.05673,11428.954484,-3111.821965
2022-02-18T18:30:00.000000000,24019.263261,11703.112967,-259.041979
2022-02-18T18:45:00.000000000,23830.008276,11836.24483,2598.131873
2022-02-18T19:00:00.000000000,23351.143487,11864.192323,5411.464263
2022-02-18T19:15:00.000000000,22577.894811,11825.239887,8133.582987
2022-02-18T19:30:00.000000000,21514.119194,11758.504402,10718.725015
2022-02-18T19:45:00.000000000,20172.252911,11702.307677,13123.452379
2022-02-18T20:00:00.000000000,18572.954459,11692.589825,15307.330101
2022-02-18T20:15:00.000000000,16744.455298,11761.420354,17233.558963
2022-02-18T20:30:00.000000000,14721.641413,11935.660288,18869.556294
2022-02-18T20:45:00.000000000,12544.897654,12235.823464,20187.478205
2022-02-18T21:00:00.000000000,10258.754739,12675.178667,21164.676889
2022-02-18T21:15:00.000000000,7910.385731,13259.126354,21784.08672
2022-02-18T21:30:00.000000000,5548.004289,13984.874729,22034.532959
2022-02-18T21:45:00.000000000,3219.22102,14841.429995,21910.957045
2022-02-18T22:00:00.000000000,969.416582,15809.904898,21414.552677
2022-02-18T22:15:00.000000000,-1159.809267,16864.138544,20552.807341
2022-02-18T22:30:00.000000000,-3132.054945,17971.609096,19339.444613
2022-02-18T22:45:00.000000000,-4917.3464,19094.609833,17794.263522
2022-02-18T23:00:00.000000000,-6493.129847,20191.648383,15942.872638
2022-02-18T23:15:00.000000000,-7844.986804,21219.01934,13816.318222
2022-02-18T23:30:00.000000000,-8967.039934,22132.492302,11450.607879
2022-02-18T23:45:00.000000000,-9862.029374,22889.051017,8886.133619
2022-02-19T00:00:00.000000000,-10541.051933,23448.615423,6167.000917
2022-02-19T00:15:00.000000000,-11022.969015,23775.677039,3340.273285
2022-02-19T00:30:00.000000000,-11333.503046,23840.7799,455.144802
2022-02-19T00:45:00.000000000,-11504.055775,23621.783995,-2437.94413
2022-02-19T01:00:00.000000000,-11570.294414,23104.856017,-5288.230056
2022-02-19T01:15:00.000000000,-11570.562505,22285.142893,-8045.568922
2022-02-19T01:30:00.000000000,-11544.180975,21167.096674,-10661.376496
2022-02-19T01:45:00.000000000,-11529.710506,19764.434189,-13089.544898
2022-02-19T02:00:00.000000000,-11563.248724,18099.730865,-15287.313498
2022-02-19T02:15:00.000000000,-11676.834592,16203.664249,-17216.073535
2022-02-19T02:30:00.000000000,-11897.027812,14113.938258,-18842.087593
2022-02-19T02:45:00.000000000,-12243.723158,11873.933273,-20137.107638
2022-02-19T03:00:00.000000000,-12729.249031,9531.138896,-21078.878422
2022-02-19T03:15:00.000000000,-13357.786627,7135.435233,-21651.516594
2022-02-19T03:30:00.000000000,-14125.131756,4737.294262,-21845.75955
2022-02-19T03:45:00.000000000,-15018.806222,2385.975196,-21659.081797
2022-02-19T04:00:00.000000000,-16018.510716,127.786647,-21095.680176
2022-02-19T04:15:00.000000000,-17096.896894,-1995.515873,-20166.332518
2022-02-19T04:30:00.000000000,-18220.623564,-3948.135715,-18888.137157
2022-02-19T04:45:00.000000000,-19351.651092,-5701.392203,-17284.143026
2022-02-19T05:00:00.000000000,-20448.719617,-7234.588408,-15382.881852
2022-02-19T05:15:00.000000000,-21468.950782,-8535.561411,-13217.815205
2022-02-19T05:30:00.000000000,-22369.509344,-9600.899865,-10826.709873
2022-02-19T05:45:00.000000000,-23109.260393,-10435.826754,-8250.955341
2022-02-19T06:00:00.000000000,-23650.359629,-11053.75784,-5534.836977
2022-02-19T06:15:00.000000000,-23959.718171,-11475.557933,-2724.778133
2022-02-19T06:30:00.000000000,-24010.289253,-11728.527525,131.436302
2022-02-19T06:45:00.000000000,-23782.131692,-11845.161195,2985.443188
2022-02-19T07:00:00.000000000,-23263.213775,-11861.72634,5789.080439
2022-02-19T07:15:00.000000000,-22449.930865,-11816.716089,8495.152411
2022-02-19T07:30:00.000000000,-21347.320293,-11749.233675,11058.172294
2022-02-19T07:45:00.000000000,-19968.967556,-11697.367104,13435.073226
2022-02-19T08:00:00.000000000,-18336.608336,-11696.612616,15585.880433
2022-02-19T08:15:00.000000000,-16479.440979,-11778.403378,17474.337247
2022-02-19T08:30:00.000000000,-14433.173659,-11968.79611,19068.478249
2022-02-19T08:45:00.000000000,-12238.839328,-12287.362974,20341.142974
2022-02-19T09:00:00.000000000,-9941.419377,-12746.329382,21270.423854
2022-02-19T09:15:00.000000000,-7588.32359,-13349.990324,21840.04211
2022-02-19T09:30:00.000000000,-5227.779377,-14094.428639,22039.645452
2022-02-19T09:45:00.000000000,-2907.186989,-14967.548673,21865.02156
2022-02-19T10:00:00.000000000,-671.499552,-15949.427918,21318.221624
2022-02-19T10:15:00.000000000,1438.312953,-17012.978085,20407.588644
2022-02-19T10:30:00.000000000,3386.658423,-18124.89568,19147.685937
2022-02-19T10:45:00.000000000,5144.522435,-19246.871069,17559.1223
2022-02-19T11:00:00.000000000,6690.425348,-20337.014478,15668.271682
2022-02-19T11:15:00.000000000,8011.096822,-21351.44792,13506.886966
2022-02-19T11:30:00.000000000,9101.837673,-22246.0041,11111.609637
2022-02-19T11:45:00.000000000,9966.550409,-22977.967303,8523.379557
2022-02-19T12:00:00.000000000,10617.432605,-23507.787708,5786.751878
2022-02-19T12:15:00.000000000,11074.340904,-23800.699628,2949.130967
2022-02-19T12:30:00.000000000,11363.847255,-23828.176362,59.934213
2022-02-19T12:45:00.000000000,11518.022587,-23569.159471,-2830.298654
2022-02-19T13:00:00.000000000,11572.995483,-23011.008617,-5670.832687
2022-02-19T13:15:00.000000000,11567.344058,-22150.129079,-8411.681184
2022-02-19T13:30:00.000000000,11540.387454,-20992.247446,-11004.544174
2022-02-19T13:45:00.000000000,11530.44862,-19552.321043,-13403.719993
2022-02-19T14:00:00.000000000,11573.161918,-17854.082692,-15566.968355
2022-02-19T14:15:00.000000000,11699.897539,-15929.238512,-17456.304419
2022-02-19T14:30:00.000000000,11936.369622,-13816.351827,-19038.705336
2022-02-19T14:45:00.000000000,12301.486724,-11559.46002,-20286.713353
2022-02-19T15:00:00.000000000,12806.492269,-9206.482598,-21178.922759
2022-02-19T15:15:00.000000000,13454.429502,-6807.487254,-21700.341498
2022-02-19T15:30:00.000000000,14239.950918,-4412.886059,-21842.622007
2022-02-19T15:45:00.000000000,15149.477051,-2071.635711,-21604.159544
2022-02-19T16:00:00.000000000,16161.694537,170.485761,-20990.059814
2022-02-19T16:15:00.000000000,17248.369294,2272.458084,-20011.980882
2022-02-19T16:30:00.000000000,18375.438146,4199.393418,-18687.857136
2022-02-19T16:45:00.000000000,19504.331682,5923.656132,-17041.515302
2022-02-19T17:00:00.000000000,20593.47301,7425.688636,-15102.194223
2022-02-19T17:15:00.000000000,21599.891434,8694.516843,-12903.981296
2022-02-19T17:30:00.000000000,22480.887258,9727.92189,-10485.179104
2022-02-19T17:45:00.000000000,23195.683474,10532.277734,-7887.616009
2022-02-19T18:00:00.000000000,23707.002232,11122.066804,-5155.914315
2022-02-19T18:15:00.000000000,23982.508273,11519.097327,-2336.729089
2022-02-19T18:30:00.000000000,23996.067598,11751.456191,522.029903
2022-02-19T18:45:00.000000000,23728.777413,11852.23982,3371.981548
2022-02-19T19:00:00.000000000,23169.732263,11858.112476,6165.051344
2022-02-19T19:15:00.000000000,22316.501038,11807.746393,8854.234142
2022-02-19T19:30:00.000000000,21175.299832,11740.201366,11394.332711
2022-02-19T19:45:00.000000000,19760.856132,11693.302681,13742.663932
2022-02-19T20:00:00.000000000,18095.97024,11702.075704,15859.725017
2022-02-19T20:15:00.000000000,16210.789932,11797.293147,17709.81266
2022-02-19T20:30:00.000000000,14141.823828,12004.187069,19261.588417
2022-02-19T20:45:00.000000000,11930.727705,12341.372108,20488.583777
2022-02-19T21:00:00.000000000,9622.905659,12820.019574,21369.63861
2022-02-19T21:15:00.000000000,7265.974517,13443.313798,21889.266746
2022-02-19T21:30:00.000000000,4908.145064,14206.212869,22037.942532
2022-02-19T21:45:00.000000000,2596.577214,15095.525742,21812.302382
2022-02-19T22:00:00.000000000,375.768071,16090.306821,21215.255654
2022-02-19T22:15:00.000000000,-1713.96811,17162.557912,20255.999623
2022-02-19T22:30:00.000000000,-3637.871081,18278.216108,18949.934123
2022-02-19T22:45:00.000000000,-5367.903964,19398.395086,17318.472464
2022-02-19T23:00:00.000000000,-6883.673964,20480.836926,15388.746696
2022-02-19T23:15:00.000000000,-8173.065793,21481.522257,13193.207094
2022-02-19T23:30:00.000000000,-9232.559187,22356.378833,10769.11792
2022-02-19T23:45:00.000000000,-10067.213527,23063.022907,8157.954102
2022-02-18T00:00:00.000000000,-10377.398758,23317.347208,6921.012974
2022-02-18T00:15:00.000000000,-10910.730282,23711.009014,4118.784906
2022-02-18T00:30:00.000000000,-11265.036665,23850.067412,1244.58348
2022-02-18T00:45:00.000000000,-11470.303409,23710.275865,-1651.400361
2022-02-18T01:00:00.000000000,-11561.187152,23275.454257,-4518.398194
2022-02-18T01:15:00.000000000,-11575.468128,22538.252672,-7306.003372
2022-02-18T01:30:00.000000000,-11552.374273,21500.573684,-9965.114148
2022-02-18T01:45:00.000000000,-11530.846864,20173.63237,-12448.858882
2022-02-18T02:00:00.000000000,-11547.820887,18577.649051,-14713.481485
2022-02-18T02:15:00.000000000,-11636.593181,16741.185891,-16719.166062
2022-02-18T02:30:00.000000000,-11825.347751,14700.154293,-18430.781338
2022-02-18T02:45:00.000000000,-12135.900605,12496.534549,-19818.52778
2022-02-18T03:00:00.000000000,-12582.716586,10176.861638,-20858.473354
2022-02-18T03:15:00.000000000,-13172.238266,7790.540871,-21532.967254
2022-02-18T03:30:00.000000000,-13902.552948,5388.063733,-21830.924615
2022-02-18T03:45:00.000000000,-14763.408878,3019.197538,-21747.978991
2022-02-18T04:00:00.000000000,-15736.576606,731.222317,-21286.502991
2022-02-18T04:15:00.000000000,-16796.536958,-1432.715037,-20455.500802
2022-02-18T04:30:00.000000000,-17911.463854,-3435.065783,-19270.379325
2022-02-18T04:45:00.000000000,-19044.45881,-5245.108812,-17752.607034
2022-02-18T05:00:00.000000000,-20154.98479,-6839.900684,-15929.27168
2022-02-18T05:15:00.000000000,-21200.440461,-8204.914565,-13832.549293
2022-02-18T05:30:00.000000000,-22137.811887,-9334.349322,-11499.097793
2022-02-18T05:45:00.000000000,-22925.337289,-10231.103106,-8969.38896
2022-02-18T06:00:00.000000000,-23524.121648,-10906.418565,-6286.992423
2022-02-18T06:15:00.000000000,-23899.641315,-11379.218758,-3497.82502
2022-02-18T06:30:00.000000000,-24023.084187,-11675.163587,-649.378249
2022-02-18T06:45:00.000000000,-23872.478171,-11825.465932,2210.064254
2022-02-18T07:00:00.000000000,-23433.569047,-11865.514222,5032.208128
2022-02-18T07:15:00.000000000,-22700.418326,-11833.354076,7769.518441
2022-02-18T07:30:00.000000000,-21675.701847,-11768.085518,10375.969266
2022-02-18T07:45:00.000000000,-20370.700215,-11708.23438,12807.764178
2022-02-18T08:00:00.000000000,-18804.982792,-11690.156661,15024.019844
2022-02-18T08:15:00.000000000,-17005.797127,-11746.533021,16987.405391
2022-02-18T08:30:00.000000000,-15007.185507,-11905.007305,18664.730715
2022-02-18T08:45:00.000000000,-12848.859431,-12187.018032,20027.477096
2022-02-18T09:00:00.000000000,-10574.870859,-12606.865495,21052.263748
2022-02-18T09:15:00.000000000,-8232.126193,-13171.049358,21721.244005
2022-02-18T09:30:00.000000000,-5868.794623,-13877.902801,22022.424928
2022-02-18T09:45:00.000000000,-3532.666728,-14717.539452,21949.904313
2022-02-18T10:00:00.000000000,-1269.521748,-15672.118712,21504.019236
2022-02-18T10:15:00.000000000,878.437205,-16716.423963,20691.400741
2022-02-18T10:30:00.000000000,2874.021972,-17818.736856,19524.929872
2022-02-18T10:45:00.000000000,4686.317355,-18941.979613,18023.591216
2022-02-18T11:00:00.000000000,6291.70873,-20045.08657,16212.221374
2022-02-18T11:15:00.000000000,7674.637033,-21084.556427,14121.151494
2022-02-18T11:30:00.000000000,8828.048215,-22016.128202,11785.744969
2022-02-18T11:45:00.000000000,9753.51523,-22796.517375,9245.833864
2022-02-18T12:00:00.000000000,10461.02315,-23385.144342,6545.0603
2022-02-18T12:15:00.000000000,10968.421396,-23745.785683,3730.131873
2022-02-18T12:30:00.000000000,11300.560967,-23848.080004,850.003185
2022-02-18T12:45:00.000000000,11488.148214,-23668.824491,-2045.001632
2022-02-18T13:00:00.000000000,11566.359515,-23193.005735,-4904.107976
2022-02-18T13:15:00.000000000,11573.272351,-22414.518707,-7677.031818
2022-02-18T13:30:00.000000000,11548.177232,-21336.540527,-10314.921666
2022-02-18T13:45:00.000000000,11529.841032,-19971.540336,-12771.279632
2022-02-18T14:00:00.000000000,11554.795088,-18340.922468,-15002.839799
2022-02-18T14:15:00.000000000,11655.72083,-16474.316246,-16970.38302
2022-02-18T14:30:00.000000000,11860.001562,-14408.541426,-18639.469032
2022-02-18T14:45:00.000000000,12188.501567,-12186.29255,-19981.069153
2022-02-18T15:00:00.000000000,12654.623432,-9854.597648,-20972.085962
2022-02-18T15:15:00.000000000,13263.681847,-7463.116033,-21595.749784
2022-02-18T15:30:00.000000000,14012.617917,-5062.34624,-21841.885501
2022-02-18T15:45:00.000000000,14890.063007,-2701.817848,-21707.046975
2022-02-18T16:00:00.000000000,15876.74605,-428.340361,-21194.519949
2022-02-18T16:15:00.000000000,16946.223879,1715.62156,-20314.19758
2022-02-18T16:30:00.000000000,18065.901141,3693.38399,-19082.335684
2022-02-18T16:45:00.000000000,19198.29525,5475.237447,-17521.197112
2022-02-18T17:00:00.000000000,20302.492979,7039.356089,-15658.59658
2022-02-18T17:15:00.000000000,21335.739046,8372.39248,-13527.358559
2022-02-18T17:30:00.000000000,22255.093365,9469.740964,-11164.701643
2022-02-18T17:45:00.000000000,23019.092622,10335.465756,-8611.56313
2022-02-18T18:00:00.000000000,23589.353271,10981.902583,-5911.877489
2022-02-18T18:15:00.000000000,23932.05673,11428.954484,-3111.821965
2022-02-18T18:30:00.000000000,24019.263261,11703.112967,-259.041979
2022-02-18T18:45:00.000000000,23830.008276,11836.24483,2598.131873
2022-02-18T19:00:00.000000000,23351.143487,11864.192323,5411.464263
2022-02-18T19:15:00.000000000,22577.894811,11825.239887,8133.582987
2022-02-18T19:30:00.000000000,21514.119194,11758.504402,10718.725015
2022-02-18T19:45:00.000000000,20172.252911,11702.307677,13123.452379
2022-02-18T20:00:00.000000000,18572.954459,11692.589825,15307.330101
2022-02-18T20:15:00.000000000,16744.455298,11761.420354,17233.558963
2022-02-18T20:30:00.000000000,14721.641413,11935.660288,18869.556294
2022-02-18T20:45:00.000000000,12544.897654,12235.823464,20187.478205
2022-02-18T21:00:00.000000000,10258.754739,12675.178667,21164.676889
2022-02-18T21:15:00.000000000,7910.385731,13259.126354,21784.08672
2022-02-18T21:30:00.000000000,5548.004289,13984.874729,22034.532959
2022-02-18T21:45:00.000000000,3219.22102,14841.429995,21910.957045
2022-02-18T22:00:00.000000000,969.416582,15809.904898,21414.552677
2022-02-18T22:15:00.000000000,-1159.809267,16864.138544,20552.807341
2022-02-18T22:30:00.000000000,-3132.054945,17971.609096,19339.444613
2022-02-18T22:45:00.000000000,-4917.3464,19094.609833,17794.263522
2022-02-18T23:00:00.000000000,-6493.129847,20191.648383,15942.872638
2022-02-18T23:15:00.000000000,-7844.986804,21219.01934,13816.318222
2022-02-18T23:30:00.000000000,-8967.039934,22132.492302,11450.607879
2022-02-18T23:45:00.000000000,-9862.029374,22889.051017,8886.133619
2022-02-19T00:00:00.000000000,-10541.051933,23448.615423,6167.000917
2022-02-19T00:15:00.000000000,-11022.969015,23775.677039,3340.273285
2022-02-19T00:30:00.000000000,-11333.503046,23840.7799,455.144802
2022-02-19T00:45:00.000000000,-11504.055775,23621.783995,-2437.94413
2022-02-19T01:00:00.000000000,-11570.294414,23104.856017,-5288.230056
2022-02-19T01:15:00.000000000,-11570.562505,22285.142893,-8045.568922
2022-02-19T01:30:00.000000000,-11544.180975,21167.096674,-10661.376496
2022-02-19T01:45:00.000000000,-11529.710506,19764.434189,-13089.544898
2022-02-19T02:00:00.000000000,-11563.248724,18099.730865,-15287.313498
2022-02-19T02:15:00.000000000,-11676.834592,16203.664249,-17216.073535
2022-02-19T02:30:00.000000000,-11897.027812,14113.938258,-18842.087593
2022-02-19T02:45:00.000000000,-12243.723158,11873.933273,-20137.107638
2022-02-19T03:00:00.000000000,-12729.249031,9531.138896,-21078.878422
2022-02-19T03:15:00.000000000,-13357.786627,7135.435233,-21651.516594
2022-02-19T03:30:00.000000000,-14125.131756,4737.294262,-21845.75955
2022-02-19T03:45:00.000000000,-15018.806222,2385.975196,-21659.081797
2022-02-19T04:00:00.000000000,-16018.510716,127.786647,-21095.680176
2022-02-19T04:15:00.000000000,-17096.896894,-1995.515873,-20166.332518
2022-02-19T04:30:00.000000000,-18220.623564,-3948.135715,-18888.137157
2022-02-19T04:45:00.000000000,-19351.651092,-5701.392203,-17284.143026
2022-02-19T05:00:00.000000000,-20448.719617,-7234.588408,-15382.881852
2022-02-19T05:15:00.000000000,-21468.950782,-8535.561411,-13217.815205
2022-02-19T05:30:00.000000000,-22369.509344,-9600.899865,-10826.709873
2022-02-19T05:45:00.000000000,-23109.260393,-10435.826754,-8250.955341
2022-02-19T06:00:00.000000000,-23650.359629,-11053.75784,-5534.836977
2022-02-19T06:15:00.000000000,-23959.718171,-11475.557933,-2724.778133
2022-02-19T06:30:00.000000000,-24010.289253,-11728.527525,131.436302
2022-02-19T06:45:00.000000000,-23782.131692,-11845.161195,2985.443188
2022-02-19T07:00:00.000000000,-23263.213775,-11861.72634,5789.080439
2022-02-19T07:15:00.000000000,-22449.930865,-11816.716089,8495.152411
2022-02-19T07:30:00.000000000,-21347.320293,-11749.233675,11058.172294
2022-02-19T07:45:00.000000000,-19968.967556,-11697.367104,13435.073226
2022-02-19T08:00:00.000000000,-18336.608336,-11696.612616,15585.880433
2022-02-19T08:15:00.000000000,-16479.440979,-11778.403378,17474.337247
2022-02-19T08:30:00.000000000,-14433.173659,-11968.79611,19068.478249
2022-02-19T08:45:00.000000000,-12238.839328,-12287.362974,20341.142974
2022-02-19T09:00:00.000000000,-9941.419377,-12746.329382,21270.423854
2022-02-19T09:15:00.000000000,-7588.32359,-13349.990324,21840.04211
2022-02-19T09:30:00.000000000,-5227.779377,-14094.428639,22039.645452
2022-02-19T09:45:00.000000000,-2907.186989,-14967.548673,21865.02156
2022-02-19T10:00:00.000000000,-671.499552,-15949.427918,21318.221624
2022-02-19T10:15:00.000000000,1438.312953,-17012.978085,20407.588644
2022-02-19T10:30:00.000000000,3386.658423,-18124.89568,19147.685937
2022-02-19T10:45:00.000000000,5144.522435,-19246.871069,17559.1223
2022-02-19T11:00:00.000000000,6690.425348,-20337.014478,15668.271682
2022-02-19T11:15:00.000000000,8011.096822,-21351.44792,13506.886966
2022-02-19T11:30:00.000000000,9101.837673,-22246.0041,11111.609637
2022-02-19T11:45:00.000000000,9966.550409,-22977.967303,8523.379557
2022-02-19T12:00:00.000000000,10617.432605,-23507.787708,5786.751878
2022-02-19T12:15:00.000000000,11074.340904,-23800.699628,2949.130967
2022-02-19T12:30:00.000000000,11363.847255,-23828.176362,59.934213
2022-02-19T12:45:00.000000000,11518.022587,-23569.159471,-2830.298654
2022-02-19T13:00:00.000000000,11572.995483,-23011.008617,-5670.832687
2022-02-19T13:15:00.000000000,11567.344058,-22150.129079,-8411.681184
2022-02-19T13:30:00.000000000,11540.387454,-20992.247446,-11004.544174
2022-02-19T13:45:00.000000000,11530.44862,-19552.321043,-13403.719993
2022-02-19T14:00:00.000000000,11573.161918,-17854.082692,-15566.968355
2022-02-19T14:15:00.000000000,11699.897539,-15929.238512,-17456.304419
2022-02-19T14:30:00.000000000,11936.369622,-13816.351827,-19038.705336
2022-02-19T14:45:00.000000000,12301.486724,-11559.46002,-20286.713353
2022-02-19T15:00:00.000000000,12806.492269,-9206.482598,-21178.922759
2022-02-19T15:15:00.000000000,13454.429502,-6807.487254,-21700.341498
2022-02-19T15:30:00.000000000,14239.950918,-4412.886059,-21842.622007
2022-02-19T15:45:00.000000000,15149.477051,-2071.635711,-21604.159544
2022-02-19T16:00:00.000000000,16161.694537,170.485761,-20990.059814
2022-02-19T16:15:00.000000000,17248.369294,2272.458084,-20011.980882
2022-02-19T16:30:00.000000000,18375.438146,4199.393418,-18687.857136
2022-02-19T16:45:00.000000000,19504.331682,5923.656132,-17041.515302
2022-02-19T17:00:00.000000000,20593.47301,7425.688636,-15102.194223
2022-02-19T17:15:00.000000000,21599.891434,8694.516843,-12903.981296
2022-02-19T17:30:00.000000000,22480.887258,9727.92189,-10485.179104
2022-02-19T17:45:00.000000000,23195.683474,10532.277734,-7887.616009
2022-02-19T18:00:00.000000000,23707.002232,11122.066804,-5155.914315
2022-02-19T18:15:00.000000000,23982.508273,11519.097327,-2336.729089
2022-02-19T18:30:00.000000000,23996.067598,11751.456191,522.029903
2022-02-19T18:45:00.000000000,23728.777413,11852.23982,3371.981548
2022-02-19T19:00:00.000000000,23169.732263,11858.112476,6165.051344
2022-02-19T19:15:00.000000000,22316.501038,11807.746393,8854.234142
2022-02-19T19:30:00.000000000,21175.299832,11740.201366,11394.332711
2022-02-19T19:45:00.000000000,19760.856132,11693.302681,13742.663932
2022-02-19T20:00:00.000000000,18095.97024,11702.075704,15859.725017
2022-02-19T20:15:00.000000000,16210.789932,11797.293147,17709.81266
2022-02-19T20:30:00.000000000,14141.823828,12004.187069,19261.588417
2022-02-19T20:45:00.000000000,11930.727705,12341.372108,20488.583777
2022-02-19T21:00:00.000000000,9622.905659,12820.019574,21369.63861
2022-02-19T21:15:00.000000000,7265.974517,13443.313798,21889.266746
2022-02-19T21:30:00.000000000,4908.145064,14206.212869,22037.942532
2022-02-19T21:45:00.000000000,2596.577214,15095.525742,21812.302382
2022-02-19T22:00:00.000000000,375.768071,16090.306821,21215.255654
2022-02-19T22:15:00.000000000,-1713.96811,17162.557912,20255.999623
2022-02-19T22:30:00.000000000,-3637.871081,18278.216108,18949.934123
2022-02-19T22:45:00.000000000,-5367.903964,19398.395086,17318.472464
2022-02-19T23:00:00.000000000,-6883.673964,20480.836926,15388.746696
2022-02-19T23:15:00.000000000,-8173.065793,21481.522257,13193.207094
2022-02-19T23:30:00.000000000,-9232.559187,22356.378833,10769.11792
2022-02-19T23:45:00.000000000,-10067.213527,23063.022907,8157.954102
