2022-02-19T00:00:00.000000000,-19099.006026,-13150.427865,-13250.303853
2022-02-19T00:15:00.000000000,-17485.110734,-13042.513414,-15417.531439
2022-02-19T00:30:00.000000000,-15640.190667,-12997.115036,-17323.927383
2022-02-19T00:45:00.000000000,-13597.75018,-13043.035953,-18937.324304
2022-02-19T01:00:00.000000000,-11397.092717,-13203.075526,-20230.433857
2022-02-19T01:15:00.000000000,-9082.001769,-13493.064498,-21181.283692
2022-02-19T01:30:00.000000000,-6699.261437,-13921.169723,-21773.575859
2022-02-19T01:45:00.000000000,-4297.069194,-14487.494327,-21996.961928
2022-02-19T02:00:00.000000000,-1923.397401,-15183.98911,-21847.230593
2022-02-19T02:15:00.000000000,375.637828,-15994.680234,-21326.404045
2022-02-19T02:30:00.000000000,2557.341538,-16896.207198,-20442.740022
2022-02-19T02:45:00.000000000,4583.881339,-17858.653982,-19210.637152
2022-02-19T03:00:00.000000000,6423.551709,-18846.645515,-17650.442094
2022-02-19T03:15:00.000000000,8051.813016,-19820.671452,-15788.158109
2022-02-19T03:30:00.000000000,9452.064477,-20738.590169,-13655.056046
2022-02-19T03:45:00.000000000,10616.119329,-21557.258091,-11287.190351
2022-02-19T04:00:00.000000000,11544.36105,-22234.223537,-8724.824547
2022-02-19T04:15:00.000000000,12245.571223,-22729.420308,-6011.772751
2022-02-19T04:30:00.000000000,12736.432202,-23006.794733,-3194.665983
2022-02-19T04:45:00.000000000,13040.72074,-23035.801005,-322.154292
2022-02-19T05:00:00.000000000,13188.221396,-22792.703438,2555.941999
2022-02-19T05:15:00.000000000,13213.40062,-22261.630846,5389.51659
2022-02-19T05:30:00.000000000,13153.892998,-21435.337338,8129.07999
2022-02-19T05:45:00.000000000,13048.859846,-20315.635132,10726.662288
2022-02-19T06:00:00.000000000,12937.286726,-18913.478503,13136.696751
2022-02-19T06:15:00.000000000,12856.289787,-17248.692223,15316.864837
2022-02-19T06:30:00.000000000,12839.501231,-15349.352969,17228.883663
2022-02-19T06:45:00.000000000,12915.601326,-13250.847098,18839.218149
2022-02-19T07:00:00.000000000,13107.058455,-10994.642055,20119.701804
2022-02-19T07:15:00.000000000,13429.129886,-8626.821112,21048.052433
2022-02-19T07:30:00.000000000,13889.164683,-6196.441135,21608.271811
2022-02-19T07:45:00.000000000,14486.237185,-3753.780433,21790.921475
2022-02-19T08:00:00.000000000,15211.125128,-1348.548037,21593.270019
2022-02-19T08:15:00.000000000,16046.631824,971.873285,21019.310603
2022-02-19T08:30:00.000000000,16968.237251,3164.080108,20079.650601
2022-02-19T08:45:00.000000000,17945.04936,5190.132559,18791.278288
2022-02-19T09:00:00.000000000,18941.014823,7018.812609,17177.214175
2022-02-19T09:15:00.000000000,19916.338424,8626.609546,15266.056854
2022-02-19T09:30:00.000000000,20829.052633,9998.397491,13091.43511
2022-02-19T09:45:00.000000000,21636.673903,11127.782816,10691.379443
2022-02-19T10:00:00.000000000,22297.87994,12017.112768,8107.627021
2022-02-19T10:15:00.000000000,22774.142596,12677.149906,5384.874688
2022-02-19T10:30:00.000000000,23031.254014,13126.429824,2569.994632
2022-02-19T10:45:00.000000000,23040.688884,13390.331217,-288.772895
2022-02-19T11:00:00.000000000,22780.752955,13499.897619,-3142.635926
2022-02-19T11:15:00.000000000,22237.476743,13490.458528,-5943.063157
2022-02-19T11:30:00.000000000,21405.22349,13400.104126,-8642.580194
2022-02-19T11:45:00.000000000,20286.991232,13268.072102,-11195.53853
2022-02-19T12:00:00.000000000,18894.400112,13133.107323,-13558.847161
2022-02-19T12:15:00.000000000,17247.367303,13031.855167,-15692.657778
2022-02-19T12:30:00.000000000,15373.482852,12997.347378,-17560.995419
2022-02-19T12:45:00.000000000,13307.110006,13057.63551,-19132.327343
2022-02-19T13:00:00.000000000,11088.242931,13234.62145,-20380.063673
2022-02-19T13:15:00.000000000,8761.16295,13543.12745,-21282.984015
2022-02-19T13:30:00.000000000,6372.941242,13990.239727,-21825.584834
2022-02-19T13:45:00.000000000,3971.841237,14574.95027,-21998.34295
2022-02-19T14:00:00.000000000,1605.677644,15288.111214,-21797.89095
2022-02-19T14:15:00.000000000,-679.809135,16112.705337,-21227.10092
2022-02-19T14:30:00.000000000,-2842.50443,17024.42517,-20295.073461
2022-02-19T14:45:00.000000000,-4845.339686,17992.54211,-19017.029729
2022-02-19T15:00:00.000000000,-6657.528795,18981.03626,-17414.105162
2022-02-19T15:15:00.000000000,-8255.573143,19949.947692,-15513.044661
2022-02-19T15:30:00.000000000,-9623.995693,20856.900864,-13345.800452
2022-02-19T15:45:00.000000000,-10755.773744,21658.746425,-10949.035463
2022-02-19T16:00:00.000000000,-11652.450755,22313.258884,-8363.536926
2022-02-19T16:15:00.000000000,-12323.919478,22780.825047,-5633.54708
2022-02-19T16:30:00.000000000,-12787.881333,23026.056914,-2806.020031
2022-02-19T16:45:00.000000000,-13068.999924,23019.264225,70.183894
2022-02-19T17:00:00.000000000,-13197.779217,22737.726015,2945.15269
2022-02-19T17:15:00.000000000,-13209.208829,22166.707508,5768.810562
2022-02-19T17:30:00.000000000,-13141.229181,21300.177991,8491.82182
2022-02-19T17:45:00.000000000,-13033.077773,20141.197056,11066.492197
2022-02-19T18:00:00.000000000,-12923.583746,18701.95021,13447.648341
2022-02-19T18:15:00.000000000,-12849.48091,17003.429226,15593.476102
2022-02-19T18:30:00.000000000,-12843.809299,15074.767802,17466.298759
2022-02-19T18:45:00.000000000,-12934.47207,12952.257856,19033.277626
2022-02-19T19:00:00.000000000,-13143.008191,10678.08555,20267.019282
2022-02-19T19:15:00.000000000,-13483.632185,8298.838229,21146.07605
2022-02-19T19:30:00.000000000,-13962.5807,5863.843171,21655.329186
2022-02-19T19:45:00.000000000,-14577.792403,3423.405938,21786.247358
2022-02-19T20:00:00.000000000,-15318.933309,1027.020029,21537.016261
2022-02-19T20:15:00.000000000,-16167.764939,-1278.379971,20912.538512
2022-02-19T20:30:00.000000000,-17098.838241,-3450.052131,19924.306191
2022-02-19T20:45:00.000000000,-18080.482843,-5450.903742,18590.151307
2022-02-19T21:00:00.000000000,-19076.049349,-7250.714951,16933.882129
2022-02-19T21:15:00.000000000,-20045.352723,-8827.084063,14984.815552
2022-02-19T21:30:00.000000000,-20946.257434,-10166.061105,12777.217441
2022-02-19T21:45:00.000000000,-21736.340447,-11262.449319,10349.664268
2022-02-19T22:00:00.000000000,-22374.566208,-12119.767721,7744.340163
2022-02-19T22:15:00.000000000,-22822.908539,-12749.881138,5006.284
2022-02-19T22:30:00.000000000,-23047.857656,-13172.316829,2182.601151
2022-02-19T22:45:00.000000000,-23021.756058,-13413.298268,-678.345798
2022-02-19T23:00:00.000000000,-22723.91453,-13504.536627,-3527.753567
2022-02-19T23:15:00.000000000,-22141.468552,-13481.828716,-6317.189028
2022-02-19T23:30:00.000000000,-21269.945545,-13383.516261,-8999.382348
2022-02-19T23:45:00.000000000,-20113.52439,-13248.865476,-11528.99143
2022-02-19T00:00:00.000000000,-19099.006026,-13150.427865,-13250.303853
2022-02-19T00:15:00.000000000,-17485.110734,-13042.513414,-15417.531439
2022-02-19T00:30:00.000000000,-15640.190667,-12997.115036,-17323.927383
2022-02-19T00:45:00.000000000,-13597.75018,-13043.035953,-18937.324304
2022-02-19T01:00:00.000000000,-11397.092717,-13203.075526,-20230.433857
2022-02-19T01:15:00.000000000,-9082.001769,-13493.064498,-21181.283692
2022-02-19T01:30:00.000000000,-6699.261437,-13921.169723,-21773.575859
2022-02-19T01:45:00.000000000,-4297.069194,-14487.494327,-21996.961928
2022-02-19T02:00:00.000000000,-1923.397401,-15183.98911,-21847.230593
2022-02-19T02:15:00.000000000,375.637828,-15994.680234,-21326.404045
2022-02-19T02:30:00.000000000,2557.341538,-16896.207198,-20442.740022
2022-02-19T02:45:00.000000000,4583.881339,-17858.653982,-19210.637152
2022-02-19T03:00:00.000000000,6423.551709,-18846.645515,-17650.442094
2022-02-19T03:15:00.000000000,8051.813016,-19820.671452,-15788.158109
2022-02-19T03:30:00.000000000,9452.064477,-20738.590169,-13655.056046
2022-02-19T03:45:00.000000000,10616.119329,-21557.258091,-11287.190351
2022-02-19T04:00:00.000000000,11544.36105,-22234.223537,-8724.824547
2022-02-19T04:15:00.000000000,12245.571223,-22729.420308,-6011.772751
2022-02-19T04:30:00.000000000,12736.432202,-23006.794733,-3194.665983
2022-02-19T04:45:00.000000000,13040.72074,-23035.801005,-322.154292
2022-02-19T05:00:00.000000000,13188.221396,-22792.703438,2555.941999
2022-02-19T05:15:00.000000000,13213.40062,-22261.630846,5389.51659
2022-02-19T05:30:00.000000000,13153.892998,-21435.337338,8129.07999
2022-02-19T05:45:00.000000000,13048.859846,-20315.635132,10726.662288
2022-02-19T06:00:00.000000000,12937.286726,-18913.478503,13136.696751
2022-02-19T06:15:00.000000000,12856.289787,-17248.692223,15316.864837
2022-02-19T06:30:00.000000000,12839.501231,-15349.352969,17228.883663
2022-02-19T06:45:00.000000000,12915.601326,-13250.847098,18839.218149
2022-02-19T07:00:00.000000000,13107.058455,-10994.642055,20119.701804
2022-02-19T07:15:00.000000000,13429.129886,-8626.821112,21048.052433
2022-02-19T07:30:00.000000000,13889.164683,-6196.441135,21608.271811
2022-02-19T07:45:00.000000000,14486.237185,-3753.780433,21790.921475
2022-02-19T08:00:00.000000000,15211.125128,-1348.548037,21593.270019
2022-02-19T08:15:00.000000000,16046.631824,971.873285,21019.310603
2022-02-19T08:30:00.000000000,16968.237251,3164.080108,20079.650601
2022-02-19T08:45:00.000000000,17945.04936,5190.132559,18791.278288
2022-02-19T09:00:00.000000000,18941.014823,7018.812609,17177.214175
2022-02-19T09:15:00.000000000,19916.338424,8626.609546,15266.056854
2022-02-19T09:30:00.000000000,20829.052633,9998.397491,13091.43511
2022-02-19T09:45:00.000000000,21636.673903,11127.782816,10691.379443
2022-02-19T10:00:00.000000000,22297.87994,12017.112768,8107.627021
2022-02-19T10:15:00.000000000,22774.142596,12677.149906,5384.874688
2022-02-19T10:30:00.000000000,23031.254014,13126.429824,2569.994632
2022-02-19T10:45:00.000000000,23040.688884,13390.331217,-288.772895
2022-02-19T11:00:00.000000000,22780.752955,13499.897619,-3142.635926
2022-02-19T11:15:00.000000000,22237.476743,13490.458528,-5943.063157
2022-02-19T11:30:00.000000000,21405.22349,13400.104126,-8642.580194
2022-02-19T11:45:00.000000000,20286.991232,13268.072102,-11195.53853
2022-02-19T12:00:00.000000000,18894.400112,13133.107323,-13558.847161
2022-02-19T12:15:00.000000000,17247.367303,13031.855167,-15692.657778
2022-02-19T12:30:00.000000000,15373.482852,12997.347378,-17560.995419
2022-02-19T12:45:00.000000000,13307.110006,13057.63551,-19132.327343
2022-02-19T13:00:00.000000000,11088.242931,13234.62145,-20380.063673
2022-02-19T13:15:00.000000000,8761.16295,13543.12745,-21282.984015
2022-02-19T13:30:00.000000000,6372.941242,13990.239727,-21825.584834
2022-02-19T13:45:00.000000000,3971.841237,14574.95027,-21998.34295
2022-02-19T14:00:00.000000000,1605.677644,15288.111214,-21797.89095
2022-02-19T14:15:00.000000000,-679.809135,16112.705337,-21227.10092
2022-02-19T14:30:00.000000000,-2842.50443,17024.42517,-20295.073461
2022-02-19T14:45:00.000000000,-4845.339686,17992.54211,-19017.029729
2022-02-19T15:00:00.000000000,-6657.528795,18981.03626,-17414.105162
2022-02-19T15:15:00.000000000,-8255.573143,19949.947692,-15513.044661
2022-02-19T15:30:00.000000000,-9623.995693,20856.900864,-13345.800452
2022-02-19T15:45:00.000000000,-10755.773744,21658.746425,-10949.035463
2022-02-19T16:00:00.000000000,-11652.450755,22313.258884,-8363.536926
2022-02-19T16:15:00.000000000,-12323.919478,22780.825047,-5633.54708
2022-02-19T16:30:00.000000000,-12787.881333,23026.056914,-2806.020031
2022-02-19T16:45:00.000000000,-13068.999924,23019.264225,70.183894
2022-02-19T17:00:00.000000000,-13197.779217,22737.726015,2945.15269
2022-02-19T17:15:00.000000000,-13209.208829,22166.707508,5768.810562
2022-02-19T17:30:00.000000000,-13141.229181,21300.177991,8491.82182
2022-02-19T17:45:00.000000000,-13033.077773,20141.197056,11066.492197
2022-02-19T18:00:00.000000000,-12923.583746,18701.95021,13447.648341
2022-02-19T18:15:00.000000000,-12849.48091,17003.429226,15593.476102
2022-02-19T18:30:00.000000000,-12843.809299,15074.767802,17466.298759
2022-02-19T18:45:00.000000000,-12934.47207,12952.257856,19033.277626
2022-02-19T19:00:00.000000000,-13143.008191,10678.08555,20267.019282
2022-02-19T19:15:00.000000000,-13483.632185,8298.838229,21146.07605
2022-02-19T19:30:00.000000000,-13962.5807,5863.843171,21655.329186
2022-02-19T19:45:00.000000000,-14577.792403,3423.405938,21786.247358
2022-02-19T20:00:00.000000000,-15318.933309,1027.020029,21537.016261
2022-02-19T20:15:00.000000000,-16167.764939,-1278.379971,20912.538512
2022-02-19T20:30:00.000000000,-17098.838241,-3450.052131,19924.306191
2022-02-19T20:45:00.000000000,-18080.482843,-5450.903742,18590.151307
2022-02-19T21:00:00.000000000,-19076.049349,-7250.714951,16933.882129
2022-02-19T21:15:00.000000000,-20045.352723,-8827.084063,14984.815552
2022-02-19T21:30:00.000000000,-20946.257434,-10166.061105,12777.217441
2022-02-19T21:45:00.000000000,-21736.340447,-11262.449319,10349.664268
2022-02-19T22:00:00.000000000,-22374.566208,-12119.767721,7744.340163
2022-02-19T22:15:00.000000000,-22822.908539,-12749.881138,5006.284
2022-02-19T22:30:00.000000000,-23047.857656,-13172.316829,2182.601151
2022-02-19T22:45:00.000000000,-23021.756058,-13413.298268,-678.345798
2022-02-19T23:00:00.000000000,-22723.91453,-13504.536627,-3527.753567
2022-02-19T23:15:00.000000000,-22141.468552,-13481.828716,-6317.189028
2022-02-19T23:30:00.000000000,-21269.945545,-13383.516261,-8999.382348
2022-02-19T23:45:00.000000000,-20113.52439,-13248.865476,-11528.99143
2022-02-19T00:00:00.000000000,-19099.006026,-13150.427865,-13250.303853
2022-02-19T00:15:00.000000000,-17485.110734,-13042.513414,-15417.531439
2022-02-19T00:30:00.000000000,-15640.190667,-12997.115036,-17323.927383
2022-02-19T00:45:00.000000000,-13597.75018,-13043.035953,-18937.324304
2022-02-19T01:00:00.000000000,-11397.092717,-13203.075526,-20230.433857
2022-02-19T01:15:00.000000000,-9082.001769,-13493.064498,-21181.283692
2022-02-19T01:30:00.000000000,-6699.261437,-13921.169723,-21773.575859
2022-02-19T01:45:00.000000000,-4297.069194,-14487.494327,-21996.961928
2022-02-19T02:00:00.000000000,-1923.397401,-15183.98911,-21847.230593
2022-02-19T02:15:00.000000000,375.637828,-15994.680234,-21326.404045
2022-02-19T02:30:00.000000000,2557.341538,-16896.207198,-20442.740022
2022-02-19T02:45:00.000000000,4583.881339,-17858.653982,-19210.637152
2022-02-19T03:00:00.000000000,6423.551709,-18846.645515,-17650.442094
2022-02-19T03:15:00.000000000,8051.813016,-19820.671452,-15788.158109
2022-02-19T03:30:00.000000000,9452.064477,-20738.590169,-13655.056046
2022-02-19T03:45:00.000000000,10616.119329,-21557.258091,-11287.190351
2022-02-19T04:00:00.000000000,11544.36105,-22234.223537,-8724.824547
2022-02-19T04:15:00.000000000,12245.571223,-22729.420308,-6011.772751
2022-02-19T04:30:00.000000000,12736.432202,-23006.794733,-3194.665983
2022-02-19T04:45:00.000000000,13040.72074,-23035.801005,-322.154292
2022-02-19T05:00:00.000000000,13188.221396,-22792.703438,2555.941999
2022-02-19T05:15:00.000000000,13213.40062,-22261.630846,5389.51659
2022-02-19T05:30:00.000000000,13153.892998,-21435.337338,8129.07999
2022-02-19T05:45:00.000000000,13048.859846,-20315.635132,10726.662288
2022-02-19T06:00:00.000000000,12937.286726,-18913.478503,13136.696751
2022-02-19T06:15:00.000000000,12856.289787,-17248.692223,15316.864837
2022-02-19T06:30:00.000000000,12839.501231,-15349.352969,17228.883663
2022-02-19T06:45:00.000000000,12915.601326,-13250.847098,18839.218149
2022-02-19T07:00:00.000000000,13107.058455,-10994.642055,20119.701804
2022-02-19T07:15:00.000000000,13429.129886,-8626.821112,21048.052433
2022-02-19T07:30:00.000000000,13889.164683,-6196.441135,21608.271811
2022-02-19T07:45:00.000000000,14486.237185,-3753.780433,21790.921475
2022-02-19T08:00:00.000000000,15211.125128,-1348.548037,21593.270019
2022-02-19T08:15:00.000000000,16046.631824,971.873285,21019.310603
2022-02-19T08:30:00.000000000,16968.237251,3164.080108,20079.650601
2022-02-19T08:45:00.000000000,17945.04936,5190.132559,18791.278288
2022-02-19T09:00:00.000000000,18941.014823,7018.812609,17177.214175
2022-02-19T09:15:00.000000000,19916.338424,8626.609546,15266.056854
2022-02-19T09:30:00.000000000,20829.052633,9998.397491,13091.43511
2022-02-19T09:45:00.000000000,21636.673903,11127.782816,10691.379443
2022-02-19T10:00:00.000000000,22297.87994,12017.112768,8107.627021
2022-02-19T10:15:00.000000000,22774.142596,12677.149906,5384.874688
2022-02-19T10:30:00.000000000,23031.254014,13126.429824,2569.994632
2022-02-19T10:45:00.000000000,23040.688884,13390.331217,-288.772895
2022-02-19T11:00:00.000000000,22780.752955,13499.897619,-3142.635926
2022-02-19T11:15:00.000000000,22237.476743,13490.458528,-5943.063157
2022-02-19T11:30:00.000000000,21405.22349,13400.104126,-8642.580194
2022-02-19T11:45:00.000000000,20286.991232,13268.072102,-11195.53853
2022-02-19T12:00:00.000000000,18894.400112,13133.107323,-13558.847161
2022-02-19T12:15:00.000000000,17247.367303,13031.855167,-15692.657778
2022-02-19T12:30:00.000000000,15373.482852,12997.347378,-17560.995419
2022-02-19T12:45:00.000000000,13307.110006,13057.63551,-19132.327343
2022-02-19T13:00:00.000000000,11088.242931,13234.62145,-20380.063673
2022-02-19T13:15:00.000000000,8761.16295,13543.12745,-21282.984015
2022-02-19T13:30:00.000000000,6372.941242,13990.239727,-21825.584834
2022-02-19T13:45:00.000000000,3971.841237,14574.95027,-21998.34295
2022-02-19T14:00:00.000000000,1605.677644,15288.111214,-21797.89095
2022-02-19T14:15:00.000000000,-679.809135,16112.705337,-21227.10092
2022-02-19T14:30:00.000000000,-2842.50443,17024.42517,-20295.073461
2022-02-19T14:45:00.000000000,-4845.339686,17992.54211,-19017.029729
2022-02-19T15:00:00.000000000,-6657.528795,18981.03626,-17414.105162
2022-02-19T15:15:00.000000000,-8255.573143,19949.947692,-15513.044661
2022-02-19T15:30:00.000000000,-9623.995693,20856.900864,-13345.800452
2022-02-19T15:45:00.000000000,-10755.773744,21658.746425,-10949.035463
2022-02-19T16:00:00.000000000,-11652.450755,22313.258884,-8363.536926
2022-02-19T16:15:00.000000000,-12323.919478,22780.825047,-5633.54708
2022-02-19T16:30:00.000000000,-12787.881333,23026.056914,-2806.020031
2022-02-19T16:45:00.000000000,-13068.999924,23019.264225,70.183894
2022-02-19T17:00:00.000000000,-13197.779217,22737.726015,2945.15269
2022-02-19T17:15:00.000000000,-13209.208829,22166.707508,5768.810562
2022-02-19T17:30:00.000000000,-13141.229181,21300.177991,8491.82182
2022-02-19T17:45:00.000000000,-13033.077773,20141.197056,11066.492197
2022-02-19T18:00:00.000000000,-12923.583746,18701.95021,13447.648341
2022-02-19T18:15:00.000000000,-12849.48091,17003.429226,15593.476102
2022-02-19T18:30:00.000000000,-12843.809299,15074.767802,17466.298759
2022-02-19T18:45:00.000000000,-12934.47207,12952.257856,19033.277626
2022-02-19T19:00:00.000000000,-13143.008191,10678.08555,20267.019282
2022-02-19T19:15:00.000000000,-13483.632185,8298.838229,21146.07605
2022-02-19T19:30:00.000000000,-13962.5807,5863.843171,21655.329186
2022-02-19T19:45:00.000000000,-14577.792403,3423.405938,21786.247358
2022-02-19T20:00:00.000000000,-15318.933309,1027.020029,21537.016261
2022-02-19T20:15:00.000000000,-16167.764939,-1278.379971,20912.538512
2022-02-19T20:30:00.000000000,-17098.838241,-3450.052131,19924.306191
2022-02-19T20:45:00.000000000,-18080.482843,-5450.903742,18590.151307
2022-02-19T21:00:00.000000000,-19076.049349,-7250.714951,16933.882129
2022-02-19T21:15:00.000000000,-20045.352723,-8827.084063,14984.815552
2022-02-19T21:30:00.000000000,-20946.257434,-10166.061105,12777.217441
2022-02-19T21:45:00.000000000,-21736.340447,-11262.449319,10349.664268
2022-02-19T22:00:00.000000000,-22374.566208,-12119.767721,7744.340163
2022-02-19T22:15:00.000000000,-22822.908539,-12749.881138,5006.284
2022-02-19T22:30:00.000000000,-23047.857656,-13172.316829,2182.601151
2022-02-19T22:45:00.000000000,-23021.756058,-13413.298268,-678.345798
2022-02-19T23:00:00.000000000,-22723.91453,-13504.536627,-3527.753567
2022-02-19T23:15:00.000000000,-22141.468552,-13481.828716,-6317.189028
2022-02-19T23:30:00.000000000,-21269.945545,-13383.516261,-8999.382348
2022-02-19T23:45:00.000000000,-20113.52439,-13248.865476,-11528.99143
2022-02-19T00:00:00.000000000,-19099.006026,-13150.427865,-13250.303853
2022-02-19T00:15:00.000000000,-17485.110734,-13042.513414,-15417.531439
2022-02-19T00:30:00.000000000,-15640.190667,-12997.115036,-17323.927383
2022-02-19T00:45:00.000000000,-13597.75018,-13043.035953,-18937.324304
2022-02-19T01:00:00.000000000,-11397.092717,-13203.075526,-20230.433857
2022-02-19T01:15:00.000000000,-9082.001769,-13493.064498,-21181.283692
2022-02-19T01:30:00.000000000,-6699.261437,-13921.169723,-21773.575859
2022-02-19T01:45:00.000000000,-4297.069194,-14487.494327,-21996.961928
2022-02-19T02:00:00.000000000,-1923.397401,-15183.98911,-21847.230593
2022-02-19T02:15:00.000000000,375.637828,-15994.680234,-21326.404045
2022-02-19T02:30:00.000000000,2557.341538,-16896.207198,-20442.740022
2022-02-19T02:45:00.000000000,4583.881339,-17858.653982,-19210.637152
2022-02-19T03:00:00.000000000,6423.551709,-18846.645515,-17650.442094
2022-02-19T03:15:00.000000000,8051.813016,-19820.671452,-15788.158109
2022-02-19T03:30:00.000000000,9452.064477,-20738.590169,-13655.056046
2022-02-19T03:45:00.000000000,10616.119329,-21557.258091,-11287.190351
2022-02-19T04:00:00.000000000,11544.36105,-22234.223537,-8724.824547
2022-02-19T04:15:00.000000000,12245.571223,-22729.420308,-6011.772751
2022-02-19T04:30:00.000000000,12736.432202,-23006.794733,-3194.665983
2022-02-19T04:45:00.000000000,13040.72074,-23035.801005,-322.154292
2022-02-19T05:00:00.000000000,13188.221396,-22792.703438,2555.941999
2022-02-19T05:15:00.000000000,13213.40062,-22261.630846,5389.51659
2022-02-19T05:30:00.000000000,13153.892998,-21435.337338,8129.07999
2022-02-19T05:45:00.000000000,13048.859846,-20315.635132,10726.662288
2022-02-19T06:00:00.000000000,12937.286726,-18913.478503,13136.696751
2022-02-19T06:15:00.000000000,12856.289787,-17248.692223,15316.864837
2022-02-19T06:30:00.000000000,12839.501231,-15349.352969,17228.883663
2022-02-19T06:45:00.000000000,12915.601326,-13250.847098,18839.218149
2022-02-19T07:00:00.000000000,13107.058455,-10994.642055,20119.701804
2022-02-19T07:15:00.000000000,13429.129886,-8626.821112,21048.052433
2022-02-19T07:30:00.000000000,13889.164683,-6196.441135,21608.271811
2022-02-19T07:45:00.000000000,14486.237185,-3753.780433,21790.921475
2022-02-19T08:00:00.000000000,15211.125128,-1348.548037,21593.270019
2022-02-19T08:15:00.000000000,16046.631824,971.873285,21019.310603
2022-02-19T08:30:00.000000000,16968.237251,3164.080108,20079.650601
2022-02-19T08:45:00.000000000,17945.04936,5190.132559,18791.278288
2022-02-19T09:00:00.000000000,18941.014823,7018.812609,17177.214175
2022-02-19T09:15:00.000000000,19916.338424,8626.609546,15266.056854
2022-02-19T09:30:00.000000000,20829.052633,9998.397491,13091.43511
2022-02-19T09:45:00.000000000,21636.673903,11127.782816,10691.379443
2022-02-19T10:00:00.000000000,22297.87994,12017.112768,8107.627021
2022-02-19T10:15:00.000000000,22774.142596,12677.149906,5384.874688
2022-02-19T10:30:00.000000000,23031.254014,13126.429824,2569.994632
2022-02-19T10:45:00.000000000,23040.688884,13390.331217,-288.772895
2022-02-19T11:00:00.000000000,22780.752955,13499.897619,-3142.635926
2022-02-19T11:15:00.000000000,22237.476743,13490.458528,-5943.063157
2022-02-19T11:30:00.000000000,21405.22349,13400.104126,-8642.580194
2022-02-19T11:45:00.000000000,20286.991232,13268.072102,-11195.53853
2022-02-19T12:00:00.000000000,18894.400112,13133.107323,-13558.847161
2022-02-19T12:15:00.000000000,17247.367303,13031.855167,-15692.657778
2022-02-19T12:30:00.000000000,15373.482852,12997.347378,-17560.995419
2022-02-19T12:45:00.000000000,13307.110006,13057.63551,-19132.327343
2022-02-19T13:00:00.000000000,11088.242931,13234.62145,-20380.063673
2022-02-19T13:15:00.000000000,8761.16295,13543.12745,-21282.984015
2022-02-19T13:30:00.000000000,6372.941242,13990.239727,-21825.584834
2022-02-19T13:45:00.000000000,3971.841237,14574.95027,-21998.34295
2022-02-19T14:00:00.000000000,1605.677644,15288.111214,-21797.89095
2022-02-19T14:15:00.000000000,-679.809135,16112.705337,-21227.10092
2022-02-19T14:30:00.000000000,-2842.50443,17024.42517,-20295.073461
2022-02-19T14:45:00.000000000,-4845.339686,17992.54211,-19017.029729
2022-02-19T15:00:00.000000000,-6657.528795,18981.03626,-17414.105162
2022-02-19T15:15:00.000000000,-8255.573143,19949.947692,-15513.044661
2022-02-19T15:30:00.000000000,-9623.995693,20856.900864,-13345.800452
2022-02-19T15:45:00.000000000,-10755.773744,21658.746425,-10949.035463
2022-02-19T16:00:00.000000000,-11652.450755,22313.258884,-8363.536926
2022-02-19T16:15:00.000000000,-12323.919478,22780.825047,-5633.54708
2022-02-19T16:30:00.000000000,-12787.881333,23026.056914,-2806.020031
2022-02-19T16:45:00.000000000,-13068.999924,23019.264225,70.183894
2022-02-19T17:00:00.000000000,-13197.779217,22737.726015,2945.15269
2022-02-19T17:15:00.000000000,-13209.208829,22166.707508,5768.810562
2022-02-19T17:30:00.000000000,-13141.229181,21300.177991,8491.82182
2022-02-19T17:45:00.000000000,-13033.077773,20141.197056,11066.492197
2022-02-19T18:00:00.000000000,-12923.583746,18701.95021,13447.648341
2022-02-19T18:15:00.000000000,-12849.48091,17003.429226,15593.476102
2022-02-19T18:30:00.000000000,-12843.809299,15074.767802,17466.298759
2022-02-19T18:45:00.000000000,-12934.47207,12952.257856,19033.277626
2022-02-19T19:00:00.000000000,-13143.008191,10678.08555,20267.019282
2022-02-19T19:15:00.000000000,-13483.632185,8298.838229,21146.07605
2022-02-19T19:30:00.000000000,-13962.5807,5863.843171,21655.329186
2022-02-19T19:45:00.000000000,-14577.792403,3423.405938,21786.247358
2022-02-19T20:00:00.000000000,-15318.933309,1027.020029,21537.016261
2022-02-19T20:15:00.000000000,-16167.764939,-1278.379971,20912.538512
2022-02-19T20:30:00.000000000,-17098.838241,-3450.052131,19924.306191
2022-02-19T20:45:00.000000000,-18080.482843,-5450.903742,18590.151307
2022-02-19T21:00:00.000000000,-19076.049349,-7250.714951,16933.882129
2022-02-19T21:15:00.000000000,-20045.352723,-8827.084063,14984.815552
2022-02-19T21:30:00.000000000,-20946.257434,-10166.061105,12777.217441
2022-02-19T21:45:00.000000000,-21736.340447,-11262.449319,10349.664268
2022-02-19T22:00:00.000000000,-22374.566208,-12119.767721,7744.340163
2022-02-19T22:15:00.000000000,-22822.908539,-12749.881138,5006.284
2022-02-19T22:30:00.000000000,-23047.857656,-13172.316829,2182.601151
2022-02-19T22:45:00.000000000,-23021.756058,-13413.298268,-678.345798
2022-02-19T23:00:00.000000000,-22723.91453,-13504.536627,-3527.753567
2022-02-19T23:15:00.000000000,-22141.468552,-13481.828716,-6317.189028
2022-02-19T23:30:00.000000000,-21269.945545,-13383.516261,-8999.382348
2022-02-19T23:45:00.000000000,-20113.52439,-13248.865476,-11528.99143
2022-02-19T00:00:00.000000000,-19099.006026,-13150.427865,-13250.303853
2022-02-19T00:15:00.000000000,-17485.110734,-13042.513414,-15417.531439
2022-02-19T00:30:00.000000000,-15640.190667,-12997.115036,-17323.927383
2022-02-19T00:45:00.000000000,-13597.75018,-13043.035953,-18937.324304
2022-02-19T01:00:00.000000000,-11397.092717,-13203.075526,-20230.433857
2022-02-19T01:15:00.000000000,-9082.001769,-13493.064498,-21181.283692
2022-02-19T01:30:00.000000000,-6699.261437,-13921.169723,-21773.575859
2022-02-19T01:45:00.000000000,-4297.069194,-14487.494327,-21996.961928
2022-02-19T02:00:00.000000000,-1923.397401,-15183.98911,-21847.230593
2022-02-19T02:15:00.000000000,375.637828,-15994.680234,-21326.404045
2022-02-19T02:30:00.000000000,2557.341538,-16896.207198,-20442.740022
2022-02-19T02:45:00.000000000,4583.881339,-17858.653982,-19210.637152
2022-02-19T03:00:00.000000000,6423.551709,-18846.645515,-17650.442094
2022-02-19T03:15:00.000000000,8051.813016,-19820.671452,-15788.158109
2022-02-19T03:30:00.000000000,9452.064477,-20738.590169,-13655.056046
2022-02-19T03:45:00.000000000,10616.119329,-21557.258091,-11287.190351
2022-02-19T04:00:00.000000000,11544.36105,-22234.223537,-8724.824547
2022-02-19T04:15:00.000000000,12245.571223,-22729.420308,-6011.772751
2022-02-19T04:30:00.000000000,12736.432202,-23006.794733,-3194.665983
2022-02-19T04:45:00.000000000,13040.72074,-23035.801005,-322.154292
2022-02-19T05:00:00.000000000,13188.221396,-22792.703438,2555.941999
2022-02-19T05:15:00.000000000,13213.40062,-22261.630846,5389.51659
2022-02-19T05:30:00.000000000,13153.892998,-21435.337338,8129.07999
2022-02-19T05:45:00.000000000,13048.859846,-20315.635132,10726.662288
2022-02-19T06:00:00.000000000,12937.286726,-18913.478503,13136.696751
2022-02-19T06:15:00.000000000,12856.289787,-17248.692223,15316.864837
2022-02-19T06:30:00.000000000,12839.501231,-15349.352969,17228.883663
2022-02-19T06:45:00.000000000,12915.601326,-13250.847098,18839.218149
2022-02-19T07:00:00.000000000,13107.058455,-10994.642055,20119.701804
2022-02-19T07:15:00.000000000,13429.129886,-8626.821112,21048.052433
2022-02-19T07:30:00.000000000,13889.164683,-6196.441135,21608.271811
2022-02-19T07:45:00.000000000,14486.237185,-3753.780433,21790.921475
2022-02-19T08:00:00.000000000,15211.125128,-1348.548037,21593.270019
2022-02-19T08:15:00.000000000,16046.631824,971.873285,21019.310603
2022-02-19T08:30:00.000000000,16968.237251,3164.080108,20079.650601
2022-02-19T08:45:00.000000000,17945.04936,5190.132559,18791.278288
2022-02-19T09:00:00.000000000,18941.014823,7018.812609,17177.214175
2022-02-19T09:15:00.000000000,19916.338424,8626.609546,15266.056854
2022-02-19T09:30:00.000000000,20829.052633,9998.397491,13091.43511
2022-02-19T09:45:00.000000000,21636.673903,11127.782816,10691.379443
2022-02-19T10:00:00.000000000,22297.87994,12017.112768,8107.627021
2022-02-19T10:15:00.000000000,22774.142596,12677.149906,5384.874688
2022-02-19T10:30:00.000000000,23031.254014,13126.429824,2569.994632
2022-02-19T10:45:00.000000000,23040.688884,13390.331217,-288.772895
2022-02-19T11:00:00.000000000,22780.752955,13499.897619,-3142.635926
2022-02-19T11:15:00.000000000,22237.476743,13490.458528,-5943.063157
2022-02-19T11:30:00.000000000,21405.22349,13400.104126,-8642.580194
2022-02-19T11:45:00.000000000,20286.991232,13268.072102,-11195.53853
2022-02-19T12:00:00.000000000,18894.400112,13133.107323,-13558.847161
2022-02-19T12:15:00.000000000,17247.367303,13031.855167,-15692.657778
2022-02-19T12:30:00.000000000,15373.482852,12997.347378,-17560.995419
2022-02-19T12:45:00.000000000,13307.110006,13057.63551,-19132.327343
2022-02-19T13:00:00.000000000,11088.242931,13234.62145,-20380.063673
2022-02-19T13:15:00.000000000,8761.16295,13543.12745,-21282.984015
2022-02-19T13:30:00.000000000,6372.941242,13990.239727,-21825.584834
2022-02-19T13:45:00.000000000,3971.841237,14574.95027,-21998.34295
2022-02-19T14:00:00.000000000,1605.677644,15288.111214,-21797.89095
2022-02-19T14:15:00.000000000,-679.809135,16112.705337,-21227.10092
2022-02-19T14:30:00.000000000,-2842.50443,17024.42517,-20295.073461
2022-02-19T14:45:00.000000000,-4845.339686,17992.54211,-19017.029729
2022-02-19T15:00:00.000000000,-6657.528795,18981.03626,-17414.105162
2022-02-19T15:15:00.000000000,-8255.573143,19949.947692,-15513.044661
2022-02-19T15:30:00.000000000,-9623.995693,20856.900864,-13345.800452
2022-02-19T15:45:00.000000000,-10755.773744,21658.746425,-10949.035463
2022-02-19T16:00:00.000000000,-11652.450755,22313.258884,-8363.536926
2022-02-19T16:15:00.000000000,-12323.919478,22780.825047,-5633.54708
2022-02-19T16:30:00.000000000,-12787.881333,23026.056914,-2806.020031
2022-02-19T16:45:00.000000000,-13068.999924,23019.264225,70.183894
2022-02-19T17:00:00.000000000,-13197.779217,22737.726015,2945.15269
2022-02-19T17:15:00.000000000,-13209.208829,22166.707508,5768.810562
2022-02-19T17:30:00.000000000,-13141.229181,21300.177991,8491.82182
2022-02-19T17:45:00.000000000,-13033.077773,20141.197056,11066.492197
2022-02-19T18:00:00.000000000,-12923.583746,18701.95021,13447.648341
2022-02-19T18:15:00.000000000,-12849.48091,17003.429226,15593.476102
2022-02-19T18:30:00.000000000,-12843.809299,15074.767802,17466.298759
2022-02-19T18:45:00.000000000,-12934.47207,12952.257856,19033.277626
2022-02-19T19:00:00.000000000,-13143.008191,10678.08555,20267.019282
2022-02-19T19:15:00.000000000,-13483.632185,8298.838229,21146.07605
2022-02-19T19:30:00.000000000,-13962.5807,5863.843171,21655.329186
2022-02-19T19:45:00.000000000,-14577.792403,3423.405938,21786.247358
2022-02-19T20:00:00.000000000,-15318.933309,1027.020029,21537.016261
2022-02-19T20:15:00.000000000,-16167.764939,-1278.379971,20912.538512
2022-02-19T20:30:00.000000000,-17098.838241,-3450.052131,19924.306191
2022-02-19T20:45:00.000000000,-18080.482843,-5450.903742,18590.151307
2022-02-19T21:00:00.000000000,-19076.049349,-7250.714951,16933.882129
2022-02-19T21:15:00.000000000,-20045.352723,-8827.084063,14984.815552
2022-02-19T21:30:00.000000000,-20946.257434,-10166.061105,12777.217441
2022-02-19T21:45:00.000000000,-21736.340447,-11262.449319,10349.664268
2022-02-19T22:00:00.000000000,-22374.566208,-12119.767721,7744.340163
2022-02-19T22:15:00.000000000,-22822.908539,-12749.881138,5006.284
2022-02-19T22:30:00.000000000,-23047.857656,-13172.316829,2182.601151
2022-02-19T22:45:00.000000000,-23021.756058,-13413.298268,-678.345798
2022-02-19T23:00:00.000000000,-22723.91453,-13504.536627,-3527.753567
2022-02-19T23:15:00.000000000,-22141.468552,-13481.828716,-6317.189028
2022-02-19T23:30:00.000000000,-21269.945545,-13383.516261,-8999.382348
2022-02-19T23:45:00.000000000,-20113.52439,-13248.865476,-11528.99143
2022-02-19T00:00:00.000000000,-19099.006026,-13150.427865,-13250.303853
2022-02-19T00:15:00.000000000,-17485.110734,-13042.513414,-15417.531439
2022-02-19T00:30:00.000000000,-15640.190667,-12997.115036,-17323.927383
2022-02-19T00:45:00.000000000,-13597.75018,-13043.035953,-18937.324304
2022-02-19T01:00:00.000000000,-11397.092717,-13203.075526,-20230.433857
2022-02-19T01:15:00.000000000,-9082.001769,-13493.064498,-21181.283692
2022-02-19T01:30:00.000000000,-6699.261437,-13921.169723,-21773.575859
2022-02-19T01:45:00.000000000,-4297.069194,-14487.494327,-21996.961928
2022-02-19T02:00:00.000000000,-1923.397401,-15183.98911,-21847.230593
2022-02-19T02:15:00.000000000,375.637828,-15994.680234,-21326.404045
2022-02-19T02:30:00.000000000,2557.341538,-16896.207198,-20442.740022
2022-02-19T02:45:00.000000000,4583.881339,-17858.653982,-19210.637152
2022-02-19T03:00:00.000000000,6423.551709,-18846.645515,-17650.442094
2022-02-19T03:15:00.000000000,8051.813016,-19820.671452,-15788.158109
2022-02-19T03:30:00.000000000,9452.064477,-20738.590169,-13655.056046
2022-02-19T03:45:00.000000000,10616.119329,-21557.258091,-11287.190351
2022-02-19T04:00:00.000000000,11544.36105,-22234.223537,-8724.824547
2022-02-19T04:15:00.000000000,12245.571223,-22729.420308,-6011.772751
2022-02-19T04:30:00.000000000,12736.432202,-23006.794733,-3194.665983
2022-02-19T04:45:00.000000000,13040.72074,-23035.801005,-322.154292
2022-02-19T05:00:00.000000000,13188.221396,-22792.703438,2555.941999
2022-02-19T05:15:00.000000000,13213.40062,-22261.630846,5389.51659
2022-02-19T05:30:00.000000000,13153.892998,-21435.337338,8129.07999
2022-02-19T05:45:00.000000000,13048.859846,-20315.635132,10726.662288
2022-02-19T06:00:00.000000000,12937.286726,-18913.478503,13136.696751
2022-02-19T06:15:00.000000000,12856.289787,-17248.692223,15316.864837
2022-02-19T06:30:00.000000000,12839.501231,-15349.352969,17228.883663
2022-02-19T06:45:00.000000000,12915.601326,-13250.847098,18839.218149
2022-02-19T07:00:00.000000000,13107.058455,-10994.642055,20119.701804
2022-02-19T07:15:00.000000000,13429.129886,-8626.821112,21048.052433
2022-02-19T07:30:00.000000000,13889.164683,-6196.441135,21608.271811
2022-02-19T07:45:00.000000000,14486.237185,-3753.780433,21790.921475
2022-02-19T08:00:00.000000000,15211.125128,-1348.548037,21593.270019
2022-02-19T08:15:00.000000000,16046.631824,971.873285,21019.310603
2022-02-19T08:30:00.000000000,16968.237251,3164.080108,20079.650601
2022-02-19T08:45:00.000000000,17945.04936,5190.132559,18791.278288
2022-02-19T09:00:00.000000000,18941.014823,7018.812609,17177.214175
2022-02-19T09:15:00.000000000,19916.338424,8626.609546,15266.056854
2022-02-19T09:30:00.000000000,20829.052633,9998.397491,13091.43511
2022-02-19T09:45:00.000000000,21636.673903,11127.782816,10691.379443
2022-02-19T10:00:00.000000000,22297.87994,12017.112768,8107.627021
2022-02-19T10:15:00.000000000,22774.142596,12677.149906,5384.874688
2022-02-19T10:30:00.000000000,23031.254014,13126.429824,2569.994632
2022-02-19T10:45:00.000000000,23040.688884,13390.331217,-288.772895
2022-02-19T11:00:00.000000000,22780.752955,13499.897619,-3142.635926
2022-02-19T11:15:00.000000000,22237.476743,13490.458528,-5943.063157
2022-02-19T11:30:00.000000000,21405.22349,13400.104126,-8642.580194
2022-02-19T11:45:00.000000000,20286.991232,13268.072102,-11195.53853
2022-02-19T12:00:00.000000000,18894.400112,13133.107323,-13558.847161
2022-02-19T12:15:00.000000000,17247.367303,13031.855167,-15692.657778
2022-02-19T12:30:00.000000000,15373.482852,12997.347378,-17560.995419
2022-02-19T12:45:00.000000000,13307.110006,13057.63551,-19132.327343
2022-02-19T13:00:00.000000000,11088.242931,13234.62145,-20380.063673
2022-02-19T13:15:00.000000000,8761.16295,13543.12745,-21282.984015
2022-02-19T13:30:00.000000000,6372.941242,13990.239727,-21825.584834
2022-02-19T13:45:00.000000000,3971.841237,14574.95027,-21998.34295
2022-02-19T14:00:00.000000000,1605.677644,15288.111214,-21797.89095
2022-02-19T14:15:00.000000000,-679.809135,16112.705337,-21227.10092
2022-02-19T14:30:00.000000000,-2842.50443,17024.42517,-20295.073461
2022-02-19T14:45:00.000000000,-4845.339686,17992.54211,-19017.029729
2022-02-19T15:00:00.000000000,-6657.528795,18981.03626,-17414.105162
2022-02-19T15:15:00.000000000,-8255.573143,19949.947692,-15513.044661
2022-02-19T15:30:00.000000000,-9623.995693,20856.900864,-13345.800452
2022-02-19T15:45:00.000000000,-10755.773744,21658.746425,-10949.035463
2022-02-19T16:00:00.000000000,-11652.450755,22313.258884,-8363.536926
2022-02-19T16:15:00.000000000,-12323.919478,22780.825047,-5633.54708
2022-02-19T16:30:00.000000000,-12787.881333,23026.056914,-2806.020031
2022-02-19T16:45:00.000000000,-13068.999924,23019.264225,70.183894
2022-02-19T17:00:00.000000000,-13197.779217,22737.726015,2945.15269
2022-02-19T17:15:00.000000000,-13209.208829,22166.707508,5768.810562
2022-02-19T17:30:00.000000000,-13141.229181,21300.177991,8491.82182
2022-02-19T17:45:00.000000000,-13033.077773,20141.197056,11066.492197
2022-02-19T18:00:00.000000000,-12923.583746,18701.95021,13447.648341
2022-02-19T18:15:00.000000000,-12849.48091,17003.429226,15593.476102
2022-02-19T18:30:00.000000000,-12843.809299,15074.767802,17466.298759
2022-02-19T18:45:00.000000000,-12934.47207,12952.257856,19033.277626
2022-02-19T19:00:00.000000000,-13143.008191,10678.08555,20267.019282
2022-02-19T19:15:00.000000000,-13483.632185,8298.838229,21146.07605
2022-02-19T19:30:00.000000000,-13962.5807,5863.843171,21655.329186
2022-02-19T19:45:00.000000000,-14577.792403,3423.405938,21786.247358
2022-02-19T20:00:00.000000000,-15318.933309,1027.020029,21537.016261
2022-02-19T20:15:00.000000000,-16167.764939,-1278.379971,20912.538512
2022-02-19T20:30:00.000000000,-17098.838241,-3450.052131,19924.306191
2022-02-19T20:45:00.000000000,-18080.482843,-5450.903742,18590.151307
2022-02-19T21:00:00.000000000,-19076.049349,-7250.714951,16933.882129
2022-02-19T21:15:00.000000000,-20045.352723,-8827.084063,14984.815552
2022-02-19T21:30:00.000000000,-20946.257434,-10166.061105,12777.217441
2022-02-19T21:45:00.000000000,-21736.340447,-11262.449319,10349.664268
2022-02-19T22:00:00.000000000,-22374.566208,-12119.767721,7744.340163
2022-02-19T22:15:00.000000000,-22822.908539,-12749.881138,5006.284
2022-02-19T22:30:00.000000000,-23047.857656,-13172.316829,2182.601151
2022-02-19T22:45:00.000000000,-23021.756058,-13413.298268,-678.345798
2022-02-19T23:00:00.000000000,-22723.91453,-13504.536627,-3527.753567
2022-02-19T23:15:00.000000000,-22141.468552,-13481.828716,-6317.189028
2022-02-19T23:30:00.000000000,-21269.945545,-13383.516261,-8999.382348
2022-02-19T23:45:00.000000000,-20113.52439,-13248.865476,-11528.99143
2022-02-19T00:00:00.000000000,-19099.006026,-13150.427865,-13250.303853
2022-02-19T00:15:00.000000000,-17485.110734,-13042.513414,-15417.531439
2022-02-19T00:30:00.000000000,-15640.190667,-12997.115036,-17323.927383
2022-02-19T00:45:00.000000000,-13597.75018,-13043.035953,-18937.324304
2022-02-19T01:00:00.000000000,-11397.092717,-13203.075526,-20230.433857
2022-02-19T01:15:00.000000000,-9082.001769,-13493.064498,-21181.283692
2022-02-19T01:30:00.000000000,-6699.261437,-13921.169723,-21773.575859
2022-02-19T01:45:00.000000000,-4297.069194,-14487.494327,-21996.961928
2022-02-19T02:00:00.000000000,-1923.397401,-15183.98911,-21847.230593
2022-02-19T02:15:00.000000000,375.637828,-15994.680234,-21326.404045
2022-02-19T02:30:00.000000000,2557.341538,-16896.207198,-20442.740022
2022-02-19T02:45:00.000000000,4583.881339,-17858.653982,-19210.637152
2022-02-19T03:00:00.000000000,6423.551709,-18846.645515,-17650.442094
2022-02-19T03:15:00.000000000,8051.813016,-19820.671452,-15788.158109
2022-02-19T03:30:00.000000000,9452.064477,-20738.590169,-13655.056046
2022-02-19T03:45:00.000000000,10616.119329,-21557.258091,-11287.190351
2022-02-19T04:00:00.000000000,11544.36105,-22234.223537,-8724.824547
2022-02-19T04:15:00.000000000,12245.571223,-22729.420308,-6011.772751
2022-02-19T04:30:00.000000000,12736.432202,-23006.794733,-3194.665983
2022-02-19T04:45:00.000000000,13040.72074,-23035.801005,-322.154292
2022-02-19T05:00:00.000000000,13188.221396,-22792.703438,2555.941999
2022-02-19T05:15:00.000000000,13213.40062,-22261.630846,5389.51659
2022-02-19T05:30:00.000000000,13153.892998,-21435.337338,8129.07999
2022-02-19T05:45:00.000000000,13048.859846,-20315.635132,10726.662288
2022-02-19T06:00:00.000000000,12937.286726,-18913.478503,13136.696751
2022-02-19T06:15:00.000000000,12856.289787,-17248.692223,15316.864837
2022-02-19T06:30:00.000000000,12839.501231,-15349.352969,17228.883663
2022-02-19T06:45:00.000000000,12915.601326,-13250.847098,18839.218149
2022-02-19T07:00:00.000000000,13107.058455,-10994.642055,20119.701804
2022-02-19T07:15:00.000000000,13429.129886,-8626.821112,21048.052433
2022-02-19T07:30:00.000000000,13889.164683,-6196.441135,21608.271811
2022-02-19T07:45:00.000000000,14486.237185,-3753.780433,21790.921475
2022-02-19T08:00:00.000000000,15211.125128,-1348.548037,21593.270019
2022-02-19T08:15:00.000000000,16046.631824,971.873285,21019.310603
2022-02-19T08:30:00.000000000,16968.237251,3164.080108,20079.650601
2022-02-19T08:45:00.000000000,17945.04936,5190.132559,18791.278288
2022-02-19T09:00:00.000000000,18941.014823,7018.812609,17177.214175
2022-02-19T09:15:00.000000000,19916.338424,8626.609546,15266.056854
2022-02-19T09:30:00.000000000,20829.052633,9998.397491,13091.43511
2022-02-19T09:45:00.000000000,21636.673903,11127.782816,10691.379443
2022-02-19T10:00:00.000000000,22297.87994,12017.112768,8107.627021
2022-02-19T10:15:00.000000000,22774.142596,12677.149906,5384.874688
2022-02-19T10:30:00.000000000,23031.254014,13126.429824,2569.994632
2022-02-19T10:45:00.000000000,23040.688884,13390.331217,-288.772895
2022-02-19T11:00:00.000000000,22780.752955,13499.897619,-3142.635926
2022-02-19T11:15:00.000000000,22237.476743,13490.458528,-5943.063157
2022-02-19T11:30:00.000000000,21405.22349,13400.104126,-8642.580194
2022-02-19T11:45:00.000000000,20286.991232,13268.072102,-11195.53853
2022-02-19T12:00:00.000000000,18894.400112,13133.107323,-13558.847161
2022-02-19T12:15:00.000000000,17247.367303,13031.855167,-15692.657778
2022-02-19T12:30:00.000000000,15373.482852,12997.347378,-17560.995419
2022-02-19T12:45:00.000000000,13307.110006,13057.63551,-19132.327343
2022-02-19T13:00:00.000000000,11088.242931,13234.62145,-20380.063673
2022-02-19T13:15:00.000000000,8761.16295,13543.12745,-21282.984015
2022-02-19T13:30:00.000000000,6372.941242,13990.239727,-21825.584834
2022-02-19T13:45:00.000000000,3971.841237,14574.95027,-21998.34295
2022-02-19T14:00:00.000000000,1605.677644,15288.111214,-21797.89095
2022-02-19T14:15:00.000000000,-679.809135,16112.705337,-21227.10092
2022-02-19T14:30:00.000000000,-2842.50443,17024.42517,-20295.073461
2022-02-19T14:45:00.000000000,-4845.339686,17992.54211,-19017.029729
2022-02-19T15:00:00.000000000,-6657.528795,18981.03626,-17414.105162
2022-02-19T15:15:00.000000000,-8255.573143,19949.947692,-15513.044661
2022-02-19T15:30:00.000000000,-9623.995693,20856.900864,-13345.800452
2022-02-19T15:45:00.000000000,-10755.773744,21658.746425,-10949.035463
2022-02-19T16:00:00.000000000,-11652.450755,22313.258884,-8363.536926
2022-02-19T16:15:00.000000000,-12323.919478,22780.825047,-5633.54708
2022-02-19T16:30:00.000000000,-12787.881333,23026.056914,-2806.020031
2022-02-19T16:45:00.000000000,-13068.999924,23019.264225,70.183894
2022-02-19T17:00:00.000000000,-13197.779217,22737.726015,2945.15269
2022-02-19T17:15:00.000000000,-13209.208829,22166.707508,5768.810562
2022-02-19T17:30:00.000000000,-13141.229181,21300.177991,8491.82182
2022-02-19T17:45:00.000000000,-13033.077773,20141.197056,11066.492197
2022-02-19T18:00:00.000000000,-12923.583746,18701.95021,13447.648341
2022-02-19T18:15:00.000000000,-12849.48091,17003.429226,15593.476102
2022-02-19T18:30:00.000000000,-12843.809299,15074.767802,17466.298759
2022-02-19T18:45:00.000000000,-12934.47207,12952.257856,19033.277626
2022-02-19T19:00:00.000000000,-13143.008191,10678.08555,20267.019282
2022-02-19T19:15:00.000000000,-13483.632185,8298.838229,21146.07605
2022-02-19T19:30:00.000000000,-13962.5807,5863.843171,21655.329186
2022-02-19T19:45:00.000000000,-14577.792403,3423.405938,21786.247358
2022-02-19T20:00:00.000000000,-15318.933309,1027.020029,21537.016261
2022-02-19T20:15:00.000000000,-16167.764939,-1278.379971,20912.538512
2022-02-19T20:30:00.000000000,-17098.838241,-3450.052131,19924.306191
2022-02-19T20:45:00.000000000,-18080.482843,-5450.903742,18590.151307
2022-02-19T21:00:00.000000000,-19076.049349,-7250.714951,16933.882129
2022-02-19T21:15:00.000000000,-20045.352723,-8827.084063,14984.815552
2022-02-19T21:30:00.000000000,-20946.257434,-10166.061105,12777.217441
2022-02-19T21:45:00.000000000,-21736.340447,-11262.449319,10349.664268
2022-02-19T22:00:00.000000000,-22374.566208,-12119.767721,7744.340163
2022-02-19T22:15:00.000000000,-22822.908539,-12749.881138,5006.284
2022-02-19T22:30:00.000000000,-23047.857656,-13172.316829,2182.601151
2022-02-19T22:45:00.000000000,-23021.756058,-13413.298268,-678.345798
2022-02-19T23:00:00.000000000,-22723.91453,-13504.536627,-3527.753567
2022-02-19T23:15:00.000000000,-22141.468552,-13481.828716,-6317.189028
2022-02-19T23:30:00.000000000,-21269.945545,-13383.516261,-8999.382348
2022-02-19T23:45:00.000000000,-20113.52439,-13248.865476,-11528.99143
2022-02-18T00:00:00.000000000,-19493.627457,-13186.879837,-12620.881124
2022-02-18T00:15:00.000000000,-17947.449026,-13067.5685,-14852.86677
2022-02-18T00:30:00.000000000,-16162.292338,-13002.048952,-16833.542239
2022-02-18T00:45:00.000000000,-14169.882733,-13020.559181,-18529.499714
2022-02-18T01:00:00.000000000,-12008.069159,-13147.637937,-19912.07882
2022-02-18T01:15:00.000000000,-9719.557171,-13401.092434,-20957.823978
2022-02-18T01:30:00.000000000,-7350.46812,-13791.226827,-21648.864593
2022-02-18T01:45:00.000000000,-4948.77579,-14320.360035,-21973.21319
2022-02-18T02:00:00.000000000,-2562.676157,-14982.651536,-21924.977149
2022-02-18T02:15:00.000000000,-238.948454,-15764.243158,-21504.480168
2022-02-18T02:30:00.000000000,1978.633473,-16643.713877,-20718.290201
2022-02-18T02:45:00.000000000,4050.781605,-17592.833504,-19579.151261
2022-02-18T03:00:00.000000000,5944.011202,-18577.590305,-18105.817362
2022-02-18T03:15:00.000000000,7631.745453,-19559.45721,-16322.78786
2022-02-18T03:30:00.000000000,9095.164324,-20496.851868,-14259.944825
2022-02-18T03:45:00.000000000,10323.763292,-21346.73765,-11952.09455
2022-02-18T04:00:00.000000000,11315.597776,-22066.30618,-9438.41714
2022-02-18T04:15:00.000000000,12077.200562,-22614.67751,-6761.830139
2022-02-18T04:30:00.000000000,12623.171924,-22954.551785,-3968.274343
2022-02-18T04:45:00.000000000,12975.455027,-23053.746692,-1105.9322
2022-02-18T05:00:00.000000000,13162.322051,-22886.557995,1775.608491
2022-02-18T05:15:00.000000000,13217.108727,-22434.886293,4626.230797
2022-02-18T05:30:00.000000000,13176.746105,-21689.081634,7396.18817
2022-02-18T05:45:00.000000000,13080.147525,-20648.468258,10037.009057
2022-02-18T06:00:00.000000000,12966.51595,-19321.52479,12502.38764
2022-02-18T06:15:00.000000000,12873.640899,-17725.709238,14749.041238
2022-02-18T06:30:00.000000000,12836.255533,-15886.93317,16737.515253
2022-02-18T06:45:00.000000000,12884.522381,-13838.704458,18432.917483
2022-02-18T07:00:00.000000000,13042.711135,-11620.972199,19805.565248
2022-02-18T07:15:00.000000000,13328.123827,-9278.720335,20831.530912
2022-02-18T07:30:00.000000000,13750.31211,-6860.367211,21493.074071
2022-02-18T07:45:00.000000000,14310.618741,-4416.036378,21778.951687
2022-02-18T08:00:00.000000000,15002.061344,-1995.769171,21684.600639
2022-02-18T08:15:00.000000000,15809.561844,352.248584,21212.190531
2022-02-18T08:30:00.000000000,16710.510353,2583.374683,20370.547789
2022-02-18T08:45:00.000000000,17675.638356,4658.046779,19174.955181
2022-02-18T09:00:00.000000000,18670.163546,6543.107323,17646.833657
2022-02-18T09:15:00.000000000,19655.157993,8212.867332,15813.315793
2022-02-18T09:30:00.000000000,20589.083035,9649.870495,13706.722139
2022-02-18T09:45:00.000000000,21429.428501,10845.331892,11363.953257
2022-02-18T10:00:00.000000000,22134.390883,11799.238909,8825.811314
2022-02-18T10:15:00.000000000,22664.524698,12520.115408,6136.265697
2022-02-18T10:30:00.000000000,22984.30366,13024.463181,3341.677327
2022-02-18T10:45:00.000000000,23063.532833,13335.906772,489.996155
2022-02-18T11:00:00.000000000,22878.559778,13484.07831,-2370.054125
2022-02-18T11:15:00.000000000,22413.241092,13503.28803,-5189.790828
2022-02-18T11:30:00.000000000,21659.630549,13431.03312,-7921.374122
2022-02-18T11:45:00.000000000,20618.365704,13306.402438,-10518.584479
2022-02-18T12:00:00.000000000,19298.741025,13168.437463,-12937.565414
2022-02-18T12:15:00.000000000,17718.466874,13054.510489,-15137.522137
2022-02-18T12:30:00.000000000,15903.124739,12998.779637,-17081.367761
2022-02-18T12:45:00.000000000,13885.339577,13030.776979,-18736.309599
2022-02-18T13:00:00.000000000,11703.699739,13174.180914,-20074.368921
2022-02-18T13:15:00.000000000,9401.463498,13445.817313,-21072.828167
2022-02-18T13:30:00.000000000,7025.098435,13854.925848,-21714.600296
2022-02-18T13:45:00.000000000,4622.705595,14402.718828,-21988.515463
2022-02-18T14:00:00.000000000,2242.384569,15082.249731,-21889.52071
2022-02-18T14:15:00.000000000,-69.402107,15878.597984,-21418.788907
2022-02-18T14:30:00.000000000,-2269.40627,16769.36549,-20583.733761
2022-02-18T14:45:00.000000000,-4319.055565,17725.469287,-19397.928384
2022-02-18T15:00:00.000000000,-6185.744777,18712.203934,-17880.92583
2022-02-18T15:15:00.000000000,-7843.908051,19690.536924,-16057.981044
2022-02-18T15:30:00.000000000,-9275.830106,20618.591216,-13959.675013
2022-02-18T15:45:00.000000000,-10472.163392,21453.260956,-11621.443488
2022-02-18T16:00:00.000000000,-11432.128527,22151.900278,-9083.014467
2022-02-18T16:15:00.000000000,-12163.386925,22674.020804,-6387.760689
2022-02-18T16:30:00.000000000,-12681.587061,22982.931622,-3581.975591
2022-02-18T16:45:00.000000000,-13009.598737,23047.256271,-714.083452
2022-02-18T17:00:00.000000000,-13176.462482,22842.264671,2166.203289
2022-02-18T17:15:00.000000000,-13216.093391,22350.964128,5008.764466
2022-02-18T17:30:00.000000000,-13165.789578,21564.902395,7763.973512
2022-02-18T17:45:00.000000000,-13064.604338,20484.646644,10383.60135
2022-02-18T18:00:00.000000000,-12951.647903,19119.915623,12821.703751
2022-02-18T18:15:00.000000000,-12864.388432,17489.356285,15035.472728
2022-02-18T18:30:00.000000000,-12837.022633,15619.971383,16986.032904
2022-02-18T18:45:00.000000000,-12898.984053,13546.219372,18639.164895
2022-02-18T19:00:00.000000000,-13073.651498,11308.822115,19965.939384
2022-02-18T19:15:00.000000000,-13377.311596,8953.328506,20943.247823
2022-02-18T19:30:00.000000000,-13818.418625,6528.492506,21554.21843
2022-02-18T19:45:00.000000000,-14397.181838,4084.531807,21788.50918
2022-02-18T20:00:00.000000000,-15105.496401,1671.338078,21642.472725
2022-02-18T20:15:00.000000000,-15927.219319,-663.288817,21119.19152
2022-02-18T20:30:00.000000000,-16838.777174,-2875.312033,20228.384645
2022-02-18T20:45:00.000000000,-17810.078741,-4925.96849,18986.19083
2022-02-18T21:00:00.000000000,-18805.693225,-6783.06094,17414.834949
2022-02-18T21:15:00.000000000,-19786.244581,-8421.982919,15542.187558
2022-02-18T21:30:00.000000000,-20709.964326,-9826.439774,13401.229011
2022-02-18T21:45:00.000000000,-21534.339905,-10988.841832,11029.431119
2022-02-18T22:00:00.000000000,-22217.793023,-11910.359136,8468.070304
2022-02-18T22:15:00.000000000,-22721.322365,-12600.640613,5761.486782
2022-02-18T22:30:00.000000000,-23010.047796,-13077.21341,2956.304427
2022-02-18T22:45:00.000000000,-23054.598053,-13364.589981,100.625766
2022-02-18T23:00:00.000000000,-22832.290972,-13493.120948,-2756.783965
2022-02-18T23:15:00.000000000,-22328.06393,-13497.640428,-5567.310501
2022-02-18T23:30:00.000000000,-21535.122093,-13415.957271,-8283.289692
2022-02-18T23:45:00.000000000,-20455.282848,-13287.250263,-10858.780821
2022-02-19T00:00:00.000000000,-19099.006026,-13150.427865,-13250.303853
2022-02-19T00:15:00.000000000,-17485.110734,-13042.513414,-15417.531439
2022-02-19T00:30:00.000000000,-15640.190667,-12997.115036,-17323.927383
2022-02-19T00:45:00.000000000,-13597.75018,-13043.035953,-18937.324304
2022-02-19T01:00:00.000000000,-11397.092717,-13203.075526,-20230.433857
2022-02-19T01:15:00.000000000,-9082.001769,-13493.064498,-21181.283692
2022-02-19T01:30:00.000000000,-6699.261437,-13921.169723,-21773.575859
2022-02-19T01:45:00.000000000,-4297.069194,-14487.494327,-21996.961928
2022-02-19T02:00:00.000000000,-1923.397401,-15183.98911,-21847.230593
2022-02-19T02:15:00.000000000,375.637828,-15994.680234,-21326.404045
2022-02-19T02:30:00.000000000,2557.341538,-16896.207198,-20442.740022
2022-02-19T02:45:00.000000000,4583.881339,-17858.653982,-19210.637152
2022-02-19T03:00:00.000000000,6423.551709,-18846.645515,-17650.442094
2022-02-19T03:15:00.000000000,8051.813016,-19820.671452,-15788.158109
2022-02-19T03:30:00.000000000,9452.064477,-20738.590169,-13655.056046
2022-02-19T03:45:00.000000000,10616.119329,-21557.258091,-11287.190351
2022-02-19T04:00:00.000000000,11544.36105,-22234.223537,-8724.824547
2022-02-19T04:15:00.000000000,12245.571223,-22729.420308,-6011.772751
2022-02-19T04:30:00.000000000,12736.432202,-23006.794733,-3194.665983
2022-02-19T04:45:00.000000000,13040.72074,-23035.801005,-322.154292
2022-02-19T05:00:00.000000000,13188.221396,-22792.703438,2555.941999
2022-02-19T05:15:00.000000000,13213.40062,-22261.630846,5389.51659
2022-02-19T05:30:00.000000000,13153.892998,-21435.337338,8129.07999
2022-02-19T05:45:00.000000000,13048.859846,-20315.635132,10726.662288
2022-02-19T06:00:00.000000000,12937.286726,-18913.478503,13136.696751
2022-02-19T06:15:00.000000000,12856.289787,-17248.692223,15316.864837
2022-02-19T06:30:00.000000000,12839.501231,-15349.352969,17228.883663
2022-02-19T06:45:00.000000000,12915.601326,-13250.847098,18839.218149
2022-02-19T07:00:00.000000000,13107.058455,-10994.642055,20119.701804
2022-02-19T07:15:00.000000000,13429.129886,-8626.821112,21048.052433
2022-02-19T07:30:00.000000000,13889.164683,-6196.441135,21608.271811
2022-02-19T07:45:00.000000000,14486.237185,-3753.780433,21790.921475
2022-02-19T08:00:00.000000000,15211.125128,-1348.548037,21593.270019
2022-02-19T08:15:00.000000000,16046.631824,971.873285,21019.310603
2022-02-19T08:30:00.000000000,16968.237251,3164.080108,20079.650601
2022-02-19T08:45:00.000000000,17945.04936,5190.132559,18791.278288
2022-02-19T09:00:00.000000000,18941.014823,7018.812609,17177.214175
2022-02-19T09:15:00.000000000,19916.338424,8626.609546,15266.056854
2022-02-19T09:30:00.000000000,20829.052633,9998.397491,13091.43511
2022-02-19T09:45:00.000000000,21636.673903,11127.782816,10691.379443
2022-02-19T10:00:00.000000000,22297.87994,12017.112768,8107.627021
2022-02-19T10:15:00.000000000,22774.142596,12677.149906,5384.874688
2022-02-19T10:30:00.000000000,23031.254014,13126.429824,2569.994632
2022-02-19T10:45:00.000000000,23040.688884,13390.331217,-288.772895
2022-02-19T11:00:00.000000000,22780.752955,13499.897619,-3142.635926
2022-02-19T11:15:00.000000000,22237.476743,13490.458528,-5943.063157
2022-02-19T11:30:00.000000000,21405.22349,13400.104126,-8642.580194
2022-02-19T11:45:00.000000000,20286.991232,13268.072102,-11195.53853
2022-02-19T12:00:00.000000000,18894.400112,13133.107323,-13558.847161
2022-02-19T12:15:00.000000000,17247.367303,13031.855167,-15692.657778
2022-02-19T12:30:00.000000000,15373.482852,12997.347378,-17560.995419
2022-02-19T12:45:00.000000000,13307.110006,13057.63551,-19132.327343
2022-02-19T13:00:00.000000000,11088.242931,13234.62145,-20380.063673
2022-02-19T13:15:00.000000000,8761.16295,13543.12745,-21282.984015
2022-02-19T13:30:00.000000000,6372.941242,13990.239727,-21825.584834
2022-02-19T13:45:00.000000000,3971.841237,14574.95027,-21998.34295
2022-02-19T14:00:00.000000000,1605.677644,15288.111214,-21797.89095
2022-02-19T14:15:00.000000000,-679.809135,16112.705337,-21227.10092
2022-02-19T14:30:00.000000000,-2842.50443,17024.42517,-20295.073461
2022-02-19T14:45:00.000000000,-4845.339686,17992.54211,-19017.029729
2022-02-19T15:00:00.000000000,-6657.528795,18981.03626,-17414.105162
2022-02-19T15:15:00.000000000,-8255.573143,19949.947692,-15513.044661
2022-02-19T15:30:00.000000000,-9623.995693,20856.900864,-13345.800452
2022-02-19T15:45:00.000000000,-10755.773744,21658.746425,-10949.035463
2022-02-19T16:00:00.000000000,-11652.450755,22313.258884,-8363.536926
2022-02-19T16:15:00.000000000,-12323.919478,22780.825047,-5633.54708
2022-02-19T16:30:00.000000000,-12787.881333,23026.056914,-2806.020031
2022-02-19T16:45:00.000000000,-13068.999924,23019.264225,70.183894
2022-02-19T17:00:00.000000000,-13197.779217,22737.726015,2945.15269
2022-02-19T17:15:00.000000000,-13209.208829,22166.707508,5768.810562
2022-02-19T17:30:00.000000000,-13141.229181,21300.177991,8491.82182
2022-02-19T17:45:00.000000000,-13033.077773,20141.197056,11066.492197
2022-02-19T18:00:00.000000000,-12923.583746,18701.95021,13447.648341
2022-02-19T18:15:00.000000000,-12849.48091,17003.429226,15593.476102
2022-02-19T18:30:00.000000000,-12843.809299,15074.767802,17466.298759
2022-02-19T18:45:00.000000000,-12934.47207,12952.257856,19033.277626
2022-02-19T19:00:00.000000000,-13143.008191,10678.08555,20267.019282
2022-02-19T19:15:00.000000000,-13483.632185,8298.838229,21146.07605
2022-02-19T19:30:00.000000000,-13962.5807,5863.843171,21655.329186
2022-02-19T19:45:00.000000000,-14577.792403,3423.405938,21786.247358
2022-02-19T20:00:00.000000000,-15318.933309,1027.020029,21537.016261
2022-02-19T20:15:00.000000000,-16167.764939,-1278.379971,20912.538512
2022-02-19T20:30:00.000000000,-17098.838241,-3450.052131,19924.306191
2022-02-19T20:45:00.000000000,-18080.482843,-5450.903742,18590.151307
2022-02-19T21:00:00.000000000,-19076.049349,-7250.714951,16933.882129
2022-02-19T21:15:00.000000000,-20045.352723,-8827.084063,14984.815552
2022-02-19T21:30:00.000000000,-20946.257434,-10166.061105,12777.217441
2022-02-19T21:45:00.000000000,-21736.340447,-11262.449319,10349.664268
2022-02-19T22:00:00.000000000,-22374.566208,-12119.767721,7744.340163
2022-02-19T22:15:00.000000000,-22822.908539,-12749.881138,5006.284
2022-02-19T22:30:00.000000000,-23047.857656,-13172.316829,2182.601151
2022-02-19T22:45:00.000000000,-23021.756058,-13413.298268,-678.345798
2022-02-19T23:00:00.000000000,-22723.91453,-13504.536627,-3527.753567
2022-02-19T23:15:00.000000000,-22141.468552,-13481.828716,-6317.189028
2022-02-19T23:30:00.000000000,-21269.945545,-13383.516261,-8999.382348
2022-02-19T23:45:00.000000000,-20113.52439,-13248.865476,-11528.99143
2022-02-18T00:00:00.000000000,-19493.627457,-13186.879837,-12620.881124
2022-02-18T00:15:00.000000000,-17947.449026,-13067.5685,-14852.86677
2022-02-18T00:30:00.000000000,-16162.292338,-13002.048952,-16833.542239
2022-02-18T00:45:00.000000000,-14169.882733,-13020.559181,-18529.499714
2022-02-18T01:00:00.000000000,-12008.069159,-13147.637937,-19912.07882
2022-02-18T01:15:00.000000000,-9719.557171,-13401.092434,-20957.823978
2022-02-18T01:30:00.000000000,-7350.46812,-13791.226827,-21648.864593
2022-02-18T01:45:00.000000000,-4948.77579,-14320.360035,-21973.21319
2022-02-18T02:00:00.000000000,-2562.676157,-14982.651536,-21924.977149
2022-02-18T02:15:00.000000000,-238.948454,-15764.243158,-21504.480168
2022-02-18T02:30:00.000000000,1978.633473,-16643.713877,-20718.290201
2022-02-18T02:45:00.000000000,4050.781605,-17592.833504,-19579.151261
2022-02-18T03:00:00.000000000,5944.011202,-18577.590305,-18105.817362
2022-02-18T03:15:00.000000000,7631.745453,-19559.45721,-16322.78786
2022-02-18T03:30:00.000000000,9095.164324,-20496.851868,-14259.944825
2022-02-18T03:45:00.000000000,10323.763292,-21346.73765,-11952.09455
2022-02-18T04:00:00.000000000,11315.597776,-22066.30618,-9438.41714
2022-02-18T04:15:00.000000000,12077.200562,-22614.67751,-6761.830139
2022-02-18T04:30:00.000000000,12623.171924,-22954.551785,-3968.274343
2022-02-18T04:45:00.000000000,12975.455027,-23053.746692,-1105.9322
2022-02-18T05:00:00.000000000,13162.322051,-22886.557995,1775.608491
2022-02-18T05:15:00.000000000,13217.108727,-22434.886293,4626.230797
2022-02-18T05:30:00.000000000,13176.746105,-21689.081634,7396.18817
2022-02-18T05:45:00.000000000,13080.147525,-20648.468258,10037.009057
2022-02-18T06:00:00.000000000,12966.51595,-19321.52479,12502.38764
2022-02-18T06:15:00.000000000,12873.640899,-17725.709238,14749.041238
2022-02-18T06:30:00.000000000,12836.255533,-15886.93317,16737.515253
2022-02-18T06:45:00.000000000,12884.522381,-13838.704458,18432.917483
2022-02-18T07:00:00.000000000,13042.711135,-11620.972199,19805.565248
2022-02-18T07:15:00.000000000,13328.123827,-9278.720335,20831.530912
2022-02-18T07:30:00.000000000,13750.31211,-6860.367211,21493.074071
2022-02-18T07:45:00.000000000,14310.618741,-4416.036378,21778.951687
2022-02-18T08:00:00.000000000,15002.061344,-1995.769171,21684.600639
2022-02-18T08:15:00.000000000,15809.561844,352.248584,21212.190531
2022-02-18T08:30:00.000000000,16710.510353,2583.374683,20370.547789
2022-02-18T08:45:00.000000000,17675.638356,4658.046779,19174.955181
2022-02-18T09:00:00.000000000,18670.163546,6543.107323,17646.833657
2022-02-18T09:15:00.000000000,19655.157993,8212.867332,15813.315793
2022-02-18T09:30:00.000000000,20589.083035,9649.870495,13706.722139
2022-02-18T09:45:00.000000000,21429.428501,10845.331892,11363.953257
2022-02-18T10:00:00.000000000,22134.390883,11799.238909,8825.811314
2022-02-18T10:15:00.000000000,22664.524698,12520.115408,6136.265697
2022-02-18T10:30:00.000000000,22984.30366,13024.463181,3341.677327
2022-02-18T10:45:00.000000000,23063.532833,13335.906772,489.996155
2022-02-18T11:00:00.000000000,22878.559778,13484.07831,-2370.054125
2022-02-18T11:15:00.000000000,22413.241092,13503.28803,-5189.790828
2022-02-18T11:30:00.000000000,21659.630549,13431.03312,-7921.374122
2022-02-18T11:45:00.000000000,20618.365704,13306.402438,-10518.584479
2022-02-18T12:00:00.000000000,19298.741025,13168.437463,-12937.565414
2022-02-18T12:15:00.000000000,17718.466874,13054.510489,-15137.522137
2022-02-18T12:30:00.000000000,15903.124739,12998.779637,-17081.367761
2022-02-18T12:45:00.000000000,13885.339577,13030.776979,-18736.309599
2022-02-18T13:00:00.000000000,11703.699739,13174.180914,-20074.368921
2022-02-18T13:15:00.000000000,9401.463498,13445.817313,-21072.828167
2022-02-18T13:30:00.000000000,7025.098435,13854.925848,-21714.600296
2022-02-18T13:45:00.000000000,4622.705595,14402.718828,-21988.515463
2022-02-18T14:00:00.000000000,2242.384569,15082.249731,-21889.52071
2022-02-18T14:15:00.000000000,-69.402107,15878.597984,-21418.788907
2022-02-18T14:30:00.000000000,-2269.40627,16769.36549,-20583.733761
2022-02-18T14:45:00.000000000,-4319.055565,17725.469287,-19397.928384
2022-02-18T15:00:00.000000000,-6185.744777,18712.203934,-17880.92583
2022-02-18T15:15:00.000000000,-7843.908051,19690.536924,-16057.981044
2022-02-18T15:30:00.000000000,-9275.830106,20618.591216,-13959.675013
2022-02-18T15:45:00.000000000,-10472.163392,21453.260956,-11621.443488
2022-02-18T16:00:00.000000000,-11432.128527,22151.900278,-9083.014467
2022-02-18T16:15:00.000000000,-12163.386925,22674.020804,-6387.760689
2022-02-18T16:30:00.000000000,-12681.587061,22982.931622,-3581.975591
2022-02-18T16:45:00.000000000,-13009.598737,23047.256271,-714.083452
2022-02-18T17:00:00.000000000,-13176.462482,22842.264671,2166.203289
2022-02-18T17:15:00.000000000,-13216.093391,22350.964128,5008.764466
2022-02-18T17:30:00.000000000,-13165.789578,21564.902395,7763.973512
2022-02-18T17:45:00.000000000,-13064.604338,20484.646644,10383.60135
2022-02-18T18:00:00.000000000,-12951.647903,19119.915623,12821.703751
2022-02-18T18:15:00.000000000,-12864.388432,17489.356285,15035.472728
2022-02-18T18:30:00.000000000,-12837.022633,15619.971383,16986.032904
2022-02-18T18:45:00.000000000,-12898.984053,13546.219372,18639.164895
2022-02-18T19:00:00.000000000,-13073.651498,11308.822115,19965.939384
2022-02-18T19:15:00.000000000,-13377.311596,8953.328506,20943.247823
2022-02-18T19:30:00.000000000,-13818.418625,6528.492506,21554.21843
2022-02-18T19:45:00.000000000,-14397.181838,4084.531807,21788.50918
2022-02-18T20:00:00.000000000,-15105.496401,1671.338078,21642.472725
2022-02-18T20:15:00.000000000,-15927.219319,-663.288817,21119.19152
2022-02-18T20:30:00.000000000,-16838.777174,-2875.312033,20228.384645
2022-02-18T20:45:00.000000000,-17810.078741,-4925.96849,18986.19083
2022-02-18T21:00:00.000000000,-18805.693225,-6783.06094,17414.834949
2022-02-18T21:15:00.000000000,-19786.244581,-8421.982919,15542.187558
2022-02-18T21:30:00.000000000,-20709.964326,-9826.439774,13401.229011
2022-02-18T21:45:00.000000000,-21534.339905,-10988.841832,11029.431119
2022-02-18T22:00:00.000000000,-22217.793023,-11910.359136,8468.070304
2022-02-18T22:15:00.000000000,-22721.322365,-12600.640613,5761.486782
2022-02-18T22:30:00.000000000,-23010.047796,-13077.21341,2956.304427
2022-02-18T22:45:00.000000000,-23054.598053,-13364.589981,100.625766
2022-02-18T23:00:00.000000000,-22832.290972,-13493.120948,-2756.783965
2022-02-18T23:15:00.000000000,-22328.06393,-13497.640428,-5567.310501
2022-02-18T23:30:00.000000000,-21535.122093,-13415.957271,-8283.289692
2022-02-18T23:45:00.000000000,-20455.282848,-13287.250263,-10858.780821
2022-02-19T00:00:00.000000000,-19099.006026,-13150.427865,-13250.303853
2022-02-19T00:15:00.000000000,-17485.110734,-13042.513414,-15417.531439
2022-02-19T00:30:00.000000000,-15640.190667,-12997.115036,-17323.927383
2022-02-19T00:45:00.000000000,-13597.75018,-13043.035953,-18937.324304
2022-02-19T01:00:00.000000000,-11397.092717,-13203.075526,-20230.433857
2022-02-19T01:15:00.000000000,-9082.001769,-13493.064498,-21181.283692
2022-02-19T01:30:00.000000000,-6699.261437,-13921.169723,-21773.575859
2022-02-19T01:45:00.000000000,-4297.069194,-14487.494327,-21996.961928
2022-02-19T02:00:00.000000000,-1923.397401,-15183.98911,-21847.230593
2022-02-19T02:15:00.000000000,375.637828,-15994.680234,-21326.404045
2022-02-19T02:30:00.000000000,2557.341538,-16896.207198,-20442.740022
2022-02-19T02:45:00.000000000,4583.881339,-17858.653982,-19210.637152
2022-02-19T03:00:00.000000000,6423.551709,-18846.645515,-17650.442094
2022-02-19T03:15:00.000000000,8051.813016,-19820.671452,-15788.158109
2022-02-19T03:30:00.000000000,9452.064477,-20738.590169,-13655.056046
2022-02-19T03:45:00.000000000,10616.119329,-21557.258091,-11287.190351
2022-02-19T04:00:00.000000000,11544.36105,-22234.223537,-8724.824547
2022-02-19T04:15:00.000000000,12245.571223,-22729.420308,-6011.772751
2022-02-19T04:30:00.000000000,12736.432202,-23006.794733,-3194.665983
2022-02-19T04:45:00.000000000,13040.72074,-23035.801005,-322.154292
2022-02-19T05:00:00.000000000,13188.221396,-22792.703438,2555.941999
2022-02-19T05:15:00.000000000,13213.40062,-22261.630846,5389.51659
2022-02-19T05:30:00.000000000,13153.892998,-21435.337338,8129.07999
2022-02-19T05:45:00.000000000,13048.859846,-20315.635132,10726.662288
2022-02-19T06:00:00.000000000,12937.286726,-18913.478503,13136.696751
2022-02-19T06:15:00.000000000,12856.289787,-17248.692223,15316.864837
2022-02-19T06:30:00.000000000,12839.501231,-15349.352969,17228.883663
2022-02-19T06:45:00.000000000,12915.601326,-13250.847098,18839.218149
2022-02-19T07:00:00.000000000,13107.058455,-10994.642055,20119.701804
2022-02-19T07:15:00.000000000,13429.129886,-8626.821112,21048.052433
2022-02-19T07:30:00.000000000,13889.164683,-6196.441135,21608.271811
2022-02-19T07:45:00.000000000,14486.237185,-3753.780433,21790.921475
2022-02-19T08:00:00.000000000,15211.125128,-1348.548037,21593.270019
2022-02-19T08:15:00.000000000,16046.631824,971.873285,21019.310603
2022-02-19T08:30:00.000000000,16968.237251,3164.080108,20079.650601
2022-02-19T08:45:00.000000000,17945.04936,5190.132559,18791.278288
2022-02-19T09:00:00.000000000,18941.014823,7018.812609,17177.214175
2022-02-19T09:15:00.000000000,19916.338424,8626.609546,15266.056854
2022-02-19T09:30:00.000000000,20829.052633,9998.397491,13091.43511
2022-02-19T09:45:00.000000000,21636.673903,11127.782816,10691.379443
2022-02-19T10:00:00.000000000,22297.87994,12017.112768,8107.627021
2022-02-19T10:15:00.000000000,22774.142596,12677.149906,5384.874688
2022-02-19T10:30:00.000000000,23031.254014,13126.429824,2569.994632
2022-02-19T10:45:00.000000000,23040.688884,13390.331217,-288.772895
2022-02-19T11:00:00.000000000,22780.752955,13499.897619,-3142.635926
2022-02-19T11:15:00.000000000,22237.476743,13490.458528,-5943.063157
2022-02-19T11:30:00.000000000,21405.22349,13400.104126,-8642.580194
2022-02-19T11:45:00.000000000,20286.991232,13268.072102,-11195.53853
2022-02-19T12:00:00.000000000,18894.400112,13133.107323,-13558.847161
2022-02-19T12:15:00.000000000,17247.367303,13031.855167,-15692.657778
2022-02-19T12:30:00.000000000,15373.482852,12997.347378,-17560.995419
2022-02-19T12:45:00.000000000,13307.110006,13057.63551,-19132.327343
2022-02-19T13:00:00.000000000,11088.242931,13234.62145,-20380.063673
2022-02-19T13:15:00.000000000,8761.16295,13543.12745,-21282.984015
2022-02-19T13:30:00.000000000,6372.941242,13990.239727,-21825.584834
2022-02-19T13:45:00.000000000,3971.841237,14574.95027,-21998.34295
2022-02-19T14:00:00.000000000,1605.677644,15288.111214,-21797.89095
2022-02-19T14:15:00.000000000,-679.809135,16112.705337,-21227.10092
2022-02-19T14:30:00.000000000,-2842.50443,17024.42517,-20295.073461
2022-02-19T14:45:00.000000000,-4845.339686,17992.54211,-19017.029729
2022-02-19T15:00:00.000000000,-6657.528795,18981.03626,-17414.105162
2022-02-19T15:15:00.000000000,-8255.573143,19949.947692,-15513.044661
2022-02-19T15:30:00.000000000,-9623.995693,20856.900864,-13345.800452
2022-02-19T15:45:00.000000000,-10755.773744,21658.746425,-10949.035463
2022-02-19T16:00:00.000000000,-11652.450755,22313.258884,-8363.536926
2022-02-19T16:15:00.000000000,-12323.919478,22780.825047,-5633.54708
2022-02-19T16:30:00.000000000,-12787.881333,23026.056914,-2806.020031
2022-02-19T16:45:00.000000000,-13068.999924,23019.264225,70.183894
2022-02-19T17:00:00.000000000,-13197.779217,22737.726015,2945.15269
2022-02-19T17:15:00.000000000,-13209.208829,22166.707508,5768.810562
2022-02-19T17:30:00.000000000,-13141.229181,21300.177991,8491.82182
2022-02-19T17:45:00.000000000,-13033.077773,20141.197056,11066.492197
2022-02-19T18:00:00.000000000,-12923.583746,18701.95021,13447.648341
2022-02-19T18:15:00.000000000,-12849.48091,17003.429226,15593.476102
2022-02-19T18:30:00.000000000,-12843.809299,15074.767802,17466.298759
2022-02-19T18:45:00.000000000,-12934.47207,12952.257856,19033.277626
2022-02-19T19:00:00.000000000,-13143.008191,10678.08555,20267.019282
2022-02-19T19:15:00.000000000,-13483.632185,8298.838229,21146.07605
2022-02-19T19:30:00.000000000,-13962.5807,5863.843171,21655.329186
2022-02-19T19:45:00.000000000,-14577.792403,3423.405938,21786.247358
2022-02-19T20:00:00.000000000,-15318.933309,1027.020029,21537.016261
2022-02-19T20:15:00.000000000,-16167.764939,-1278.379971,20912.538512
2022-02-19T20:30:00.000000000,-17098.838241,-3450.052131,19924.306191
2022-02-19T20:45:00.000000000,-18080.482843,-5450.903742,18590.151307
2022-02-19T21:00:00.000000000,-19076.049349,-7250.714951,16933.882129
2022-02-19T21:15:00.000000000,-20045.352723,-8827.084063,14984.815552
2022-02-19T21:30:00.000000000,-20946.257434,-10166.061105,12777.217441
2022-02-19T21:45:00.000000000,-21736.340447,-11262.449319,10349.664268
2022-02-19T22:00:00.000000000,-22374.566208,-12119.767721,7744.340163
2022-02-19T22:15:00.000000000,-22822.908539,-12749.881138,5006.284
2022-02-19T22:30:00.000000000,-23047.857656,-13172.316829,2182.601151
2022-02-19T22:45:00.000000000,-23021.756058,-13413.298268,-678.345798
2022-02-19T23:00:00.000000000,-22723.91453,-13504.536627,-3527.753567
2022-02-19T23:15:00.000000000,-22141.468552,-13481.828716,-6317.189028
2022-02-19T23:30:00.000000000,-21269.945545,-13383.516261,-8999.382348
2022-02-19T23:45:00.000000000,-20113.52439,-13248.865476,-11528.99143
2022-02-18T00:00:00.000000000,-19493.627457,-13186.879837,-12620.881124
2022-02-18T00:15:00.000000000,-17947.449026,-13067.5685,-14852.86677
2022-02-18T00:30:00.000000000,-16162.292338,-13002.048952,-16833.542239
2022-02-18T00:45:00.000000000,-14169.882733,-13020.559181,-18529.499714
2022-02-18T01:00:00.000000000,-12008.069159,-13147.637937,-19912.07882
2022-02-18T01:15:00.000000000,-9719.557171,-13401.092434,-20957.823978
2022-02-18T01:30:00.000000000,-7350.46812,-13791.226827,-21648.864593
2022-02-18T01:45:00.000000000,-4948.77579,-14320.360035,-21973.21319
2022-02-18T02:00:00.000000000,-2562.676157,-14982.651536,-21924.977149
2022-02-18T02:15:00.000000000,-238.948454,-15764.243158,-21504.480168
2022-02-18T02:30:00.000000000,1978.633473,-16643.713877,-20718.290201
2022-02-18T02:45:00.000000000,4050.781605,-17592.833504,-19579.151261
2022-02-18T03:00:00.000000000,5944.011202,-18577.590305,-18105.817362
2022-02-18T03:15:00.000000000,7631.745453,-19559.45721,-16322.78786
2022-02-18T03:30:00.000000000,9095.164324,-20496.851868,-14259.944825
2022-02-18T03:45:00.000000000,10323.763292,-21346.73765,-11952.09455
2022-02-18T04:00:00.000000000,11315.597776,-22066.30618,-9438.41714
2022-02-18T04:15:00.000000000,12077.200562,-22614.67751,-6761.830139
2022-02-18T04:30:00.000000000,12623.171924,-22954.551785,-3968.274343
2022-02-18T04:45:00.000000000,12975.455027,-23053.746692,-1105.9322
2022-02-18T05:00:00.000000000,13162.322051,-22886.557995,1775.608491
2022-02-18T05:15:00.000000000,13217.108727,-22434.886293,4626.230797
2022-02-18T05:30:00.000000000,13176.746105,-21689.081634,7396.18817
2022-02-18T05:45:00.000000000,13080.147525,-20648.468258,10037.009057
2022-02-18T06:00:00.000000000,12966.51595,-19321.52479,12502.38764
2022-02-18T06:15:00.000000000,12873.640899,-17725.709238,14749.041238
2022-02-18T06:30:00.000000000,12836.255533,-15886.93317,16737.515253
2022-02-18T06:45:00.000000000,12884.522381,-13838.704458,18432.917483
2022-02-18T07:00:00.000000000,13042.711135,-11620.972199,19805.565248
2022-02-18T07:15:00.000000000,13328.123827,-9278.720335,20831.530912
2022-02-18T07:30:00.000000000,13750.31211,-6860.367211,21493.074071
2022-02-18T07:45:00.000000000,14310.618741,-4416.036378,21778.951687
2022-02-18T08:00:00.000000000,15002.061344,-1995.769171,21684.600639
2022-02-18T08:15:00.000000000,15809.561844,352.248584,21212.190531
2022-02-18T08:30:00.000000000,16710.510353,2583.374683,20370.547789
2022-02-18T08:45:00.000000000,17675.638356,4658.046779,19174.955181
2022-02-18T09:00:00.000000000,18670.163546,6543.107323,17646.833657
2022-02-18T09:15:00.000000000,19655.157993,8212.867332,15813.315793
2022-02-18T09:30:00.000000000,20589.083035,9649.870495,13706.722139
2022-02-18T09:45:00.000000000,21429.428501,10845.331892,11363.953257
2022-02-18T10:00:00.000000000,22134.390883,11799.238909,8825.811314
2022-02-18T10:15:00.000000000,22664.524698,12520.115408,6136.265697
2022-02-18T10:30:00.000000000,22984.30366,13024.463181,3341.677327
2022-02-18T10:45:00.000000000,23063.532833,13335.906772,489.996155
2022-02-18T11:00:00.000000000,22878.559778,13484.07831,-2370.054125
2022-02-18T11:15:00.000000000,22413.241092,13503.28803,-5189.790828
2022-02-18T11:30:00.000000000,21659.630549,13431.03312,-7921.374122
2022-02-18T11:45:00.000000000,20618.365704,13306.402438,-10518.584479
2022-02-18T12:00:00.000000000,19298.741025,13168.437463,-12937.565414
2022-02-18T12:15:00.000000000,17718.466874,13054.510489,-15137.522137
2022-02-18T12:30:00.000000000,15903.124739,12998.779637,-17081.367761
2022-02-18T12:45:00.000000000,13885.339577,13030.776979,-18736.309599
2022-02-18T13:00:00.000000000,11703.699739,13174.180914,-20074.368921
2022-02-18T13:15:00.000000000,9401.463498,13445.817313,-21072.828167
2022-02-18T13:30:00.000000000,7025.098435,13854.925848,-21714.600296
2022-02-18T13:45:00.000000000,4622.705595,14402.718828,-21988.515463
2022-02-18T14:00:00.000000000,2242.384569,15082.249731,-21889.52071
2022-02-18T14:15:00.000000000,-69.402107,15878.597984,-21418.788907
2022-02-18T14:30:00.000000000,-2269.40627,16769.36549,-20583.733761
2022-02-18T14:45:00.000000000,-4319.055565,17725.469287,-19397.928384
2022-02-18T15:00:00.000000000,-6185.744777,18712.203934,-17880.92583
2022-02-18T15:15:00.000000000,-7843.908051,19690.536924,-16057.981044
2022-02-18T15:30:00.000000000,-9275.830106,20618.591216,-13959.675013
2022-02-18T15:45:00.000000000,-10472.163392,21453.260956,-11621.443488
2022-02-18T16:00:00.000000000,-11432.128527,22151.900278,-9083.014467
2022-02-18T16:15:00.000000000,-12163.386925,22674.020804,-6387.760689
2022-02-18T16:30:00.000000000,-12681.587061,22982.931622,-3581.975591
2022-02-18T16:45:00.000000000,-13009.598737,23047.256271,-714.083452
2022-02-18T17:00:00.000000000,-13176.462482,22842.264671,2166.203289
2022-02-18T17:15:00.000000000,-13216.093391,22350.964128,5008.764466
2022-02-18T17:30:00.000000000,-13165.789578,21564.902395,7763.973512
2022-02-18T17:45:00.000000000,-13064.604338,20484.646644,10383.60135
2022-02-18T18:00:00.000000000,-12951.647903,19119.915623,12821.703751
2022-02-18T18:15:00.000000000,-12864.388432,17489.356285,15035.472728
2022-02-18T18:30:00.000000000,-12837.022633,15619.971383,16986.032904
2022-02-18T18:45:00.000000000,-12898.984053,13546.219372,18639.164895
2022-02-18T19:00:00.000000000,-13073.651498,11308.822115,19965.939384
2022-02-18T19:15:00.000000000,-13377.311596,8953.328506,20943.247823
2022-02-18T19:30:00.000000000,-13818.418625,6528.492506,21554.21843
2022-02-18T19:45:00.000000000,-14397.181838,4084.531807,21788.50918
2022-02-18T20:00:00.000000000,-15105.496401,1671.338078,21642.472725
2022-02-18T20:15:00.000000000,-15927.219319,-663.288817,21119.19152
2022-02-18T20:30:00.000000000,-16838.777174,-2875.312033,20228.384645
2022-02-18T20:45:00.000000000,-17810.078741,-4925.96849,18986.19083
2022-02-18T21:00:00.000000000,-18805.693225,-6783.06094,17414.834949
2022-02-18T21:15:00.000000000,-19786.244581,-8421.982919,15542.187558
2022-02-18T21:30:00.000000000,-20709.964326,-9826.439774,13401.229011
2022-02-18T21:45:00.000000000,-21534.339905,-10988.841832,11029.431119
2022-02-18T22:00:00.000000000,-22217.793023,-11910.359136,8468.070304
2022-02-18T22:15:00.000000000,-22721.322365,-12600.640613,5761.486782
2022-02-18T22:30:00.000000000,-23010.047796,-13077.21341,2956.304427
2022-02-18T22:45:00.000000000,-23054.598053,-13364.589981,100.625766
2022-02-18T23:00:00.000000000,-22832.290972,-13493.120948,-2756.783965
2022-02-18T23:15:00.000000000,-22328.06393,-13497.640428,-5567.310501
2022-02-18T23:30:00.000000000,-21535.122093,-13415.957271,-8283.289692
2022-02-18T23:45:00.000000000,-20455.282848,-13287.250263,-10858.780821
2022-02-19T00:00:00.000000000,-19099.006026,-13150.427865,-13250.303853
2022-02-19T00:15:00.000000000,-17485.110734,-13042.513414,-15417.531439
2022-02-19T00:30:00.000000000,-15640.190667,-12997.115036,-17323.927383
2022-02-19T00:45:00.000000000,-13597.75018,-13043.035953,-18937.324304
2022-02-19T01:00:00.000000000,-11397.092717,-13203.075526,-20230.433857
2022-02-19T01:15:00.000000000,-9082.001769,-13493.064498,-21181.283692
2022-02-19T01:30:00.000000000,-6699.261437,-13921.169723,-21773.575859
2022-02-19T01:45:00.000000000,-4297.069194,-14487.494327,-21996.961928
2022-02-19T02:00:00.000000000,-1923.397401,-15183.98911,-21847.230593
2022-02-19T02:15:00.000000000,375.637828,-15994.680234,-21326.404045
2022-02-19T02:30:00.000000000,2557.341538,-16896.207198,-20442.740022
2022-02-19T02:45:00.000000000,4583.881339,-17858.653982,-19210.637152
2022-02-19T03:00:00.000000000,6423.551709,-18846.645515,-17650.442094
2022-02-19T03:15:00.000000000,8051.813016,-19820.671452,-15788.158109
2022-02-19T03:30:00.000000000,9452.064477,-20738.590169,-13655.056046
2022-02-19T03:45:00.000000000,10616.119329,-21557.258091,-11287.190351
2022-02-19T04:00:00.000000000,11544.36105,-22234.223537,-8724.824547
2022-02-19T04:15:00.000000000,12245.571223,-22729.420308,-6011.772751
2022-02-19T04:30:00.000000000,12736.432202,-23006.794733,-3194.665983
2022-02-19T04:45:00.000000000,13040.72074,-23035.801005,-322.154292
2022-02-19T05:00:00.000000000,13188.221396,-22792.703438,2555.941999
2022-02-19T05:15:00.000000000,13213.40062,-22261.630846,5389.51659
2022-02-19T05:30:00.000000000,13153.892998,-21435.337338,8129.07999
2022-02-19T05:45:00.000000000,13048.859846,-20315.635132,10726.662288
2022-02-19T06:00:00.000000000,12937.286726,-18913.478503,13136.696751
2022-02-19T06:15:00.000000000,12856.289787,-17248.692223,15316.864837
2022-02-19T06:30:00.000000000,12839.501231,-15349.352969,17228.883663
2022-02-19T06:45:00.000000000,12915.601326,-13250.847098,18839.218149
2022-02-19T07:00:00.000000000,13107.058455,-10994.642055,20119.701804
2022-02-19T07:15:00.000000000,13429.129886,-8626.821112,21048.052433
2022-02-19T07:30:00.000000000,13889.164683,-6196.441135,21608.271811
2022-02-19T07:45:00.000000000,14486.237185,-3753.780433,21790.921475
2022-02-19T08:00:00.000000000,15211.125128,-1348.548037,21593.270019
2022-02-19T08:15:00.000000000,16046.631824,971.873285,21019.310603
2022-02-19T08:30:00.000000000,16968.237251,3164.080108,20079.650601
2022-02-19T08:45:00.000000000,17945.04936,5190.132559,18791.278288
2022-02-19T09:00:00.000000000,18941.014823,7018.812609,17177.214175
2022-02-19T09:15:00.000000000,19916.338424,8626.609546,15266.056854
2022-02-19T09:30:00.000000000,20829.052633,9998.397491,13091.43511
2022-02-19T09:45:00.000000000,21636.673903,11127.782816,10691.379443
2022-02-19T10:00:00.000000000,22297.87994,12017.112768,8107.627021
2022-02-19T10:15:00.000000000,22774.142596,12677.149906,5384.874688
2022-02-19T10:30:00.000000000,23031.254014,13126.429824,2569.994632
2022-02-19T10:45:00.000000000,23040.688884,13390.331217,-288.772895
2022-02-19T11:00:00.000000000,22780.752955,13499.897619,-3142.635926
2022-02-19T11:15:00.000000000,22237.476743,13490.458528,-5943.063157
2022-02-19T11:30:00.000000000,21405.22349,13400.104126,-8642.580194
2022-02-19T11:45:00.000000000,20286.991232,13268.072102,-11195.53853
2022-02-19T12:00:00.000000000,18894.400112,13133.107323,-13558.847161
2022-02-19T12:15:00.000000000,17247.367303,13031.855167,-15692.657778
2022-02-19T12:30:00.000000000,15373.482852,12997.347378,-17560.995419
2022-02-19T12:45:00.000000000,13307.110006,13057.63551,-19132.327343
2022-02-19T13:00:00.000000000,11088.242931,13234.62145,-20380.063673
2022-02-19T13:15:00.000000000,8761.16295,13543.12745,-21282.984015
2022-02-19T13:30:00.000000000,6372.941242,13990.239727,-21825.584834
2022-02-19T13:45:00.000000000,3971.841237,14574.95027,-21998.34295
2022-02-19T14:00:00.000000000,1605.677644,15288.111214,-21797.89095
2022-02-19T14:15:00.000000000,-679.809135,16112.705337,-21227.10092
2022-02-19T14:30:00.000000000,-2842.50443,17024.42517,-20295.073461
2022-02-19T14:45:00.000000000,-4845.339686,17992.54211,-19017.029729
2022-02-19T15:00:00.000000000,-6657.528795,18981.03626,-17414.105162
2022-02-19T15:15:00.000000000,-8255.573143,19949.947692,-15513.044661
2022-02-19T15:30:00.000000000,-9623.995693,20856.900864,-13345.800452
2022-02-19T15:45:00.000000000,-10755.773744,21658.746425,-10949.035463
2022-02-19T16:00:00.000000000,-11652.450755,22313.258884,-8363.536926
2022-02-19T16:15:00.000000000,-12323.919478,22780.825047,-5633.54708
2022-02-19T16:30:00.000000000,-12787.881333,23026.056914,-2806.020031
2022-02-19T16:45:00.000000000,-13068.999924,23019.264225,70.183894
2022-02-19T17:00:00.000000000,-13197.779217,22737.726015,2945.15269
2022-02-19T17:15:00.000000000,-13209.208829,22166.707508,5768.810562
2022-02-19T17:30:00.000000000,-13141.229181,21300.177991,8491.82182
2022-02-19T17:45:00.000000000,-13033.077773,20141.197056,11066.492197
2022-02-19T18:00:00.000000000,-12923.583746,18701.95021,13447.648341
2022-02-19T18:15:00.000000000,-12849.48091,17003.429226,15593.476102
2022-02-19T18:30:00.000000000,-12843.809299,15074.767802,17466.298759
2022-02-19T18:45:00.000000000,-12934.47207,12952.257856,19033.277626
2022-02-19T19:00:00.000000000,-13143.008191,10678.08555,20267.019282
2022-02-19T19:15:00.000000000,-13483.632185,8298.838229,21146.07605
2022-02-19T19:30:00.000000000,-13962.5807,5863.843171,21655.329186
2022-02-19T19:45:00.000000000,-14577.792403,3423.405938,21786.247358
2022-02-19T20:00:00.000000000,-15318.933309,1027.020029,21537.016261
2022-02-19T20:15:00.000000000,-16167.764939,-1278.379971,20912.538512
2022-02-19T20:30:00.000000000,-17098.838241,-3450.052131,19924.306191
2022-02-19T20:45:00.000000000,-18080.482843,-5450.903742,18590.151307
2022-02-19T21:00:00.000000000,-19076.049349,-7250.714951,16933.882129
2022-02-19T21:15:00.000000000,-20045.352723,-8827.084063,14984.815552
2022-02-19T21:30:00.000000000,-20946.257434,-10166.061105,12777.217441
2022-02-19T21:45:00.000000000,-21736.340447,-11262.449319,10349.664268
2022-02-19T22:00:00.000000000,-22374.566208,-12119.767721,7744.340163
2022-02-19T22:15:00.000000000,-22822.908539,-12749.881138,5006.284
2022-02-19T22:30:00.000000000,-23047.857656,-13172.316829,2182.601151
2022-02-19T22:45:00.000000000,-23021.756058,-13413.298268,-678.345798
2022-02-19T23:00:00.000000000,-22723.91453,-13504.536627,-3527.753567
2022-02-19T23:15:00.000000000,-22141.468552,-13481.828716,-6317.189028
2022-02-19T23:30:00.000000000,-21269.945545,-13383.516261,-8999.382348
2022-02-19T23:45:00.000000000,-20113.52439,-13248.865476,-11528.99143
