2022-02-19T00:00:00.000000000,18702.288047,-6396.621708,17586.034447
2022-02-19T00:15:00.000000000,17689.826675,-4527.969256,19145.661217
2022-02-19T00:30:00.000000000,16703.307332,-2468.489966,20371.988254
2022-02-19T00:45:00.000000000,15778.693148,-251.005545,21243.77185
2022-02-19T01:00:00.000000000,14946.441215,2085.244575,21746.01942
2022-02-19T01:15:00.000000000,14230.337818,4495.943369,21870.246066
2022-02-19T01:30:00.000000000,13646.613127,6933.236429,21614.609001
2022-02-19T01:45:00.000000000,13203.369568,9347.410775,20983.918444
2022-02-19T02:00:00.000000000,12900.344969,11688.645506,19989.526289
2022-02-19T02:15:00.000000000,12729.017781,13908.765224,18649.096516
2022-02-19T02:30:00.000000000,12673.0477,15962.92765,16986.263602
2022-02-19T02:45:00.000000000,12709.031636,17811.180172,15030.187381
2022-02-19T03:00:00.000000000,12807.5426,19419.825997,12815.014539
2022-02-19T03:15:00.000000000,12934.408224,20762.548783,10379.258431
2022-02-19T03:30:00.000000000,13052.176812,21821.254635,7765.110009
2022-02-19T03:45:00.000000000,13121.712118,22586.60187,5017.693412
2022-02-19T04:00:00.000000000,13103.853869,23058.201293,2184.280198
2022-02-19T04:15:00.000000000,12961.079331,23244.482522,-686.523653
2022-02-19T04:30:00.000000000,12659.102011,23162.234554,-3545.604024
2022-02-19T04:45:00.000000000,12168.346722,22835.840866,-6344.164688
2022-02-19T05:00:00.000000000,11465.245607,22296.24046,-9034.540061
2022-02-19T05:15:00.000000000,10533.306919,21579.655973,-11570.98248
2022-02-19T05:30:00.000000000,9363.917205,20726.138095,-13910.412603
2022-02-19T05:45:00.000000000,7956.847635,19777.981703,-16013.122406
2022-02-19T06:00:00.000000000,6320.446146,18778.073318,-17843.42126
2022-02-19T06:15:00.000000000,4471.508499,17768.231531,-19370.216438
2022-02-19T06:30:00.000000000,2434.832962,16787.601927,-20567.520364
2022-02-19T06:45:00.000000000,242.474593,15871.165896,-21414.877792
2022-02-19T07:00:00.000000000,-2067.27417,15048.418469,-21897.707027
2022-02-19T07:15:00.000000000,-4451.140047,14342.264276,-22007.55012
2022-02-19T07:30:00.000000000,-6862.317449,13768.172991,-21742.227914
2022-02-19T07:45:00.000000000,-9252.056748,13333.626379,-21105.896729
2022-02-19T08:00:00.000000000,-11571.334568,13037.878727,-20109.004487
2022-02-19T08:15:00.000000000,-13772.544907,12872.041099,-18768.145214
2022-02-19T08:30:00.000000000,-15811.14851,12819.488051,-17105.81209
2022-02-19T08:45:00.000000000,-17647.218614,12856.573431,-15150.050621
2022-02-19T09:00:00.000000000,-19246.824288,12953.630092,-12934.015088
2022-02-19T09:15:00.000000000,-20583.197821,13076.217204,-10495.433114
2022-02-19T09:30:00.000000000,-21637.639988,13186.568859,-7875.985035
2022-02-19T09:45:00.000000000,-22400.126451,13245.189076,-5120.606681
2022-02-19T10:00:00.000000000,-22869.589544,13212.531766,-2276.726064
2022-02-19T10:15:00.000000000,-23053.862093,13050.699901,606.55361
2022-02-19T10:30:00.000000000,-22969.283122,12725.096356,3479.310518
2022-02-19T10:45:00.000000000,-22639.978863,12205.959887,6291.684836
2022-02-19T11:00:00.000000000,-22096.845737,11469.723537,8994.76664
2022-02-19T11:15:00.000000000,-21376.274439,10500.139201,11541.473663
2022-02-19T11:30:00.000000000,-20518.665205,9289.121162,13887.401223
2022-02-19T11:45:00.000000000,-19566.793321,7837.272565,15991.626783
2022-02-19T12:00:00.000000000,-18564.09048,6154.071669,17817.452487
2022-02-19T12:15:00.000000000,-17552.91132,4257.708648,19333.070177
2022-02-19T12:30:00.000000000,-16572.855238,2174.578227,20512.135162
2022-02-19T12:45:00.000000000,-15659.211284,-61.552377,21334.237083
2022-02-19T13:00:00.000000000,-14841.588719,-2410.667278,21785.258695
2022-02-19T13:15:00.000000000,-14142.787934,-4827.872679,21857.615964
2022-02-19T13:30:00.000000000,-13577.956219,-7264.959718,21550.375682
2022-02-19T13:45:00.000000000,-13154.060864,-9672.097066,20869.249575
2022-02-19T14:00:00.000000000,-12869.698861,-11999.586034,19826.466599
2022-02-19T14:15:00.000000000,-12715.248569,-14199.609,18440.527665
2022-02-19T14:30:00.000000000,-12673.354816,-16227.902902,16735.84942
2022-02-19T14:45:00.000000000,-12719.725635,-18045.293151,14742.305742
2022-02-19T15:00:00.000000000,-12824.206597,-19619.029664,12494.677383
2022-02-19T15:15:00.000000000,-12952.088168,-20923.875139,10032.021606
2022-02-19T15:30:00.000000000,-13065.5929,-21942.905946,7396.974729
2022-02-19T15:45:00.000000000,-13125.482969,-22667.997681,4635.001228
2022-02-19T16:00:00.000000000,-13092.72466,-23099.97987,1793.603381
2022-02-19T16:15:00.000000000,-12930.145088,-23248.457078,-1078.494392
2022-02-19T16:30:00.000000000,-12604.017509,-23131.306324,-3932.172596
2022-02-19T16:45:00.000000000,-12085.515078,-22773.872688,-6718.741662
2022-02-19T17:00:00.000000000,-11351.9785,-22207.895915,-9390.751944
2022-02-19T17:15:00.000000000,-10387.950533,-21470.210372,-11902.776626
2022-02-19T17:30:00.000000000,-9185.939256,-20601.268557,-14212.156246
2022-02-19T17:45:00.000000000,-7746.882335,-19643.544261,-16279.694451
2022-02-19T18:00:00.000000000,-6080.29548,-18639.875404,-18070.295591
2022-02-19T18:15:00.000000000,-4204.099792,-17631.808297,-19553.535636
2022-02-19T18:30:00.000000000,-2144.134251,-16658.004698,-20704.158844
2022-02-19T18:45:00.000000000,66.629143,-15752.770563,-21502.493529
2022-02-19T19:00:00.000000000,2389.139486,-14944.760935,-21934.781125
2022-02-19T19:15:00.000000000,4779.552536,-14255.909085,-21993.413612
2022-02-19T19:30:00.000000000,7190.701516,-13700.620094,-21677.075324
2022-02-19T19:45:00.000000000,9573.700078,-13285.259649,-20990.786022
2022-02-19T20:00:00.000000000,11879.619088,-13007.958315,-19945.843206
2022-02-19T20:15:00.000000000,14061.175751,-12858.74016,-18559.662744
2022-02-19T20:30:00.000000000,16074.372454,-12819.972711,-16855.51816
2022-02-19T20:45:00.000000000,17880.023715,-12867.123247,-14862.180383
2022-02-19T21:00:00.000000000,19445.113068,-12969.794686,-12613.461322
2022-02-19T21:15:00.000000000,20743.927202,-13093.003303,-10147.666343
2022-02-19T21:30:00.000000000,21758.922356,-13198.650714,-7506.962622
2022-02-19T21:45:00.000000000,22481.287645,-13247.134203,-4736.67223
2022-02-19T22:00:00.000000000,22911.1812,-13199.03324,-1884.500718
2022-02-19T22:15:00.000000000,23057.627521,-13016.806008,1000.286139
2022-02-19T22:30:00.000000000,22938.077756,-12666.42841,3867.723134
2022-02-19T22:45:00.000000000,22577.648165,-12118.909367,6668.028219
2022-02-19T23:00:00.000000000,22008.065204,-11351.620415,9352.490036
2022-02-19T23:15:00.000000000,21266.357936,-10349.384449,11874.342886
2022-02-19T23:30:00.000000000,20393.349236,-9105.27783,14189.611444
2022-02-19T23:45:00.000000000,19432.005859,-7621.111481,16257.907796
2022-02-19T00:00:00.000000000,18702.288047,-6396.621708,17586.034447
2022-02-19T00:15:00.000000000,17689.826675,-4527.969256,19145.661217
2022-02-19T00:30:00.000000000,16703.307332,-2468.489966,20371.988254
2022-02-19T00:45:00.000000000,15778.693148,-251.005545,21243.77185
2022-02-19T01:00:00.000000000,14946.441215,2085.244575,21746.01942
2022-02-19T01:15:00.000000000,14230.337818,4495.943369,21870.246066
2022-02-19T01:30:00.000000000,13646.613127,6933.236429,21614.609001
2022-02-19T01:45:00.000000000,13203.369568,9347.410775,20983.918444
2022-02-19T02:00:00.000000000,12900.344969,11688.645506,19989.526289
2022-02-19T02:15:00.000000000,12729.017781,13908.765224,18649.096516
2022-02-19T02:30:00.000000000,12673.0477,15962.92765,16986.263602
2022-02-19T02:45:00.000000000,12709.031636,17811.180172,15030.187381
2022-02-19T03:00:00.000000000,12807.5426,19419.825997,12815.014539
2022-02-19T03:15:00.000000000,12934.408224,20762.548783,10379.258431
2022-02-19T03:30:00.000000000,13052.176812,21821.254635,7765.110009
2022-02-19T03:45:00.000000000,13121.712118,22586.60187,5017.693412
2022-02-19T04:00:00.000000000,13103.853869,23058.201293,2184.280198
2022-02-19T04:15:00.000000000,12961.079331,23244.482522,-686.523653
2022-02-19T04:30:00.000000000,12659.102011,23162.234554,-3545.604024
2022-02-19T04:45:00.000000000,12168.346722,22835.840866,-6344.164688
2022-02-19T05:00:00.000000000,11465.245607,22296.24046,-9034.540061
2022-02-19T05:15:00.000000000,10533.306919,21579.655973,-11570.98248
2022-02-19T05:30:00.000000000,9363.917205,20726.138095,-13910.412603
2022-02-19T05:45:00.000000000,7956.847635,19777.981703,-16013.122406
2022-02-19T06:00:00.000000000,6320.446146,18778.073318,-17843.42126
2022-02-19T06:15:00.000000000,4471.508499,17768.231531,-19370.216438
2022-02-19T06:30:00.000000000,2434.832962,16787.601927,-20567.520364
2022-02-19T06:45:00.000000000,242.474593,15871.165896,-21414.877792
2022-02-19T07:00:00.000000000,-2067.27417,15048.418469,-21897.707027
2022-02-19T07:15:00.000000000,-4451.140047,14342.264276,-22007.55012
2022-02-19T07:30:00.000000000,-6862.317449,13768.172991,-21742.227914
2022-02-19T07:45:00.000000000,-9252.056748,13333.626379,-21105.896729
2022-02-19T08:00:00.000000000,-11571.334568,13037.878727,-20109.004487
2022-02-19T08:15:00.000000000,-13772.544907,12872.041099,-18768.145214
2022-02-19T08:30:00.000000000,-15811.14851,12819.488051,-17105.81209
2022-02-19T08:45:00.000000000,-17647.218614,12856.573431,-15150.050621
2022-02-19T09:00:00.000000000,-19246.824288,12953.630092,-12934.015088
2022-02-19T09:15:00.000000000,-20583.197821,13076.217204,-10495.433114
2022-02-19T09:30:00.000000000,-21637.639988,13186.568859,-7875.985035
2022-02-19T09:45:00.000000000,-22400.126451,13245.189076,-5120.606681
2022-02-19T10:00:00.000000000,-22869.589544,13212.531766,-2276.726064
2022-02-19T10:15:00.000000000,-23053.862093,13050.699901,606.55361
2022-02-19T10:30:00.000000000,-22969.283122,12725.096356,3479.310518
2022-02-19T10:45:00.000000000,-22639.978863,12205.959887,6291.684836
2022-02-19T11:00:00.000000000,-22096.845737,11469.723537,8994.76664
2022-02-19T11:15:00.000000000,-21376.274439,10500.139201,11541.473663
2022-02-19T11:30:00.000000000,-20518.665205,9289.121162,13887.401223
2022-02-19T11:45:00.000000000,-19566.793321,7837.272565,15991.626783
2022-02-19T12:00:00.000000000,-18564.09048,6154.071669,17817.452487
2022-02-19T12:15:00.000000000,-17552.91132,4257.708648,19333.070177
2022-02-19T12:30:00.000000000,-16572.855238,2174.578227,20512.135162
2022-02-19T12:45:00.000000000,-15659.211284,-61.552377,21334.237083
2022-02-19T13:00:00.000000000,-14841.588719,-2410.667278,21785.258695
2022-02-19T13:15:00.000000000,-14142.787934,-4827.872679,21857.615964
2022-02-19T13:30:00.000000000,-13577.956219,-7264.959718,21550.375682
2022-02-19T13:45:00.000000000,-13154.060864,-9672.097066,20869.249575
2022-02-19T14:00:00.000000000,-12869.698861,-11999.586034,19826.466599
2022-02-19T14:15:00.000000000,-12715.248569,-14199.609,18440.527665
2022-02-19T14:30:00.000000000,-12673.354816,-16227.902902,16735.84942
2022-02-19T14:45:00.000000000,-12719.725635,-18045.293151,14742.305742
2022-02-19T15:00:00.000000000,-12824.206597,-19619.029664,12494.677383
2022-02-19T15:15:00.000000000,-12952.088168,-20923.875139,10032.021606
2022-02-19T15:30:00.000000000,-13065.5929,-21942.905946,7396.974729
2022-02-19T15:45:00.000000000,-13125.482969,-22667.997681,4635.001228
2022-02-19T16:00:00.000000000,-13092.72466,-23099.97987,1793.603381
2022-02-19T16:15:00.000000000,-12930.145088,-23248.457078,-1078.494392
2022-02-19T16:30:00.000000000,-12604.017509,-23131.306324,-3932.172596
2022-02-19T16:45:00.000000000,-12085.515078,-22773.872688,-6718.741662
2022-02-19T17:00:00.000000000,-11351.9785,-22207.895915,-9390.751944
2022-02-19T17:15:00.000000000,-10387.950533,-21470.210372,-11902.776626
2022-02-19T17:30:00.000000000,-9185.939256,-20601.268557,-14212.156246
2022-02-19T17:45:00.000000000,-7746.882335,-19643.544261,-16279.694451
2022-02-19T18:00:00.000000000,-6080.29548,-18639.875404,-18070.295591
2022-02-19T18:15:00.000000000,-4204.099792,-17631.808297,-19553.535636
2022-02-19T18:30:00.000000000,-2144.134251,-16658.004698,-20704.158844
2022-02-19T18:45:00.000000000,66.629143,-15752.770563,-21502.493529
2022-02-19T19:00:00.000000000,2389.139486,-14944.760935,-21934.781125
2022-02-19T19:15:00.000000000,4779.552536,-14255.909085,-21993.413612
2022-02-19T19:30:00.000000000,7190.701516,-13700.620094,-21677.075324
2022-02-19T19:45:00.000000000,9573.700078,-13285.259649,-20990.786022
2022-02-19T20:00:00.000000000,11879.619088,-13007.958315,-19945.843206
2022-02-19T20:15:00.000000000,14061.175751,-12858.74016,-18559.662744
2022-02-19T20:30:00.000000000,16074.372454,-12819.972711,-16855.51816
2022-02-19T20:45:00.000000000,17880.023715,-12867.123247,-14862.180383
2022-02-19T21:00:00.000000000,19445.113068,-12969.794686,-12613.461322
2022-02-19T21:15:00.000000000,20743.927202,-13093.003303,-10147.666343
2022-02-19T21:30:00.000000000,21758.922356,-13198.650714,-7506.962622
2022-02-19T21:45:00.000000000,22481.287645,-13247.134203,-4736.67223
2022-02-19T22:00:00.000000000,22911.1812,-13199.03324,-1884.500718
2022-02-19T22:15:00.000000000,23057.627521,-13016.806008,1000.286139
2022-02-19T22:30:00.000000000,22938.077756,-12666.42841,3867.723134
2022-02-19T22:45:00.000000000,22577.648165,-12118.909367,6668.028219
2022-02-19T23:00:00.000000000,22008.065204,-11351.620415,9352.490036
2022-02-19T23:15:00.000000000,21266.357936,-10349.384449,11874.342886
2022-02-19T23:30:00.000000000,20393.349236,-9105.27783,14189.611444
2022-02-19T23:45:00.000000000,19432.005859,-7621.111481,16257.907796
2022-02-19T00:00:00.000000000,18702.288047,-6396.621708,17586.034447
2022-02-19T00:15:00.000000000,17689.826675,-4527.969256,19145.661217
2022-02-19T00:30:00.000000000,16703.307332,-2468.489966,20371.988254
2022-02-19T00:45:00.000000000,15778.693148,-251.005545,21243.77185
2022-02-19T01:00:00.000000000,14946.441215,2085.244575,21746.01942
2022-02-19T01:15:00.000000000,14230.337818,4495.943369,21870.246066
2022-02-19T01:30:00.000000000,13646.613127,6933.236429,21614.609001
2022-02-19T01:45:00.000000000,13203.369568,9347.410775,20983.918444
2022-02-19T02:00:00.000000000,12900.344969,11688.645506,19989.526289
2022-02-19T02:15:00.000000000,12729.017781,13908.765224,18649.096516
2022-02-19T02:30:00.000000000,12673.0477,15962.92765,16986.263602
2022-02-19T02:45:00.000000000,12709.031636,17811.180172,15030.187381
2022-02-19T03:00:00.000000000,12807.5426,19419.825997,12815.014539
2022-02-19T03:15:00.000000000,12934.408224,20762.548783,10379.258431
2022-02-19T03:30:00.000000000,13052.176812,21821.254635,7765.110009
2022-02-19T03:45:00.000000000,13121.712118,22586.60187,5017.693412
2022-02-19T04:00:00.000000000,13103.853869,23058.201293,2184.280198
2022-02-19T04:15:00.000000000,12961.079331,23244.482522,-686.523653
2022-02-19T04:30:00.000000000,12659.102011,23162.234554,-3545.604024
2022-02-19T04:45:00.000000000,12168.346722,22835.840866,-6344.164688
2022-02-19T05:00:00.000000000,11465.245607,22296.24046,-9034.540061
2022-02-19T05:15:00.000000000,10533.306919,21579.655973,-11570.98248
2022-02-19T05:30:00.000000000,9363.917205,20726.138095,-13910.412603
2022-02-19T05:45:00.000000000,7956.847635,19777.981703,-16013.122406
2022-02-19T06:00:00.000000000,6320.446146,18778.073318,-17843.42126
2022-02-19T06:15:00.000000000,4471.508499,17768.231531,-19370.216438
2022-02-19T06:30:00.000000000,2434.832962,16787.601927,-20567.520364
2022-02-19T06:45:00.000000000,242.474593,15871.165896,-21414.877792
2022-02-19T07:00:00.000000000,-2067.27417,15048.418469,-21897.707027
2022-02-19T07:15:00.000000000,-4451.140047,14342.264276,-22007.55012
2022-02-19T07:30:00.000000000,-6862.317449,13768.172991,-21742.227914
2022-02-19T07:45:00.000000000,-9252.056748,13333.626379,-21105.896729
2022-02-19T08:00:00.000000000,-11571.334568,13037.878727,-20109.004487
2022-02-19T08:15:00.000000000,-13772.544907,12872.041099,-18768.145214
2022-02-19T08:30:00.000000000,-15811.14851,12819.488051,-17105.81209
2022-02-19T08:45:00.000000000,-17647.218614,12856.573431,-15150.050621
2022-02-19T09:00:00.000000000,-19246.824288,12953.630092,-12934.015088
2022-02-19T09:15:00.000000000,-20583.197821,13076.217204,-10495.433114
2022-02-19T09:30:00.000000000,-21637.639988,13186.568859,-7875.985035
2022-02-19T09:45:00.000000000,-22400.126451,13245.189076,-5120.606681
2022-02-19T10:00:00.000000000,-22869.589544,13212.531766,-2276.726064
2022-02-19T10:15:00.000000000,-23053.862093,13050.699901,606.55361
2022-02-19T10:30:00.000000000,-22969.283122,12725.096356,3479.310518
2022-02-19T10:45:00.000000000,-22639.978863,12205.959887,6291.684836
2022-02-19T11:00:00.000000000,-22096.845737,11469.723537,8994.76664
2022-02-19T11:15:00.000000000,-21376.274439,10500.139201,11541.473663
2022-02-19T11:30:00.000000000,-20518.665205,9289.121162,13887.401223
2022-02-19T11:45:00.000000000,-19566.793321,7837.272565,15991.626783
2022-02-19T12:00:00.000000000,-18564.09048,6154.071669,17817.452487
2022-02-19T12:15:00.000000000,-17552.91132,4257.708648,19333.070177
2022-02-19T12:30:00.000000000,-16572.855238,2174.578227,20512.135162
2022-02-19T12:45:00.000000000,-15659.211284,-61.552377,21334.237083
2022-02-19T13:00:00.000000000,-14841.588719,-2410.667278,21785.258695
2022-02-19T13:15:00.000000000,-14142.787934,-4827.872679,21857.615964
2022-02-19T13:30:00.000000000,-13577.956219,-7264.959718,21550.375682
2022-02-19T13:45:00.000000000,-13154.060864,-9672.097066,20869.249575
2022-02-19T14:00:00.000000000,-12869.698861,-11999.586034,19826.466599
2022-02-19T14:15:00.000000000,-12715.248569,-14199.609,18440.527665
2022-02-19T14:30:00.000000000,-12673.354816,-16227.902902,16735.84942
2022-02-19T14:45:00.000000000,-12719.725635,-18045.293151,14742.305742
2022-02-19T15:00:00.000000000,-12824.206597,-19619.029664,12494.677383
2022-02-19T15:15:00.000000000,-12952.088168,-20923.875139,10032.021606
2022-02-19T15:30:00.000000000,-13065.5929,-21942.905946,7396.974729
2022-02-19T15:45:00.000000000,-13125.482969,-22667.997681,4635.001228
2022-02-19T16:00:00.000000000,-13092.72466,-23099.97987,1793.603381
2022-02-19T16:15:00.000000000,-12930.145088,-23248.457078,-1078.494392
2022-02-19T16:30:00.000000000,-12604.017509,-23131.306324,-3932.172596
2022-02-19T16:45:00.000000000,-12085.515078,-22773.872688,-6718.741662
2022-02-19T17:00:00.000000000,-11351.9785,-22207.895915,-9390.751944
2022-02-19T17:15:00.000000000,-10387.950533,-21470.210372,-11902.776626
2022-02-19T17:30:00.000000000,-9185.939256,-20601.268557,-14212.156246
2022-02-19T17:45:00.000000000,-7746.882335,-19643.544261,-16279.694451
2022-02-19T18:00:00.000000000,-6080.29548,-18639.875404,-18070.295591
2022-02-19T18:15:00.000000000,-4204.099792,-17631.808297,-19553.535636
2022-02-19T18:30:00.000000000,-2144.134251,-16658.004698,-20704.158844
2022-02-19T18:45:00.000000000,66.629143,-15752.770563,-21502.493529
2022-02-19T19:00:00.000000000,2389.139486,-14944.760935,-21934.781125
2022-02-19T19:15:00.000000000,4779.552536,-14255.909085,-21993.413612
2022-02-19T19:30:00.000000000,7190.701516,-13700.620094,-21677.075324
2022-02-19T19:45:00.000000000,9573.700078,-13285.259649,-20990.786022
2022-02-19T20:00:00.000000000,11879.619088,-13007.958315,-19945.843206
2022-02-19T20:15:00.000000000,14061.175751,-12858.74016,-18559.662744
2022-02-19T20:30:00.000000000,16074.372454,-12819.972711,-16855.51816
2022-02-19T20:45:00.000000000,17880.023715,-12867.123247,-14862.180383
2022-02-19T21:00:00.000000000,19445.113068,-12969.794686,-12613.461322
2022-02-19T21:15:00.000000000,20743.927202,-13093.003303,-10147.666343
2022-02-19T21:30:00.000000000,21758.922356,-13198.650714,-7506.962622
2022-02-19T21:45:00.000000000,22481.287645,-13247.134203,-4736.67223
2022-02-19T22:00:00.000000000,22911.1812,-13199.03324,-1884.500718
2022-02-19T22:15:00.000000000,23057.627521,-13016.806008,1000.286139
2022-02-19T22:30:00.000000000,22938.077756,-12666.42841,3867.723134
2022-02-19T22:45:00.000000000,22577.648165,-12118.909367,6668.028219
2022-02-19T23:00:00.000000000,22008.065204,-11351.620415,9352.490036
2022-02-19T23:15:00.000000000,21266.357936,-10349.384449,11874.342886
2022-02-19T23:30:00.000000000,20393.349236,-9105.27783,14189.611444
2022-02-19T23:45:00.000000000,19432.005859,-7621.111481,16257.907796
2022-02-19T00:00:00.000000000,18702.288047,-6396.621708,17586.034447
2022-02-19T00:15:00.000000000,17689.826675,-4527.969256,19145.661217
2022-02-19T00:30:00.000000000,16703.307332,-2468.489966,20371.988254
2022-02-19T00:45:00.000000000,15778.693148,-251.005545,21243.77185
2022-02-19T01:00:00.000000000,14946.441215,2085.244575,21746.01942
2022-02-19T01:15:00.000000000,14230.337818,4495.943369,21870.246066
2022-02-19T01:30:00.000000000,13646.613127,6933.236429,21614.609001
2022-02-19T01:45:00.000000000,13203.369568,9347.410775,20983.918444
2022-02-19T02:00:00.000000000,12900.344969,11688.645506,19989.526289
2022-02-19T02:15:00.000000000,12729.017781,13908.765224,18649.096516
2022-02-19T02:30:00.000000000,12673.0477,15962.92765,16986.263602
2022-02-19T02:45:00.000000000,12709.031636,17811.180172,15030.187381
2022-02-19T03:00:00.000000000,12807.5426,19419.825997,12815.014539
2022-02-19T03:15:00.000000000,12934.408224,20762.548783,10379.258431
2022-02-19T03:30:00.000000000,13052.176812,21821.254635,7765.110009
2022-02-19T03:45:00.000000000,13121.712118,22586.60187,5017.693412
2022-02-19T04:00:00.000000000,13103.853869,23058.201293,2184.280198
2022-02-19T04:15:00.000000000,12961.079331,23244.482522,-686.523653
2022-02-19T04:30:00.000000000,12659.102011,23162.234554,-3545.604024
2022-02-19T04:45:00.000000000,12168.346722,22835.840866,-6344.164688
2022-02-19T05:00:00.000000000,11465.245607,22296.24046,-9034.540061
2022-02-19T05:15:00.000000000,10533.306919,21579.655973,-11570.98248
2022-02-19T05:30:00.000000000,9363.917205,20726.138095,-13910.412603
2022-02-19T05:45:00.000000000,7956.847635,19777.981703,-16013.122406
2022-02-19T06:00:00.000000000,6320.446146,18778.073318,-17843.42126
2022-02-19T06:15:00.000000000,4471.508499,17768.231531,-19370.216438
2022-02-19T06:30:00.000000000,2434.832962,16787.601927,-20567.520364
2022-02-19T06:45:00.000000000,242.474593,15871.165896,-21414.877792
2022-02-19T07:00:00.000000000,-2067.27417,15048.418469,-21897.707027
2022-02-19T07:15:00.000000000,-4451.140047,14342.264276,-22007.55012
2022-02-19T07:30:00.000000000,-6862.317449,13768.172991,-21742.227914
2022-02-19T07:45:00.000000000,-9252.056748,13333.626379,-21105.896729
2022-02-19T08:00:00.000000000,-11571.334568,13037.878727,-20109.004487
2022-02-19T08:15:00.000000000,-13772.544907,12872.041099,-18768.145214
2022-02-19T08:30:00.000000000,-15811.14851,12819.488051,-17105.81209
2022-02-19T08:45:00.000000000,-17647.218614,12856.573431,-15150.050621
2022-02-19T09:00:00.000000000,-19246.824288,12953.630092,-12934.015088
2022-02-19T09:15:00.000000000,-20583.197821,13076.217204,-10495.433114
2022-02-19T09:30:00.000000000,-21637.639988,13186.568859,-7875.985035
2022-02-19T09:45:00.000000000,-22400.126451,13245.189076,-5120.606681
2022-02-19T10:00:00.000000000,-22869.589544,13212.531766,-2276.726064
2022-02-19T10:15:00.000000000,-23053.862093,13050.699901,606.55361
2022-02-19T10:30:00.000000000,-22969.283122,12725.096356,3479.310518
2022-02-19T10:45:00.000000000,-22639.978863,12205.959887,6291.684836
2022-02-19T11:00:00.000000000,-22096.845737,11469.723537,8994.76664
2022-02-19T11:15:00.000000000,-21376.274439,10500.139201,11541.473663
2022-02-19T11:30:00.000000000,-20518.665205,9289.121162,13887.401223
2022-02-19T11:45:00.000000000,-19566.793321,7837.272565,15991.626783
2022-02-19T12:00:00.000000000,-18564.09048,6154.071669,17817.452487
2022-02-19T12:15:00.000000000,-17552.91132,4257.708648,19333.070177
2022-02-19T12:30:00.000000000,-16572.855238,2174.578227,20512.135162
2022-02-19T12:45:00.000000000,-15659.211284,-61.552377,21334.237083
2022-02-19T13:00:00.000000000,-14841.588719,-2410.667278,21785.258695
2022-02-19T13:15:00.000000000,-14142.787934,-4827.872679,21857.615964
2022-02-19T13:30:00.000000000,-13577.956219,-7264.959718,21550.375682
2022-02-19T13:45:00.000000000,-13154.060864,-9672.097066,20869.249575
2022-02-19T14:00:00.000000000,-12869.698861,-11999.586034,19826.466599
2022-02-19T14:15:00.000000000,-12715.248569,-14199.609,18440.527665
2022-02-19T14:30:00.000000000,-12673.354816,-16227.902902,16735.84942
2022-02-19T14:45:00.000000000,-12719.725635,-18045.293151,14742.305742
2022-02-19T15:00:00.000000000,-12824.206597,-19619.029664,12494.677383
2022-02-19T15:15:00.000000000,-12952.088168,-20923.875139,10032.021606
2022-02-19T15:30:00.000000000,-13065.5929,-21942.905946,7396.974729
2022-02-19T15:45:00.000000000,-13125.482969,-22667.997681,4635.001228
2022-02-19T16:00:00.000000000,-13092.72466,-23099.97987,1793.603381
2022-02-19T16:15:00.000000000,-12930.145088,-23248.457078,-1078.494392
2022-02-19T16:30:00.000000000,-12604.017509,-23131.306324,-3932.172596
2022-02-19T16:45:00.000000000,-12085.515078,-22773.872688,-6718.741662
2022-02-19T17:00:00.000000000,-11351.9785,-22207.895915,-9390.751944
2022-02-19T17:15:00.000000000,-10387.950533,-21470.210372,-11902.776626
2022-02-19T17:30:00.000000000,-9185.939256,-20601.268557,-14212.156246
2022-02-19T17:45:00.000000000,-7746.882335,-19643.544261,-16279.694451
2022-02-19T18:00:00.000000000,-6080.29548,-18639.875404,-18070.295591
2022-02-19T18:15:00.000000000,-4204.099792,-17631.808297,-19553.535636
2022-02-19T18:30:00.000000000,-2144.134251,-16658.004698,-20704.158844
2022-02-19T18:45:00.000000000,66.629143,-15752.770563,-21502.493529
2022-02-19T19:00:00.000000000,2389.139486,-14944.760935,-21934.781125
2022-02-19T19:15:00.000000000,4779.552536,-14255.909085,-21993.413612
2022-02-19T19:30:00.000000000,7190.701516,-13700.620094,-21677.075324
2022-02-19T19:45:00.000000000,9573.700078,-13285.259649,-20990.786022
2022-02-19T20:00:00.000000000,11879.619088,-13007.958315,-19945.843206
2022-02-19T20:15:00.000000000,14061.175751,-12858.74016,-18559.662744
2022-02-19T20:30:00.000000000,16074.372454,-12819.972711,-16855.51816
2022-02-19T20:45:00.000000000,17880.023715,-12867.123247,-14862.180383
2022-02-19T21:00:00.000000000,19445.113068,-12969.794686,-12613.461322
2022-02-19T21:15:00.000000000,20743.927202,-13093.003303,-10147.666343
2022-02-19T21:30:00.000000000,21758.922356,-13198.650714,-7506.962622
2022-02-19T21:45:00.000000000,22481.287645,-13247.134203,-4736.67223
2022-02-19T22:00:00.000000000,22911.1812,-13199.03324,-1884.500718
2022-02-19T22:15:00.000000000,23057.627521,-13016.806008,1000.286139
2022-02-19T22:30:00.000000000,22938.077756,-12666.42841,3867.723134
2022-02-19T22:45:00.000000000,22577.648165,-12118.909367,6668.028219
2022-02-19T23:00:00.000000000,22008.065204,-11351.620415,9352.490036
2022-02-19T23:15:00.000000000,21266.357936,-10349.384449,11874.342886
2022-02-19T23:30:00.000000000,20393.349236,-9105.27783,14189.611444
2022-02-19T23:45:00.000000000,19432.005859,-7621.111481,16257.907796
2022-02-19T00:00:00.000000000,18702.288047,-6396.621708,17586.034447
2022-02-19T00:15:00.000000000,17689.826675,-4527.969256,19145.661217
2022-02-19T00:30:00.000000000,16703.307332,-2468.489966,20371.988254
2022-02-19T00:45:00.000000000,15778.693148,-251.005545,21243.77185
2022-02-19T01:00:00.000000000,14946.441215,2085.244575,21746.01942
2022-02-19T01:15:00.000000000,14230.337818,4495.943369,21870.246066
2022-02-19T01:30:00.000000000,13646.613127,6933.236429,21614.609001
2022-02-19T01:45:00.000000000,13203.369568,9347.410775,20983.918444
2022-02-19T02:00:00.000000000,12900.344969,11688.645506,19989.526289
2022-02-19T02:15:00.000000000,12729.017781,13908.765224,18649.096516
2022-02-19T02:30:00.000000000,12673.0477,15962.92765,16986.263602
2022-02-19T02:45:00.000000000,12709.031636,17811.180172,15030.187381
2022-02-19T03:00:00.000000000,12807.5426,19419.825997,12815.014539
2022-02-19T03:15:00.000000000,12934.408224,20762.548783,10379.258431
2022-02-19T03:30:00.000000000,13052.176812,21821.254635,7765.110009
2022-02-19T03:45:00.000000000,13121.712118,22586.60187,5017.693412
2022-02-19T04:00:00.000000000,13103.853869,23058.201293,2184.280198
2022-02-19T04:15:00.000000000,12961.079331,23244.482522,-686.523653
2022-02-19T04:30:00.000000000,12659.102011,23162.234554,-3545.604024
2022-02-19T04:45:00.000000000,12168.346722,22835.840866,-6344.164688
2022-02-19T05:00:00.000000000,11465.245607,22296.24046,-9034.540061
2022-02-19T05:15:00.000000000,10533.306919,21579.655973,-11570.98248
2022-02-19T05:30:00.000000000,9363.917205,20726.138095,-13910.412603
2022-02-19T05:45:00.000000000,7956.847635,19777.981703,-16013.122406
2022-02-19T06:00:00.000000000,6320.446146,18778.073318,-17843.42126
2022-02-19T06:15:00.000000000,4471.508499,17768.231531,-19370.216438
2022-02-19T06:30:00.000000000,2434.832962,16787.601927,-20567.520364
2022-02-19T06:45:00.000000000,242.474593,15871.165896,-21414.877792
2022-02-19T07:00:00.000000000,-2067.27417,15048.418469,-21897.707027
2022-02-19T07:15:00.000000000,-4451.140047,14342.264276,-22007.55012
2022-02-19T07:30:00.000000000,-6862.317449,13768.172991,-21742.227914
2022-02-19T07:45:00.000000000,-9252.056748,13333.626379,-21105.896729
2022-02-19T08:00:00.000000000,-11571.334568,13037.878727,-20109.004487
2022-02-19T08:15:00.000000000,-13772.544907,12872.041099,-18768.145214
2022-02-19T08:30:00.000000000,-15811.14851,12819.488051,-17105.81209
2022-02-19T08:45:00.000000000,-17647.218614,12856.573431,-15150.050621
2022-02-19T09:00:00.000000000,-19246.824288,12953.630092,-12934.015088
2022-02-19T09:15:00.000000000,-20583.197821,13076.217204,-10495.433114
2022-02-19T09:30:00.000000000,-21637.639988,13186.568859,-7875.985035
2022-02-19T09:45:00.000000000,-22400.126451,13245.189076,-5120.606681
2022-02-19T10:00:00.000000000,-22869.589544,13212.531766,-2276.726064
2022-02-19T10:15:00.000000000,-23053.862093,13050.699901,606.55361
2022-02-19T10:30:00.000000000,-22969.283122,12725.096356,3479.310518
2022-02-19T10:45:00.000000000,-22639.978863,12205.959887,6291.684836
2022-02-19T11:00:00.000000000,-22096.845737,11469.723537,8994.76664
2022-02-19T11:15:00.000000000,-21376.274439,10500.139201,11541.473663
2022-02-19T11:30:00.000000000,-20518.665205,9289.121162,13887.401223
2022-02-19T11:45:00.000000000,-19566.793321,7837.272565,15991.626783
2022-02-19T12:00:00.000000000,-18564.09048,6154.071669,17817.452487
2022-02-19T12:15:00.000000000,-17552.91132,4257.708648,19333.070177
2022-02-19T12:30:00.000000000,-16572.855238,2174.578227,20512.135162
2022-02-19T12:45:00.000000000,-15659.211284,-61.552377,21334.237083
2022-02-19T13:00:00.000000000,-14841.588719,-2410.667278,21785.258695
2022-02-19T13:15:00.000000000,-14142.787934,-4827.872679,21857.615964
2022-02-19T13:30:00.000000000,-13577.956219,-7264.959718,21550.375682
2022-02-19T13:45:00.000000000,-13154.060864,-9672.097066,20869.249575
2022-02-19T14:00:00.000000000,-12869.698861,-11999.586034,19826.466599
2022-02-19T14:15:00.000000000,-12715.248569,-14199.609,18440.527665
2022-02-19T14:30:00.000000000,-12673.354816,-16227.902902,16735.84942
2022-02-19T14:45:00.000000000,-12719.725635,-18045.293151,14742.305742
2022-02-19T15:00:00.000000000,-12824.206597,-19619.029664,12494.677383
2022-02-19T15:15:00.000000000,-12952.088168,-20923.875139,10032.021606
2022-02-19T15:30:00.000000000,-13065.5929,-21942.905946,7396.974729
2022-02-19T15:45:00.000000000,-13125.482969,-22667.997681,4635.001228
2022-02-19T16:00:00.000000000,-13092.72466,-23099.97987,1793.603381
2022-02-19T16:15:00.000000000,-12930.145088,-23248.457078,-1078.494392
2022-02-19T16:30:00.000000000,-12604.017509,-23131.306324,-3932.172596
2022-02-19T16:45:00.000000000,-12085.515078,-22773.872688,-6718.741662
2022-02-19T17:00:00.000000000,-11351.9785,-22207.895915,-9390.751944
2022-02-19T17:15:00.000000000,-10387.950533,-21470.210372,-11902.776626
2022-02-19T17:30:00.000000000,-9185.939256,-20601.268557,-14212.156246
2022-02-19T17:45:00.000000000,-7746.882335,-19643.544261,-16279.694451
2022-02-19T18:00:00.000000000,-6080.29548,-18639.875404,-18070.295591
2022-02-19T18:15:00.000000000,-4204.099792,-17631.808297,-19553.535636
2022-02-19T18:30:00.000000000,-2144.134251,-16658.004698,-20704.158844
2022-02-19T18:45:00.000000000,66.629143,-15752.770563,-21502.493529
2022-02-19T19:00:00.000000000,2389.139486,-14944.760935,-21934.781125
2022-02-19T19:15:00.000000000,4779.552536,-14255.909085,-21993.413612
2022-02-19T19:30:00.000000000,7190.701516,-13700.620094,-21677.075324
2022-02-19T19:45:00.000000000,9573.700078,-13285.259649,-20990.786022
2022-02-19T20:00:00.000000000,11879.619088,-13007.958315,-19945.843206
2022-02-19T20:15:00.000000000,14061.175751,-12858.74016,-18559.662744
2022-02-19T20:30:00.000000000,16074.372454,-12819.972711,-16855.51816
2022-02-19T20:45:00.000000000,17880.023715,-12867.123247,-14862.180383
2022-02-19T21:00:00.000000000,19445.113068,-12969.794686,-12613.461322
2022-02-19T21:15:00.000000000,20743.927202,-13093.003303,-10147.666343
2022-02-19T21:30:00.000000000,21758.922356,-13198.650714,-7506.962622
2022-02-19T21:45:00.000000000,22481.287645,-13247.134203,-4736.67223
2022-02-19T22:00:00.000000000,22911.1812,-13199.03324,-1884.500718
2022-02-19T22:15:00.000000000,23057.627521,-13016.806008,1000.286139
2022-02-19T22:30:00.000000000,22938.077756,-12666.42841,3867.723134
2022-02-19T22:45:00.000000000,22577.648165,-12118.909367,6668.028219
2022-02-19T23:00:00.000000000,22008.065204,-11351.620415,9352.490036
2022-02-19T23:15:00.000000000,21266.357936,-10349.384449,11874.342886
2022-02-19T23:30:00.000000000,20393.349236,-9105.27783,14189.611444
2022-02-19T23:45:00.000000000,19432.005859,-7621.111481,16257.907796
2022-02-19T00:00:00.000000000,18702.288047,-6396.621708,17586.034447
2022-02-19T00:15:00.000000000,17689.826675,-4527.969256,19145.661217
2022-02-19T00:30:00.000000000,16703.307332,-2468.489966,20371.988254
2022-02-19T00:45:00.000000000,15778.693148,-251.005545,21243.77185
2022-02-19T01:00:00.000000000,14946.441215,2085.244575,21746.01942
2022-02-19T01:15:00.000000000,14230.337818,4495.943369,21870.246066
2022-02-19T01:30:00.000000000,13646.613127,6933.236429,21614.609001
2022-02-19T01:45:00.000000000,13203.369568,9347.410775,20983.918444
2022-02-19T02:00:00.000000000,12900.344969,11688.645506,19989.526289
2022-02-19T02:15:00.000000000,12729.017781,13908.765224,18649.096516
2022-02-19T02:30:00.000000000,12673.0477,15962.92765,16986.263602
2022-02-19T02:45:00.000000000,12709.031636,17811.180172,15030.187381
2022-02-19T03:00:00.000000000,12807.5426,19419.825997,12815.014539
2022-02-19T03:15:00.000000000,12934.408224,20762.548783,10379.258431
2022-02-19T03:30:00.000000000,13052.176812,21821.254635,7765.110009
2022-02-19T03:45:00.000000000,13121.712118,22586.60187,5017.693412
2022-02-19T04:00:00.000000000,13103.853869,23058.201293,2184.280198
2022-02-19T04:15:00.000000000,12961.079331,23244.482522,-686.523653
2022-02-19T04:30:00.000000000,12659.102011,23162.234554,-3545.604024
2022-02-19T04:45:00.000000000,12168.346722,22835.840866,-6344.164688
2022-02-19T05:00:00.000000000,11465.245607,22296.24046,-9034.540061
2022-02-19T05:15:00.000000000,10533.306919,21579.655973,-11570.98248
2022-02-19T05:30:00.000000000,9363.917205,20726.138095,-13910.412603
2022-02-19T05:45:00.000000000,7956.847635,19777.981703,-16013.122406
2022-02-19T06:00:00.000000000,6320.446146,18778.073318,-17843.42126
2022-02-19T06:15:00.000000000,4471.508499,17768.231531,-19370.216438
2022-02-19T06:30:00.000000000,2434.832962,16787.601927,-20567.520364
2022-02-19T06:45:00.000000000,242.474593,15871.165896,-21414.877792
2022-02-19T07:00:00.000000000,-2067.27417,15048.418469,-21897.707027
2022-02-19T07:15:00.000000000,-4451.140047,14342.264276,-22007.55012
2022-02-19T07:30:00.000000000,-6862.317449,13768.172991,-21742.227914
2022-02-19T07:45:00.000000000,-9252.056748,13333.626379,-21105.896729
2022-02-19T08:00:00.000000000,-11571.334568,13037.878727,-20109.004487
2022-02-19T08:15:00.000000000,-13772.544907,12872.041099,-18768.145214
2022-02-19T08:30:00.000000000,-15811.14851,12819.488051,-17105.81209
2022-02-19T08:45:00.000000000,-17647.218614,12856.573431,-15150.050621
2022-02-19T09:00:00.000000000,-19246.824288,12953.630092,-12934.015088
2022-02-19T09:15:00.000000000,-20583.197821,13076.217204,-10495.433114
2022-02-19T09:30:00.000000000,-21637.639988,13186.568859,-7875.985035
2022-02-19T09:45:00.000000000,-22400.126451,13245.189076,-5120.606681
2022-02-19T10:00:00.000000000,-22869.589544,13212.531766,-2276.726064
2022-02-19T10:15:00.000000000,-23053.862093,13050.699901,606.55361
2022-02-19T10:30:00.000000000,-22969.283122,12725.096356,3479.310518
2022-02-19T10:45:00.000000000,-22639.978863,12205.959887,6291.684836
2022-02-19T11:00:00.000000000,-22096.845737,11469.723537,8994.76664
2022-02-19T11:15:00.000000000,-21376.274439,10500.139201,11541.473663
2022-02-19T11:30:00.000000000,-20518.665205,9289.121162,13887.401223
2022-02-19T11:45:00.000000000,-19566.793321,7837.272565,15991.626783
2022-02-19T12:00:00.000000000,-18564.09048,6154.071669,17817.452487
2022-02-19T12:15:00.000000000,-17552.91132,4257.708648,19333.070177
2022-02-19T12:30:00.000000000,-16572.855238,2174.578227,20512.135162
2022-02-19T12:45:00.000000000,-15659.211284,-61.552377,21334.237083
2022-02-19T13:00:00.000000000,-14841.588719,-2410.667278,21785.258695
2022-02-19T13:15:00.000000000,-14142.787934,-4827.872679,21857.615964
2022-02-19T13:30:00.000000000,-13577.956219,-7264.959718,21550.375682
2022-02-19T13:45:00.000000000,-13154.060864,-9672.097066,20869.249575
2022-02-19T14:00:00.000000000,-12869.698861,-11999.586034,19826.466599
2022-02-19T14:15:00.000000000,-12715.248569,-14199.609,18440.527665
2022-02-19T14:30:00.000000000,-12673.354816,-16227.902902,16735.84942
2022-02-19T14:45:00.000000000,-12719.725635,-18045.293151,14742.305742
2022-02-19T15:00:00.000000000,-12824.206597,-19619.029664,12494.677383
2022-02-19T15:15:00.000000000,-12952.088168,-20923.875139,10032.021606
2022-02-19T15:30:00.000000000,-13065.5929,-21942.905946,7396.974729
2022-02-19T15:45:00.000000000,-13125.482969,-22667.997681,4635.001228
2022-02-19T16:00:00.000000000,-13092.72466,-23099.97987,1793.603381
2022-02-19T16:15:00.000000000,-12930.145088,-23248.457078,-1078.494392
2022-02-19T16:30:00.000000000,-12604.017509,-23131.306324,-3932.172596
2022-02-19T16:45:00.000000000,-12085.515078,-22773.872688,-6718.741662
2022-02-19T17:00:00.000000000,-11351.9785,-22207.895915,-9390.751944
2022-02-19T17:15:00.000000000,-10387.950533,-21470.210372,-11902.776626
2022-02-19T17:30:00.000000000,-9185.939256,-20601.268557,-14212.156246
2022-02-19T17:45:00.000000000,-7746.882335,-19643.544261,-16279.694451
2022-02-19T18:00:00.000000000,-6080.29548,-18639.875404,-18070.295591
2022-02-19T18:15:00.000000000,-4204.099792,-17631.808297,-19553.535636
2022-02-19T18:30:00.000000000,-2144.134251,-16658.004698,-20704.158844
2022-02-19T18:45:00.000000000,66.629143,-15752.770563,-21502.493529
2022-02-19T19:00:00.000000000,2389.139486,-14944.760935,-21934.781125
2022-02-19T19:15:00.000000000,4779.552536,-14255.909085,-21993.413612
2022-02-19T19:30:00.000000000,7190.701516,-13700.620094,-21677.075324
2022-02-19T19:45:00.000000000,9573.700078,-13285.259649,-20990.786022
2022-02-19T20:00:00.000000000,11879.619088,-13007.958315,-19945.843206
2022-02-19T20:15:00.000000000,14061.175751,-12858.74016,-18559.662744
2022-02-19T20:30:00.000000000,16074.372454,-12819.972711,-16855.51816
2022-02-19T20:45:00.000000000,17880.023715,-12867.123247,-14862.180383
2022-02-19T21:00:00.000000000,19445.113068,-12969.794686,-12613.461322
2022-02-19T21:15:00.000000000,20743.927202,-13093.003303,-10147.666343
2022-02-19T21:30:00.000000000,21758.922356,-13198.650714,-7506.962622
2022-02-19T21:45:00.000000000,22481.287645,-13247.134203,-4736.67223
2022-02-19T22:00:00.000000000,22911.1812,-13199.03324,-1884.500718
2022-02-19T22:15:00.000000000,23057.627521,-13016.806008,1000.286139
2022-02-19T22:30:00.000000000,22938.077756,-12666.42841,3867.723134
2022-02-19T22:45:00.000000000,22577.648165,-12118.909367,6668.028219
2022-02-19T23:00:00.000000000,22008.065204,-11351.620415,9352.490036
2022-02-19T23:15:00.000000000,21266.357936,-10349.384449,11874.342886
2022-02-19T23:30:00.000000000,20393.349236,-9105.27783,14189.611444
2022-02-19T23:45:00.000000000,19432.005859,-7621.111481,16257.907796
2022-02-19T00:00:00.000000000,18702.288047,-6396.621708,17586.034447
2022-02-19T00:15:00.000000000,17689.826675,-4527.969256,19145.661217
2022-02-19T00:30:00.000000000,16703.307332,-2468.489966,20371.988254
2022-02-19T00:45:00.000000000,15778.693148,-251.005545,21243.77185
2022-02-19T01:00:00.000000000,14946.441215,2085.244575,21746.01942
2022-02-19T01:15:00.000000000,14230.337818,4495.943369,21870.246066
2022-02-19T01:30:00.000000000,13646.613127,6933.236429,21614.609001
2022-02-19T01:45:00.000000000,13203.369568,9347.410775,20983.918444
2022-02-19T02:00:00.000000000,12900.344969,11688.645506,19989.526289
2022-02-19T02:15:00.000000000,12729.017781,13908.765224,18649.096516
2022-02-19T02:30:00.000000000,12673.0477,15962.92765,16986.263602
2022-02-19T02:45:00.000000000,12709.031636,17811.180172,15030.187381
2022-02-19T03:00:00.000000000,12807.5426,19419.825997,12815.014539
2022-02-19T03:15:00.000000000,12934.408224,20762.548783,10379.258431
2022-02-19T03:30:00.000000000,13052.176812,21821.254635,7765.110009
2022-02-19T03:45:00.000000000,13121.712118,22586.60187,5017.693412
2022-02-19T04:00:00.000000000,13103.853869,23058.201293,2184.280198
2022-02-19T04:15:00.000000000,12961.079331,23244.482522,-686.523653
2022-02-19T04:30:00.000000000,12659.102011,23162.234554,-3545.604024
2022-02-19T04:45:00.000000000,12168.346722,22835.840866,-6344.164688
2022-02-19T05:00:00.000000000,11465.245607,22296.24046,-9034.540061
2022-02-19T05:15:00.000000000,10533.306919,21579.655973,-11570.98248
2022-02-19T05:30:00.000000000,9363.917205,20726.138095,-13910.412603
2022-02-19T05:45:00.000000000,7956.847635,19777.981703,-16013.122406
2022-02-19T06:00:00.000000000,6320.446146,18778.073318,-17843.42126
2022-02-19T06:15:00.000000000,4471.508499,17768.231531,-19370.216438
2022-02-19T06:30:00.000000000,2434.832962,16787.601927,-20567.520364
2022-02-19T06:45:00.000000000,242.474593,15871.165896,-21414.877792
2022-02-19T07:00:00.000000000,-2067.27417,15048.418469,-21897.707027
2022-02-19T07:15:00.000000000,-4451.140047,14342.264276,-22007.55012
2022-02-19T07:30:00.000000000,-6862.317449,13768.172991,-21742.227914
2022-02-19T07:45:00.000000000,-9252.056748,13333.626379,-21105.896729
2022-02-19T08:00:00.000000000,-11571.334568,13037.878727,-20109.004487
2022-02-19T08:15:00.000000000,-13772.544907,12872.041099,-18768.145214
2022-02-19T08:30:00.000000000,-15811.14851,12819.488051,-17105.81209
2022-02-19T08:45:00.000000000,-17647.218614,12856.573431,-15150.050621
2022-02-19T09:00:00.000000000,-19246.824288,12953.630092,-12934.015088
2022-02-19T09:15:00.000000000,-20583.197821,13076.217204,-10495.433114
2022-02-19T09:30:00.000000000,-21637.639988,13186.568859,-7875.985035
2022-02-19T09:45:00.000000000,-22400.126451,13245.189076,-5120.606681
2022-02-19T10:00:00.000000000,-22869.589544,13212.531766,-2276.726064
2022-02-19T10:15:00.000000000,-23053.862093,13050.699901,606.55361
2022-02-19T10:30:00.000000000,-22969.283122,12725.096356,3479.310518
2022-02-19T10:45:00.000000000,-22639.978863,12205.959887,6291.684836
2022-02-19T11:00:00.000000000,-22096.845737,11469.723537,8994.76664
2022-02-19T11:15:00.000000000,-21376.274439,10500.139201,11541.473663
2022-02-19T11:30:00.000000000,-20518.665205,9289.121162,13887.401223
2022-02-19T11:45:00.000000000,-19566.793321,7837.272565,15991.626783
2022-02-19T12:00:00.000000000,-18564.09048,6154.071669,17817.452487
2022-02-19T12:15:00.000000000,-17552.91132,4257.708648,19333.070177
2022-02-19T12:30:00.000000000,-16572.855238,2174.578227,20512.135162
2022-02-19T12:45:00.000000000,-15659.211284,-61.552377,21334.237083
2022-02-19T13:00:00.000000000,-14841.588719,-2410.667278,21785.258695
2022-02-19T13:15:00.000000000,-14142.787934,-4827.872679,21857.615964
2022-02-19T13:30:00.000000000,-13577.956219,-7264.959718,21550.375682
2022-02-19T13:45:00.000000000,-13154.060864,-9672.097066,20869.249575
2022-02-19T14:00:00.000000000,-12869.698861,-11999.586034,19826.466599
2022-02-19T14:15:00.000000000,-12715.248569,-14199.609,18440.527665
2022-02-19T14:30:00.000000000,-12673.354816,-16227.902902,16735.84942
2022-02-19T14:45:00.000000000,-12719.725635,-18045.293151,14742.305742
2022-02-19T15:00:00.000000000,-12824.206597,-19619.029664,12494.677383
2022-02-19T15:15:00.000000000,-12952.088168,-20923.875139,10032.021606
2022-02-19T15:30:00.000000000,-13065.5929,-21942.905946,7396.974729
2022-02-19T15:45:00.000000000,-13125.482969,-22667.997681,4635.001228
2022-02-19T16:00:00.000000000,-13092.72466,-23099.97987,1793.603381
2022-02-19T16:15:00.000000000,-12930.145088,-23248.457078,-1078.494392
2022-02-19T16:30:00.000000000,-12604.017509,-23131.306324,-3932.172596
2022-02-19T16:45:00.000000000,-12085.515078,-22773.872688,-6718.741662
2022-02-19T17:00:00.000000000,-11351.9785,-22207.895915,-9390.751944
2022-02-19T17:15:00.000000000,-10387.950533,-21470.210372,-11902.776626
2022-02-19T17:30:00.000000000,-9185.939256,-20601.268557,-14212.156246
2022-02-19T17:45:00.000000000,-7746.882335,-19643.544261,-16279.694451
2022-02-19T18:00:00.000000000,-6080.29548,-18639.875404,-18070.295591
2022-02-19T18:15:00.000000000,-4204.099792,-17631.808297,-19553.535636
2022-02-19T18:30:00.000000000,-2144.134251,-16658.004698,-20704.158844
2022-02-19T18:45:00.000000000,66.629143,-15752.770563,-21502.493529
2022-02-19T19:00:00.000000000,2389.139486,-14944.760935,-21934.781125
2022-02-19T19:15:00.000000000,4779.552536,-14255.909085,-21993.413612
2022-02-19T19:30:00.000000000,7190.701516,-13700.620094,-21677.075324
2022-02-19T19:45:00.000000000,9573.700078,-13285.259649,-20990.786022
2022-02-19T20:00:00.000000000,11879.619088,-13007.958315,-19945.843206
2022-02-19T20:15:00.000000000,14061.175751,-12858.74016,-18559.662744
2022-02-19T20:30:00.000000000,16074.372454,-12819.972711,-16855.51816
2022-02-19T20:45:00.000000000,17880.023715,-12867.123247,-14862.180383
2022-02-19T21:00:00.000000000,19445.113068,-12969.794686,-12613.461322
2022-02-19T21:15:00.000000000,20743.927202,-13093.003303,-10147.666343
2022-02-19T21:30:00.000000000,21758.922356,-13198.650714,-7506.962622
2022-02-19T21:45:00.000000000,22481.287645,-13247.134203,-4736.67223
2022-02-19T22:00:00.000000000,22911.1812,-13199.03324,-1884.500718
2022-02-19T22:15:00.000000000,23057.627521,-13016.806008,1000.286139
2022-02-19T22:30:00.000000000,22938.077756,-12666.42841,3867.723134
2022-02-19T22:45:00.000000000,22577.648165,-12118.909367,6668.028219
2022-02-19T23:00:00.000000000,22008.065204,-11351.620415,9352.490036
2022-02-19T23:15:00.000000000,21266.357936,-10349.384449,11874.342886
2022-02-19T23:30:00.000000000,20393.349236,-9105.27783,14189.611444
2022-02-19T23:45:00.000000000,19432.005859,-7621.111481,16257.907796
2022-02-18T00:00:00.000000000,18977.606624,-6869.106788,17106.582293
2022-02-18T00:15:00.000000000,17964.800111,-5057.243325,18752.647754
2022-02-18T00:30:00.000000000,16967.353098,-3046.860494,20072.240351
2022-02-18T00:45:00.000000000,16022.498154,-868.82984,21042.472026
2022-02-18T01:00:00.000000000,15162.322032,1439.235695,21646.615344
2022-02-18T01:15:00.000000000,14412.532156,3834.257712,21874.392713
2022-02-18T01:30:00.000000000,13791.491144,6269.183864,21722.14431
2022-02-18T01:45:00.000000000,13309.556942,8694.635369,21192.872576
2022-02-18T02:00:00.000000000,12968.753355,11060.644896,20296.163869
2022-02-18T02:15:00.000000000,12762.782051,13318.416119,19047.990538
2022-02-18T02:30:00.000000000,12677.37315,15422.035935,17470.39909
2022-02-18T02:45:00.000000000,12690.957922,17330.07292,15591.092326
2022-02-18T03:00:00.000000000,12775.634377,19007.000841,13442.915206
2022-02-18T03:15:00.000000000,12898.38527,20424.39369,11063.255738
2022-02-18T03:30:00.000000000,13022.498603,21561.848191,8493.373426
2022-02-18T03:45:00.000000000,13109.133417,22407.600994,5777.668623
2022-02-18T04:00:00.000000000,13118.968788,22958.819828,2962.906713
2022-02-18T04:15:00.000000000,13013.871559,23221.56067,97.411189
2022-02-18T04:30:00.000000000,12758.518426,23210.395689,-2769.760323
2022-02-18T04:45:00.000000000,12321.910537,22947.729056,-5589.643456
2022-02-18T05:00:00.000000000,11678.723531,22462.829075,-8314.184706
2022-02-18T05:15:00.000000000,10810.442664,21790.615291,-10897.036839
2022-02-18T05:30:00.000000000,9706.241126,20970.247746,-13294.320444
2022-02-18T05:45:00.000000000,8363.569416,20043.572325,-15465.34089
2022-02-18T06:00:00.000000000,6788.434402,19053.480852,-17373.250848
2022-02-18T06:15:00.000000000,4995.358012,18042.247233,-18985.649529
2022-02-18T06:30:00.000000000,3007.017114,17049.901453,-20275.110656
2022-02-18T06:45:00.000000000,853.577521,16112.701563,-21219.632127
2022-02-18T07:00:00.000000000,-1428.254014,15261.760188,-21803.00123
2022-02-18T07:15:00.000000000,-3796.425811,14521.876475,-22015.070117
2022-02-18T07:30:00.000000000,-6204.942384,13910.617092,-21851.937146
2022-02-18T07:45:00.000000000,-8605.420158,13437.681078,-21316.030642
2022-02-18T08:00:00.000000000,-10948.741374,13104.573216,-20416.092585
2022-02-18T08:15:00.000000000,-13186.745762,12904.599568,-19167.060852
2022-02-18T08:30:00.000000000,-15273.897536,12823.187024,-17589.849824
2022-02-18T08:45:00.000000000,-17168.865437,12838.51679,-15711.030558
2022-02-18T09:00:00.000000000,-18835.955984,12922.449796,-13562.413222
2022-02-18T09:15:00.000000000,-20246.344718,13041.710673,-11180.536144
2022-02-18T09:30:00.000000000,-21379.057097,13159.286576,-8606.067685
2022-02-18T09:45:00.000000000,-22221.659499,13235.988141,-5883.128971
2022-02-18T10:00:00.000000000,-22770.631478,13232.112699,-3058.547481
2022-02-18T10:15:00.000000000,-23031.402406,13109.144935,-181.053402
2022-02-18T10:30:00.000000000,-23018.048695,12831.42767,2699.567637
2022-02-18T10:45:00.000000000,-22752.66132,12367.735688,5533.350242
2022-02-18T11:00:00.000000000,-22264.406742,11692.688557,8271.036898
2022-02-18T11:15:00.000000000,-21588.317081,10787.944173,10864.960284
2022-02-18T11:30:00.000000000,-20763.856805,9643.123092,13269.902599
2022-02-18T11:45:00.000000000,-19833.322764,8256.424428,15443.91425
2022-02-18T12:00:00.000000000,-18840.141672,6634.906439,17349.074958
2022-02-18T12:15:00.000000000,-17827.133638,4794.418747,18952.181417
2022-02-18T12:30:00.000000000,-16834.811938,2759.187487,20225.347224
2022-02-18T12:45:00.000000000,-15899.78778,561.069055,21146.502856
2022-02-18T13:00:00.000000000,-15053.344346,-1761.498178,21699.785773
2022-02-18T13:15:00.000000000,-14320.237203,-4164.802378,21875.813354
2022-02-18T13:30:00.000000000,-13717.768585,-6601.374682,21671.834079
2022-02-18T13:45:00.000000000,-13255.17142,-9021.652965,21091.755212
2022-02-18T14:00:00.000000000,-12933.326087,-11375.726756,20146.047931
2022-02-18T14:15:00.000000000,-12744.819065,-13615.094369,18851.533507
2022-02-18T14:30:00.000000000,-12674.338703,-15694.363431,17231.056511
2022-02-18T14:45:00.000000000,-12699.389843,-17572.828949,15313.05322
2022-02-18T15:00:00.000000000,-12791.29644,-19215.868631,13131.025183
2022-02-18T15:15:00.000000000,-12916.450297,-20596.103113,10722.929455
2022-02-18T15:30:00.000000000,-13037.754887,-21694.27851,8130.498157
2022-02-18T15:45:00.000000000,-13116.206214,-22499.840066,5398.500821
2022-02-18T16:00:00.000000000,-13112.548181,-23011.177942,2573.963459
2022-02-18T16:15:00.000000000,-12988.937841,-23235.538894,-294.641528
2022-02-18T16:30:00.000000000,-12710.556363,-23188.610361,-3158.220613
2022-02-18T16:45:00.000000000,-12247.104394,-22893.795639,-5967.885975
2022-02-18T17:00:00.000000000,-11574.125544,-22381.210087,-8675.770807
2022-02-18T17:15:00.000000000,-10674.108716,-21686.43828,-11235.820752
2022-02-18T17:30:00.000000000,-9537.328641,-20849.100326,-13604.549983
2022-02-18T17:45:00.000000000,-8162.393907,-19911.282051,-15741.751254
2022-02-18T18:00:00.000000000,-6556.482635,-18915.888192,-17611.150269
2022-02-18T18:15:00.000000000,-4735.257328,-17904.980112,-19180.995612
2022-02-18T18:30:00.000000000,-2722.462017,-16918.159695,-20424.576403
2022-02-18T18:45:00.000000000,-549.21618,-15991.059242,-21320.660767
2022-02-18T19:00:00.000000000,1746.969288,-15153.993175,-21853.84909
2022-02-18T19:15:00.000000000,4123.418746,-14430.821602,-22014.836899
2022-02-18T19:30:00.000000000,6533.717105,-13838.068232,-21800.583085
2022-02-18T19:45:00.000000000,8929.282355,-13384.326109,-21214.380162
2022-02-18T20:00:00.000000000,11261.028225,-13069.974409,-20265.824195
2022-02-18T20:15:00.000000000,13481.056167,-12887.218325,-18970.683175
2022-02-18T20:30:00.000000000,15544.314129,-12820.452313,-17350.66384
2022-02-18T20:45:00.000000000,17410.160007,-12846.934954,-15433.078317
2022-02-18T21:00:00.000000000,19043.770443,-12937.751835,-13250.413512
2022-02-18T21:15:00.000000000,20417.340584,-13059.031611,-10839.807859
2022-02-18T21:30:00.000000000,21511.027508,-13173.370214,-8242.441851
2022-02-18T21:45:00.000000000,22313.599164,-13241.409387,-5502.85071
2022-02-18T22:00:00.000000000,22822.761527,-13223.508876,-2668.169418
2022-02-18T22:15:00.000000000,23045.148839,-13081.44696,212.677714
2022-02-18T22:30:00.000000000,22995.97496,-12780.08188,3089.829085
2022-02-18T22:45:00.000000000,22698.357414,-12288.907329,5913.364087
2022-02-18T23:00:00.000000000,22182.338999,-11583.438595,8634.191011
2022-02-18T23:15:00.000000000,21483.644479,-10646.372078,11204.927241
2022-02-18T23:30:00.000000000,20642.221046,-9468.469592,13580.754024
2022-02-18T23:45:00.000000000,19700.620501,-8049.12979,15720.228254
2022-02-19T00:00:00.000000000,18702.288047,-6396.621708,17586.034447
2022-02-19T00:15:00.000000000,17689.826675,-4527.969256,19145.661217
2022-02-19T00:30:00.000000000,16703.307332,-2468.489966,20371.988254
2022-02-19T00:45:00.000000000,15778.693148,-251.005545,21243.77185
2022-02-19T01:00:00.000000000,14946.441215,2085.244575,21746.01942
2022-02-19T01:15:00.000000000,14230.337818,4495.943369,21870.246066
2022-02-19T01:30:00.000000000,13646.613127,6933.236429,21614.609001
2022-02-19T01:45:00.000000000,13203.369568,9347.410775,20983.918444
2022-02-19T02:00:00.000000000,12900.344969,11688.645506,19989.526289
2022-02-19T02:15:00.000000000,12729.017781,13908.765224,18649.096516
2022-02-19T02:30:00.000000000,12673.0477,15962.92765,16986.263602
2022-02-19T02:45:00.000000000,12709.031636,17811.180172,15030.187381
2022-02-19T03:00:00.000000000,12807.5426,19419.825997,12815.014539
2022-02-19T03:15:00.000000000,12934.408224,20762.548783,10379.258431
2022-02-19T03:30:00.000000000,13052.176812,21821.254635,7765.110009
2022-02-19T03:45:00.000000000,13121.712118,22586.60187,5017.693412
2022-02-19T04:00:00.000000000,13103.853869,23058.201293,2184.280198
2022-02-19T04:15:00.000000000,12961.079331,23244.482522,-686.523653
2022-02-19T04:30:00.000000000,12659.102011,23162.234554,-3545.604024
2022-02-19T04:45:00.000000000,12168.346722,22835.840866,-6344.164688
2022-02-19T05:00:00.000000000,11465.245607,22296.24046,-9034.540061
2022-02-19T05:15:00.000000000,10533.306919,21579.655973,-11570.98248
2022-02-19T05:30:00.000000000,9363.917205,20726.138095,-13910.412603
2022-02-19T05:45:00.000000000,7956.847635,19777.981703,-16013.122406
2022-02-19T06:00:00.000000000,6320.446146,18778.073318,-17843.42126
2022-02-19T06:15:00.000000000,4471.508499,17768.231531,-19370.216438
2022-02-19T06:30:00.000000000,2434.832962,16787.601927,-20567.520364
2022-02-19T06:45:00.000000000,242.474593,15871.165896,-21414.877792
2022-02-19T07:00:00.000000000,-2067.27417,15048.418469,-21897.707027
2022-02-19T07:15:00.000000000,-4451.140047,14342.264276,-22007.55012
2022-02-19T07:30:00.000000000,-6862.317449,13768.172991,-21742.227914
2022-02-19T07:45:00.000000000,-9252.056748,13333.626379,-21105.896729
2022-02-19T08:00:00.000000000,-11571.334568,13037.878727,-20109.004487
2022-02-19T08:15:00.000000000,-13772.544907,12872.041099,-18768.145214
2022-02-19T08:30:00.000000000,-15811.14851,12819.488051,-17105.81209
2022-02-19T08:45:00.000000000,-17647.218614,12856.573431,-15150.050621
2022-02-19T09:00:00.000000000,-19246.824288,12953.630092,-12934.015088
2022-02-19T09:15:00.000000000,-20583.197821,13076.217204,-10495.433114
2022-02-19T09:30:00.000000000,-21637.639988,13186.568859,-7875.985035
2022-02-19T09:45:00.000000000,-22400.126451,13245.189076,-5120.606681
2022-02-19T10:00:00.000000000,-22869.589544,13212.531766,-2276.726064
2022-02-19T10:15:00.000000000,-23053.862093,13050.699901,606.55361
2022-02-19T10:30:00.000000000,-22969.283122,12725.096356,3479.310518
2022-02-19T10:45:00.000000000,-22639.978863,12205.959887,6291.684836
2022-02-19T11:00:00.000000000,-22096.845737,11469.723537,8994.76664
2022-02-19T11:15:00.000000000,-21376.274439,10500.139201,11541.473663
2022-02-19T11:30:00.000000000,-20518.665205,9289.121162,13887.401223
2022-02-19T11:45:00.000000000,-19566.793321,7837.272565,15991.626783
2022-02-19T12:00:00.000000000,-18564.09048,6154.071669,17817.452487
2022-02-19T12:15:00.000000000,-17552.91132,4257.708648,19333.070177
2022-02-19T12:30:00.000000000,-16572.855238,2174.578227,20512.135162
2022-02-19T12:45:00.000000000,-15659.211284,-61.552377,21334.237083
2022-02-19T13:00:00.000000000,-14841.588719,-2410.667278,21785.258695
2022-02-19T13:15:00.000000000,-14142.787934,-4827.872679,21857.615964
2022-02-19T13:30:00.000000000,-13577.956219,-7264.959718,21550.375682
2022-02-19T13:45:00.000000000,-13154.060864,-9672.097066,20869.249575
2022-02-19T14:00:00.000000000,-12869.698861,-11999.586034,19826.466599
2022-02-19T14:15:00.000000000,-12715.248569,-14199.609,18440.527665
2022-02-19T14:30:00.000000000,-12673.354816,-16227.902902,16735.84942
2022-02-19T14:45:00.000000000,-12719.725635,-18045.293151,14742.305742
2022-02-19T15:00:00.000000000,-12824.206597,-19619.029664,12494.677383
2022-02-19T15:15:00.000000000,-12952.088168,-20923.875139,10032.021606
2022-02-19T15:30:00.000000000,-13065.5929,-21942.905946,7396.974729
2022-02-19T15:45:00.000000000,-13125.482969,-22667.997681,4635.001228
2022-02-19T16:00:00.000000000,-13092.72466,-23099.97987,1793.603381
2022-02-19T16:15:00.000000000,-12930.145088,-23248.457078,-1078.494392
2022-02-19T16:30:00.000000000,-12604.017509,-23131.306324,-3932.172596
2022-02-19T16:45:00.000000000,-12085.515078,-22773.872688,-6718.741662
2022-02-19T17:00:00.000000000,-11351.9785,-22207.895915,-9390.751944
2022-02-19T17:15:00.000000000,-10387.950533,-21470.210372,-11902.776626
2022-02-19T17:30:00.000000000,-9185.939256,-20601.268557,-14212.156246
2022-02-19T17:45:00.000000000,-7746.882335,-19643.544261,-16279.694451
2022-02-19T18:00:00.000000000,-6080.29548,-18639.875404,-18070.295591
2022-02-19T18:15:00.000000000,-4204.099792,-17631.808297,-19553.535636
2022-02-19T18:30:00.000000000,-2144.134251,-16658.004698,-20704.158844
2022-02-19T18:45:00.000000000,66.629143,-15752.770563,-21502.493529
2022-02-19T19:00:00.000000000,2389.139486,-14944.760935,-21934.781125
2022-02-19T19:15:00.000000000,4779.552536,-14255.909085,-21993.413612
2022-02-19T19:30:00.000000000,7190.701516,-13700.620094,-21677.075324
2022-02-19T19:45:00.000000000,9573.700078,-13285.259649,-20990.786022
2022-02-19T20:00:00.000000000,11879.619088,-13007.958315,-19945.843206
2022-02-19T20:15:00.000000000,14061.175751,-12858.74016,-18559.662744
2022-02-19T20:30:00.000000000,16074.372454,-12819.972711,-16855.51816
2022-02-19T20:45:00.000000000,17880.023715,-12867.123247,-14862.180383
2022-02-19T21:00:00.000000000,19445.113068,-12969.794686,-12613.461322
2022-02-19T21:15:00.000000000,20743.927202,-13093.003303,-10147.666343
2022-02-19T21:30:00.000000000,21758.922356,-13198.650714,-7506.962622
2022-02-19T21:45:00.000000000,22481.287645,-13247.134203,-4736.67223
2022-02-19T22:00:00.000000000,22911.1812,-13199.03324,-1884.500718
2022-02-19T22:15:00.000000000,23057.627521,-13016.806008,1000.286139
2022-02-19T22:30:00.000000000,22938.077756,-12666.42841,3867.723134
2022-02-19T22:45:00.000000000,22577.648165,-12118.909367,6668.028219
2022-02-19T23:00:00.000000000,22008.065204,-11351.620415,9352.490036
2022-02-19T23:15:00.000000000,21266.357936,-10349.384449,11874.342886
2022-02-19T23:30:00.000000000,20393.349236,-9105.27783,14189.611444
2022-02-19T23:45:00.000000000,19432.005859,-7621.111481,16257.907796
2022-02-18T00:00:00.000000000,18977.606624,-6869.106788,17106.582293
2022-02-18T00:15:00.000000000,17964.800111,-5057.243325,18752.647754
2022-02-18T00:30:00.000000000,16967.353098,-3046.860494,20072.240351
2022-02-18T00:45:00.000000000,16022.498154,-868.82984,21042.472026
2022-02-18T01:00:00.000000000,15162.322032,1439.235695,21646.615344
2022-02-18T01:15:00.000000000,14412.532156,3834.257712,21874.392713
2022-02-18T01:30:00.000000000,13791.491144,6269.183864,21722.14431
2022-02-18T01:45:00.000000000,13309.556942,8694.635369,21192.872576
2022-02-18T02:00:00.000000000,12968.753355,11060.644896,20296.163869
2022-02-18T02:15:00.000000000,12762.782051,13318.416119,19047.990538
2022-02-18T02:30:00.000000000,12677.37315,15422.035935,17470.39909
2022-02-18T02:45:00.000000000,12690.957922,17330.07292,15591.092326
2022-02-18T03:00:00.000000000,12775.634377,19007.000841,13442.915206
2022-02-18T03:15:00.000000000,12898.38527,20424.39369,11063.255738
2022-02-18T03:30:00.000000000,13022.498603,21561.848191,8493.373426
2022-02-18T03:45:00.000000000,13109.133417,22407.600994,5777.668623
2022-02-18T04:00:00.000000000,13118.968788,22958.819828,2962.906713
2022-02-18T04:15:00.000000000,13013.871559,23221.56067,97.411189
2022-02-18T04:30:00.000000000,12758.518426,23210.395689,-2769.760323
2022-02-18T04:45:00.000000000,12321.910537,22947.729056,-5589.643456
2022-02-18T05:00:00.000000000,11678.723531,22462.829075,-8314.184706
2022-02-18T05:15:00.000000000,10810.442664,21790.615291,-10897.036839
2022-02-18T05:30:00.000000000,9706.241126,20970.247746,-13294.320444
2022-02-18T05:45:00.000000000,8363.569416,20043.572325,-15465.34089
2022-02-18T06:00:00.000000000,6788.434402,19053.480852,-17373.250848
2022-02-18T06:15:00.000000000,4995.358012,18042.247233,-18985.649529
2022-02-18T06:30:00.000000000,3007.017114,17049.901453,-20275.110656
2022-02-18T06:45:00.000000000,853.577521,16112.701563,-21219.632127
2022-02-18T07:00:00.000000000,-1428.254014,15261.760188,-21803.00123
2022-02-18T07:15:00.000000000,-3796.425811,14521.876475,-22015.070117
2022-02-18T07:30:00.000000000,-6204.942384,13910.617092,-21851.937146
2022-02-18T07:45:00.000000000,-8605.420158,13437.681078,-21316.030642
2022-02-18T08:00:00.000000000,-10948.741374,13104.573216,-20416.092585
2022-02-18T08:15:00.000000000,-13186.745762,12904.599568,-19167.060852
2022-02-18T08:30:00.000000000,-15273.897536,12823.187024,-17589.849824
2022-02-18T08:45:00.000000000,-17168.865437,12838.51679,-15711.030558
2022-02-18T09:00:00.000000000,-18835.955984,12922.449796,-13562.413222
2022-02-18T09:15:00.000000000,-20246.344718,13041.710673,-11180.536144
2022-02-18T09:30:00.000000000,-21379.057097,13159.286576,-8606.067685
2022-02-18T09:45:00.000000000,-22221.659499,13235.988141,-5883.128971
2022-02-18T10:00:00.000000000,-22770.631478,13232.112699,-3058.547481
2022-02-18T10:15:00.000000000,-23031.402406,13109.144935,-181.053402
2022-02-18T10:30:00.000000000,-23018.048695,12831.42767,2699.567637
2022-02-18T10:45:00.000000000,-22752.66132,12367.735688,5533.350242
2022-02-18T11:00:00.000000000,-22264.406742,11692.688557,8271.036898
2022-02-18T11:15:00.000000000,-21588.317081,10787.944173,10864.960284
2022-02-18T11:30:00.000000000,-20763.856805,9643.123092,13269.902599
2022-02-18T11:45:00.000000000,-19833.322764,8256.424428,15443.91425
2022-02-18T12:00:00.000000000,-18840.141672,6634.906439,17349.074958
2022-02-18T12:15:00.000000000,-17827.133638,4794.418747,18952.181417
2022-02-18T12:30:00.000000000,-16834.811938,2759.187487,20225.347224
2022-02-18T12:45:00.000000000,-15899.78778,561.069055,21146.502856
2022-02-18T13:00:00.000000000,-15053.344346,-1761.498178,21699.785773
2022-02-18T13:15:00.000000000,-14320.237203,-4164.802378,21875.813354
2022-02-18T13:30:00.000000000,-13717.768585,-6601.374682,21671.834079
2022-02-18T13:45:00.000000000,-13255.17142,-9021.652965,21091.755212
2022-02-18T14:00:00.000000000,-12933.326087,-11375.726756,20146.047931
2022-02-18T14:15:00.000000000,-12744.819065,-13615.094369,18851.533507
2022-02-18T14:30:00.000000000,-12674.338703,-15694.363431,17231.056511
2022-02-18T14:45:00.000000000,-12699.389843,-17572.828949,15313.05322
2022-02-18T15:00:00.000000000,-12791.29644,-19215.868631,13131.025183
2022-02-18T15:15:00.000000000,-12916.450297,-20596.103113,10722.929455
2022-02-18T15:30:00.000000000,-13037.754887,-21694.27851,8130.498157
2022-02-18T15:45:00.000000000,-13116.206214,-22499.840066,5398.500821
2022-02-18T16:00:00.000000000,-13112.548181,-23011.177942,2573.963459
2022-02-18T16:15:00.000000000,-12988.937841,-23235.538894,-294.641528
2022-02-18T16:30:00.000000000,-12710.556363,-23188.610361,-3158.220613
2022-02-18T16:45:00.000000000,-12247.104394,-22893.795639,-5967.885975
2022-02-18T17:00:00.000000000,-11574.125544,-22381.210087,-8675.770807
2022-02-18T17:15:00.000000000,-10674.108716,-21686.43828,-11235.820752
2022-02-18T17:30:00.000000000,-9537.328641,-20849.100326,-13604.549983
2022-02-18T17:45:00.000000000,-8162.393907,-19911.282051,-15741.751254
2022-02-18T18:00:00.000000000,-6556.482635,-18915.888192,-17611.150269
2022-02-18T18:15:00.000000000,-4735.257328,-17904.980112,-19180.995612
2022-02-18T18:30:00.000000000,-2722.462017,-16918.159695,-20424.576403
2022-02-18T18:45:00.000000000,-549.21618,-15991.059242,-21320.660767
2022-02-18T19:00:00.000000000,1746.969288,-15153.993175,-21853.84909
2022-02-18T19:15:00.000000000,4123.418746,-14430.821602,-22014.836899
2022-02-18T19:30:00.000000000,6533.717105,-13838.068232,-21800.583085
2022-02-18T19:45:00.000000000,8929.282355,-13384.326109,-21214.380162
2022-02-18T20:00:00.000000000,11261.028225,-13069.974409,-20265.824195
2022-02-18T20:15:00.000000000,13481.056167,-12887.218325,-18970.683175
2022-02-18T20:30:00.000000000,15544.314129,-12820.452313,-17350.66384
2022-02-18T20:45:00.000000000,17410.160007,-12846.934954,-15433.078317
2022-02-18T21:00:00.000000000,19043.770443,-12937.751835,-13250.413512
2022-02-18T21:15:00.000000000,20417.340584,-13059.031611,-10839.807859
2022-02-18T21:30:00.000000000,21511.027508,-13173.370214,-8242.441851
2022-02-18T21:45:00.000000000,22313.599164,-13241.409387,-5502.85071
2022-02-18T22:00:00.000000000,22822.761527,-13223.508876,-2668.169418
2022-02-18T22:15:00.000000000,23045.148839,-13081.44696,212.677714
2022-02-18T22:30:00.000000000,22995.97496,-12780.08188,3089.829085
2022-02-18T22:45:00.000000000,22698.357414,-12288.907329,5913.364087
2022-02-18T23:00:00.000000000,22182.338999,-11583.438595,8634.191011
2022-02-18T23:15:00.000000000,21483.644479,-10646.372078,11204.927241
2022-02-18T23:30:00.000000000,20642.221046,-9468.469592,13580.754024
2022-02-18T23:45:00.000000000,19700.620501,-8049.12979,15720.228254
2022-02-19T00:00:00.000000000,18702.288047,-6396.621708,17586.034447
2022-02-19T00:15:00.000000000,17689.826675,-4527.969256,19145.661217
2022-02-19T00:30:00.000000000,16703.307332,-2468.489966,20371.988254
2022-02-19T00:45:00.000000000,15778.693148,-251.005545,21243.77185
2022-02-19T01:00:00.000000000,14946.441215,2085.244575,21746.01942
2022-02-19T01:15:00.000000000,14230.337818,4495.943369,21870.246066
2022-02-19T01:30:00.000000000,13646.613127,6933.236429,21614.609001
2022-02-19T01:45:00.000000000,13203.369568,9347.410775,20983.918444
2022-02-19T02:00:00.000000000,12900.344969,11688.645506,19989.526289
2022-02-19T02:15:00.000000000,12729.017781,13908.765224,18649.096516
2022-02-19T02:30:00.000000000,12673.0477,15962.92765,16986.263602
2022-02-19T02:45:00.000000000,12709.031636,17811.180172,15030.187381
2022-02-19T03:00:00.000000000,12807.5426,19419.825997,12815.014539
2022-02-19T03:15:00.000000000,12934.408224,20762.548783,10379.258431
2022-02-19T03:30:00.000000000,13052.176812,21821.254635,7765.110009
2022-02-19T03:45:00.000000000,13121.712118,22586.60187,5017.693412
2022-02-19T04:00:00.000000000,13103.853869,23058.201293,2184.280198
2022-02-19T04:15:00.000000000,12961.079331,23244.482522,-686.523653
2022-02-19T04:30:00.000000000,12659.102011,23162.234554,-3545.604024
2022-02-19T04:45:00.000000000,12168.346722,22835.840866,-6344.164688
2022-02-19T05:00:00.000000000,11465.245607,22296.24046,-9034.540061
2022-02-19T05:15:00.000000000,10533.306919,21579.655973,-11570.98248
2022-02-19T05:30:00.000000000,9363.917205,20726.138095,-13910.412603
2022-02-19T05:45:00.000000000,7956.847635,19777.981703,-16013.122406
2022-02-19T06:00:00.000000000,6320.446146,18778.073318,-17843.42126
2022-02-19T06:15:00.000000000,4471.508499,17768.231531,-19370.216438
2022-02-19T06:30:00.000000000,2434.832962,16787.601927,-20567.520364
2022-02-19T06:45:00.000000000,242.474593,15871.165896,-21414.877792
2022-02-19T07:00:00.000000000,-2067.27417,15048.418469,-21897.707027
2022-02-19T07:15:00.000000000,-4451.140047,14342.264276,-22007.55012
2022-02-19T07:30:00.000000000,-6862.317449,13768.172991,-21742.227914
2022-02-19T07:45:00.000000000,-9252.056748,13333.626379,-21105.896729
2022-02-19T08:00:00.000000000,-11571.334568,13037.878727,-20109.004487
2022-02-19T08:15:00.000000000,-13772.544907,12872.041099,-18768.145214
2022-02-19T08:30:00.000000000,-15811.14851,12819.488051,-17105.81209
2022-02-19T08:45:00.000000000,-17647.218614,12856.573431,-15150.050621
2022-02-19T09:00:00.000000000,-19246.824288,12953.630092,-12934.015088
2022-02-19T09:15:00.000000000,-20583.197821,13076.217204,-10495.433114
2022-02-19T09:30:00.000000000,-21637.639988,13186.568859,-7875.985035
2022-02-19T09:45:00.000000000,-22400.126451,13245.189076,-5120.606681
2022-02-19T10:00:00.000000000,-22869.589544,13212.531766,-2276.726064
2022-02-19T10:15:00.000000000,-23053.862093,13050.699901,606.55361
2022-02-19T10:30:00.000000000,-22969.283122,12725.096356,3479.310518
2022-02-19T10:45:00.000000000,-22639.978863,12205.959887,6291.684836
2022-02-19T11:00:00.000000000,-22096.845737,11469.723537,8994.76664
2022-02-19T11:15:00.000000000,-21376.274439,10500.139201,11541.473663
2022-02-19T11:30:00.000000000,-20518.665205,9289.121162,13887.401223
2022-02-19T11:45:00.000000000,-19566.793321,7837.272565,15991.626783
2022-02-19T12:00:00.000000000,-18564.09048,6154.071669,17817.452487
2022-02-19T12:15:00.000000000,-17552.91132,4257.708648,19333.070177
2022-02-19T12:30:00.000000000,-16572.855238,2174.578227,20512.135162
2022-02-19T12:45:00.000000000,-15659.211284,-61.552377,21334.237083
2022-02-19T13:00:00.000000000,-14841.588719,-2410.667278,21785.258695
2022-02-19T13:15:00.000000000,-14142.787934,-4827.872679,21857.615964
2022-02-19T13:30:00.000000000,-13577.956219,-7264.959718,21550.375682
2022-02-19T13:45:00.000000000,-13154.060864,-9672.097066,20869.249575
2022-02-19T14:00:00.000000000,-12869.698861,-11999.586034,19826.466599
2022-02-19T14:15:00.000000000,-12715.248569,-14199.609,18440.527665
2022-02-19T14:30:00.000000000,-12673.354816,-16227.902902,16735.84942
2022-02-19T14:45:00.000000000,-12719.725635,-18045.293151,14742.305742
2022-02-19T15:00:00.000000000,-12824.206597,-19619.029664,12494.677383
2022-02-19T15:15:00.000000000,-12952.088168,-20923.875139,10032.021606
2022-02-19T15:30:00.000000000,-13065.5929,-21942.905946,7396.974729
2022-02-19T15:45:00.000000000,-13125.482969,-22667.997681,4635.001228
2022-02-19T16:00:00.000000000,-13092.72466,-23099.97987,1793.603381
2022-02-19T16:15:00.000000000,-12930.145088,-23248.457078,-1078.494392
2022-02-19T16:30:00.000000000,-12604.017509,-23131.306324,-3932.172596
2022-02-19T16:45:00.000000000,-12085.515078,-22773.872688,-6718.741662
2022-02-19T17:00:00.000000000,-11351.9785,-22207.895915,-9390.751944
2022-02-19T17:15:00.000000000,-10387.950533,-21470.210372,-11902.776626
2022-02-19T17:30:00.000000000,-9185.939256,-20601.268557,-14212.156246
2022-02-19T17:45:00.000000000,-7746.882335,-19643.544261,-16279.694451
2022-02-19T18:00:00.000000000,-6080.29548,-18639.875404,-18070.295591
2022-02-19T18:15:00.000000000,-4204.099792,-17631.808297,-19553.535636
2022-02-19T18:30:00.000000000,-2144.134251,-16658.004698,-20704.158844
2022-02-19T18:45:00.000000000,66.629143,-15752.770563,-21502.493529
2022-02-19T19:00:00.000000000,2389.139486,-14944.760935,-21934.781125
2022-02-19T19:15:00.000000000,4779.552536,-14255.909085,-21993.413612
2022-02-19T19:30:00.000000000,7190.701516,-13700.620094,-21677.075324
2022-02-19T19:45:00.000000000,9573.700078,-13285.259649,-20990.786022
2022-02-19T20:00:00.000000000,11879.619088,-13007.958315,-19945.843206
2022-02-19T20:15:00.000000000,14061.175751,-12858.74016,-18559.662744
2022-02-19T20:30:00.000000000,16074.372454,-12819.972711,-16855.51816
2022-02-19T20:45:00.000000000,17880.023715,-12867.123247,-14862.180383
2022-02-19T21:00:00.000000000,19445.113068,-12969.794686,-12613.461322
2022-02-19T21:15:00.000000000,20743.927202,-13093.003303,-10147.666343
2022-02-19T21:30:00.000000000,21758.922356,-13198.650714,-7506.962622
2022-02-19T21:45:00.000000000,22481.287645,-13247.134203,-4736.67223
2022-02-19T22:00:00.000000000,22911.1812,-13199.03324,-1884.500718
2022-02-19T22:15:00.000000000,23057.627521,-13016.806008,1000.286139
2022-02-19T22:30:00.000000000,22938.077756,-12666.42841,3867.723134
2022-02-19T22:45:00.000000000,22577.648165,-12118.909367,6668.028219
2022-02-19T23:00:00.000000000,22008.065204,-11351.620415,9352.490036
2022-02-19T23:15:00.000000000,21266.357936,-10349.384449,11874.342886
2022-02-19T23:30:00.000000000,20393.349236,-9105.27783,14189.611444
2022-02-19T23:45:00.000000000,19432.005859,-7621.111481,16257.907796
2022-02-18T00:00:00.000000000,18977.606624,-6869.106788,17106.582293
2022-02-18T00:15:00.000000000,17964.800111,-5057.243325,18752.647754
2022-02-18T00:30:00.000000000,16967.353098,-3046.860494,20072.240351
2022-02-18T00:45:00.000000000,16022.498154,-868.82984,21042.472026
2022-02-18T01:00:00.000000000,15162.322032,1439.235695,21646.615344
2022-02-18T01:15:00.000000000,14412.532156,3834.257712,21874.392713
2022-02-18T01:30:00.000000000,13791.491144,6269.183864,21722.14431
2022-02-18T01:45:00.000000000,13309.556942,8694.635369,21192.872576
2022-02-18T02:00:00.000000000,12968.753355,11060.644896,20296.163869
2022-02-18T02:15:00.000000000,12762.782051,13318.416119,19047.990538
2022-02-18T02:30:00.000000000,12677.37315,15422.035935,17470.39909
2022-02-18T02:45:00.000000000,12690.957922,17330.07292,15591.092326
2022-02-18T03:00:00.000000000,12775.634377,19007.000841,13442.915206
2022-02-18T03:15:00.000000000,12898.38527,20424.39369,11063.255738
2022-02-18T03:30:00.000000000,13022.498603,21561.848191,8493.373426
2022-02-18T03:45:00.000000000,13109.133417,22407.600994,5777.668623
2022-02-18T04:00:00.000000000,13118.968788,22958.819828,2962.906713
2022-02-18T04:15:00.000000000,13013.871559,23221.56067,97.411189
2022-02-18T04:30:00.000000000,12758.518426,23210.395689,-2769.760323
2022-02-18T04:45:00.000000000,12321.910537,22947.729056,-5589.643456
2022-02-18T05:00:00.000000000,11678.723531,22462.829075,-8314.184706
2022-02-18T05:15:00.000000000,10810.442664,21790.615291,-10897.036839
2022-02-18T05:30:00.000000000,9706.241126,20970.247746,-13294.320444
2022-02-18T05:45:00.000000000,8363.569416,20043.572325,-15465.34089
2022-02-18T06:00:00.000000000,6788.434402,19053.480852,-17373.250848
2022-02-18T06:15:00.000000000,4995.358012,18042.247233,-18985.649529
2022-02-18T06:30:00.000000000,3007.017114,17049.901453,-20275.110656
2022-02-18T06:45:00.000000000,853.577521,16112.701563,-21219.632127
2022-02-18T07:00:00.000000000,-1428.254014,15261.760188,-21803.00123
2022-02-18T07:15:00.000000000,-3796.425811,14521.876475,-22015.070117
2022-02-18T07:30:00.000000000,-6204.942384,13910.617092,-21851.937146
2022-02-18T07:45:00.000000000,-8605.420158,13437.681078,-21316.030642
2022-02-18T08:00:00.000000000,-10948.741374,13104.573216,-20416.092585
2022-02-18T08:15:00.000000000,-13186.745762,12904.599568,-19167.060852
2022-02-18T08:30:00.000000000,-15273.897536,12823.187024,-17589.849824
2022-02-18T08:45:00.000000000,-17168.865437,12838.51679,-15711.030558
2022-02-18T09:00:00.000000000,-18835.955984,12922.449796,-13562.413222
2022-02-18T09:15:00.000000000,-20246.344718,13041.710673,-11180.536144
2022-02-18T09:30:00.000000000,-21379.057097,13159.286576,-8606.067685
2022-02-18T09:45:00.000000000,-22221.659499,13235.988141,-5883.128971
2022-02-18T10:00:00.000000000,-22770.631478,13232.112699,-3058.547481
2022-02-18T10:15:00.000000000,-23031.402406,13109.144935,-181.053402
2022-02-18T10:30:00.000000000,-23018.048695,12831.42767,2699.567637
2022-02-18T10:45:00.000000000,-22752.66132,12367.735688,5533.350242
2022-02-18T11:00:00.000000000,-22264.406742,11692.688557,8271.036898
2022-02-18T11:15:00.000000000,-21588.317081,10787.944173,10864.960284
2022-02-18T11:30:00.000000000,-20763.856805,9643.123092,13269.902599
2022-02-18T11:45:00.000000000,-19833.322764,8256.424428,15443.91425
2022-02-18T12:00:00.000000000,-18840.141672,6634.906439,17349.074958
2022-02-18T12:15:00.000000000,-17827.133638,4794.418747,18952.181417
2022-02-18T12:30:00.000000000,-16834.811938,2759.187487,20225.347224
2022-02-18T12:45:00.000000000,-15899.78778,561.069055,21146.502856
2022-02-18T13:00:00.000000000,-15053.344346,-1761.498178,21699.785773
2022-02-18T13:15:00.000000000,-14320.237203,-4164.802378,21875.813354
2022-02-18T13:30:00.000000000,-13717.768585,-6601.374682,21671.834079
2022-02-18T13:45:00.000000000,-13255.17142,-9021.652965,21091.755212
2022-02-18T14:00:00.000000000,-12933.326087,-11375.726756,20146.047931
2022-02-18T14:15:00.000000000,-12744.819065,-13615.094369,18851.533507
2022-02-18T14:30:00.000000000,-12674.338703,-15694.363431,17231.056511
2022-02-18T14:45:00.000000000,-12699.389843,-17572.828949,15313.05322
2022-02-18T15:00:00.000000000,-12791.29644,-19215.868631,13131.025183
2022-02-18T15:15:00.000000000,-12916.450297,-20596.103113,10722.929455
2022-02-18T15:30:00.000000000,-13037.754887,-21694.27851,8130.498157
2022-02-18T15:45:00.000000000,-13116.206214,-22499.840066,5398.500821
2022-02-18T16:00:00.000000000,-13112.548181,-23011.177942,2573.963459
2022-02-18T16:15:00.000000000,-12988.937841,-23235.538894,-294.641528
2022-02-18T16:30:00.000000000,-12710.556363,-23188.610361,-3158.220613
2022-02-18T16:45:00.000000000,-12247.104394,-22893.795639,-5967.885975
2022-02-18T17:00:00.000000000,-11574.125544,-22381.210087,-8675.770807
2022-02-18T17:15:00.000000000,-10674.108716,-21686.43828,-11235.820752
2022-02-18T17:30:00.000000000,-9537.328641,-20849.100326,-13604.549983
2022-02-18T17:45:00.000000000,-8162.393907,-19911.282051,-15741.751254
2022-02-18T18:00:00.000000000,-6556.482635,-18915.888192,-17611.150269
2022-02-18T18:15:00.000000000,-4735.257328,-17904.980112,-19180.995612
2022-02-18T18:30:00.000000000,-2722.462017,-16918.159695,-20424.576403
2022-02-18T18:45:00.000000000,-549.21618,-15991.059242,-21320.660767
2022-02-18T19:00:00.000000000,1746.969288,-15153.993175,-21853.84909
2022-02-18T19:15:00.000000000,4123.418746,-14430.821602,-22014.836899
2022-02-18T19:30:00.000000000,6533.717105,-13838.068232,-21800.583085
2022-02-18T19:45:00.000000000,8929.282355,-13384.326109,-21214.380162
2022-02-18T20:00:00.000000000,11261.028225,-13069.974409,-20265.824195
2022-02-18T20:15:00.000000000,13481.056167,-12887.218325,-18970.683175
2022-02-18T20:30:00.000000000,15544.314129,-12820.452313,-17350.66384
2022-02-18T20:45:00.000000000,17410.160007,-12846.934954,-15433.078317
2022-02-18T21:00:00.000000000,19043.770443,-12937.751835,-13250.413512
2022-02-18T21:15:00.000000000,20417.340584,-13059.031611,-10839.807859
2022-02-18T21:30:00.000000000,21511.027508,-13173.370214,-8242.441851
2022-02-18T21:45:00.000000000,22313.599164,-13241.409387,-5502.85071
2022-02-18T22:00:00.000000000,22822.761527,-13223.508876,-2668.169418
2022-02-18T22:15:00.000000000,23045.148839,-13081.44696,212.677714
2022-02-18T22:30:00.000000000,22995.97496,-12780.08188,3089.829085
2022-02-18T22:45:00.000000000,22698.357414,-12288.907329,5913.364087
2022-02-18T23:00:00.000000000,22182.338999,-11583.438595,8634.191011
2022-02-18T23:15:00.000000000,21483.644479,-10646.372078,11204.927241
2022-02-18T23:30:00.000000000,20642.221046,-9468.469592,13580.754024
2022-02-18T23:45:00.000000000,19700.620501,-8049.12979,15720.228254
2022-02-19T00:00:00.000000000,18702.288047,-6396.621708,17586.034447
2022-02-19T00:15:00.000000000,17689.826675,-4527.969256,19145.661217
2022-02-19T00:30:00.000000000,16703.307332,-2468.489966,20371.988254
2022-02-19T00:45:00.000000000,15778.693148,-251.005545,21243.77185
2022-02-19T01:00:00.000000000,14946.441215,2085.244575,21746.01942
2022-02-19T01:15:00.000000000,14230.337818,4495.943369,21870.246066
2022-02-19T01:30:00.000000000,13646.613127,6933.236429,21614.609001
2022-02-19T01:45:00.000000000,13203.369568,9347.410775,20983.918444
2022-02-19T02:00:00.000000000,12900.344969,11688.645506,19989.526289
2022-02-19T02:15:00.000000000,12729.017781,13908.765224,18649.096516
2022-02-19T02:30:00.000000000,12673.0477,15962.92765,16986.263602
2022-02-19T02:45:00.000000000,12709.031636,17811.180172,15030.187381
2022-02-19T03:00:00.000000000,12807.5426,19419.825997,12815.014539
2022-02-19T03:15:00.000000000,12934.408224,20762.548783,10379.258431
2022-02-19T03:30:00.000000000,13052.176812,21821.254635,7765.110009
2022-02-19T03:45:00.000000000,13121.712118,22586.60187,5017.693412
2022-02-19T04:00:00.000000000,13103.853869,23058.201293,2184.280198
2022-02-19T04:15:00.000000000,12961.079331,23244.482522,-686.523653
2022-02-19T04:30:00.000000000,12659.102011,23162.234554,-3545.604024
2022-02-19T04:45:00.000000000,12168.346722,22835.840866,-6344.164688
2022-02-19T05:00:00.000000000,11465.245607,22296.24046,-9034.540061
2022-02-19T05:15:00.000000000,10533.306919,21579.655973,-11570.98248
2022-02-19T05:30:00.000000000,9363.917205,20726.138095,-13910.412603
2022-02-19T05:45:00.000000000,7956.847635,19777.981703,-16013.122406
2022-02-19T06:00:00.000000000,6320.446146,18778.073318,-17843.42126
2022-02-19T06:15:00.000000000,4471.508499,17768.231531,-19370.216438
2022-02-19T06:30:00.000000000,2434.832962,16787.601927,-20567.520364
2022-02-19T06:45:00.000000000,242.474593,15871.165896,-21414.877792
2022-02-19T07:00:00.000000000,-2067.27417,15048.418469,-21897.707027
2022-02-19T07:15:00.000000000,-4451.140047,14342.264276,-22007.55012
2022-02-19T07:30:00.000000000,-6862.317449,13768.172991,-21742.227914
2022-02-19T07:45:00.000000000,-9252.056748,13333.626379,-21105.896729
2022-02-19T08:00:00.000000000,-11571.334568,13037.878727,-20109.004487
2022-02-19T08:15:00.000000000,-13772.544907,12872.041099,-18768.145214
2022-02-19T08:30:00.000000000,-15811.14851,12819.488051,-17105.81209
2022-02-19T08:45:00.000000000,-17647.218614,12856.573431,-15150.050621
2022-02-19T09:00:00.000000000,-19246.824288,12953.630092,-12934.015088
2022-02-19T09:15:00.000000000,-20583.197821,13076.217204,-10495.433114
2022-02-19T09:30:00.000000000,-21637.639988,13186.568859,-7875.985035
2022-02-19T09:45:00.000000000,-22400.126451,13245.189076,-5120.606681
2022-02-19T10:00:00.000000000,-22869.589544,13212.531766,-2276.726064
2022-02-19T10:15:00.000000000,-23053.862093,13050.699901,606.55361
2022-02-19T10:30:00.000000000,-22969.283122,12725.096356,3479.310518
2022-02-19T10:45:00.000000000,-22639.978863,12205.959887,6291.684836
2022-02-19T11:00:00.000000000,-22096.845737,11469.723537,8994.76664
2022-02-19T11:15:00.000000000,-21376.274439,10500.139201,11541.473663
2022-02-19T11:30:00.000000000,-20518.665205,9289.121162,13887.401223
2022-02-19T11:45:00.000000000,-19566.793321,7837.272565,15991.626783
2022-02-19T12:00:00.000000000,-18564.09048,6154.071669,17817.452487
2022-02-19T12:15:00.000000000,-17552.91132,4257.708648,19333.070177
2022-02-19T12:30:00.000000000,-16572.855238,2174.578227,20512.135162
2022-02-19T12:45:00.000000000,-15659.211284,-61.552377,21334.237083
2022-02-19T13:00:00.000000000,-14841.588719,-2410.667278,21785.258695
2022-02-19T13:15:00.000000000,-14142.787934,-4827.872679,21857.615964
2022-02-19T13:30:00.000000000,-13577.956219,-7264.959718,21550.375682
2022-02-19T13:45:00.000000000,-13154.060864,-9672.097066,20869.249575
2022-02-19T14:00:00.000000000,-12869.698861,-11999.586034,19826.466599
2022-02-19T14:15:00.000000000,-12715.248569,-14199.609,18440.527665
2022-02-19T14:30:00.000000000,-12673.354816,-16227.902902,16735.84942
2022-02-19T14:45:00.000000000,-12719.725635,-18045.293151,14742.305742
2022-02-19T15:00:00.000000000,-12824.206597,-19619.029664,12494.677383
2022-02-19T15:15:00.000000000,-12952.088168,-20923.875139,10032.021606
2022-02-19T15:30:00.000000000,-13065.5929,-21942.905946,7396.974729
2022-02-19T15:45:00.000000000,-13125.482969,-22667.997681,4635.001228
2022-02-19T16:00:00.000000000,-13092.72466,-23099.97987,1793.603381
2022-02-19T16:15:00.000000000,-12930.145088,-23248.457078,-1078.494392
2022-02-19T16:30:00.000000000,-12604.017509,-23131.306324,-3932.172596
2022-02-19T16:45:00.000000000,-12085.515078,-22773.872688,-6718.741662
2022-02-19T17:00:00.000000000,-11351.9785,-22207.895915,-9390.751944
2022-02-19T17:15:00.000000000,-10387.950533,-21470.210372,-11902.776626
2022-02-19T17:30:00.000000000,-9185.939256,-20601.268557,-14212.156246
2022-02-19T17:45:00.000000000,-7746.882335,-19643.544261,-16279.694451
2022-02-19T18:00:00.000000000,-6080.29548,-18639.875404,-18070.295591
2022-02-19T18:15:00.000000000,-4204.099792,-17631.808297,-19553.535636
2022-02-19T18:30:00.000000000,-2144.134251,-16658.004698,-20704.158844
2022-02-19T18:45:00.000000000,66.629143,-15752.770563,-21502.493529
2022-02-19T19:00:00.000000000,2389.139486,-14944.760935,-21934.781125
2022-02-19T19:15:00.000000000,4779.552536,-14255.909085,-21993.413612
2022-02-19T19:30:00.000000000,7190.701516,-13700.620094,-21677.075324
2022-02-19T19:45:00.000000000,9573.700078,-13285.259649,-20990.786022
2022-02-19T20:00:00.000000000,11879.619088,-13007.958315,-19945.843206
2022-02-19T20:15:00.000000000,14061.175751,-12858.74016,-18559.662744
2022-02-19T20:30:00.000000000,16074.372454,-12819.972711,-16855.51816
2022-02-19T20:45:00.000000000,17880.023715,-12867.123247,-14862.180383
2022-02-19T21:00:00.000000000,19445.113068,-12969.794686,-12613.461322
2022-02-19T21:15:00.000000000,20743.927202,-13093.003303,-10147.666343
2022-02-19T21:30:00.000000000,21758.922356,-13198.650714,-7506.962622
2022-02-19T21:45:00.000000000,22481.287645,-13247.134203,-4736.67223
2022-02-19T22:00:00.000000000,22911.1812,-13199.03324,-1884.500718
2022-02-19T22:15:00.000000000,23057.627521,-13016.806008,1000.286139
2022-02-19T22:30:00.000000000,22938.077756,-12666.42841,3867.723134
2022-02-19T22:45:00.000000000,22577.648165,-12118.909367,6668.028219
2022-02-19T23:00:00.000000000,22008.065204,-11351.620415,9352.490036
2022-02-19T23:15:00.000000000,21266.357936,-10349.384449,11874.342886
2022-02-19T23:30:00.000000000,20393.349236,-9105.27783,14189.611444
2022-02-19T23:45:00.000000000,19432.005859,-7621.111481,16257.907796
