2022-02-19T00:00:00.000000000,-23506.614014,4514.944168,-11619.64371
2022-02-19T00:15:00.000000000,-24654.790362,4223.488713,-9062.663596
2022-02-19T00:30:00.000000000,-25519.506283,4010.084618,-6350.494483
2022-02-19T00:45:00.000000000,-26081.577483,3838.9254,-3529.538411
2022-02-19T01:00:00.000000000,-26330.538118,3671.71103,-648.094116
2022-02-19T01:15:00.000000000,-26265.003024,3469.310705,2244.458372
2022-02-19T01:30:00.000000000,-25892.694843,3193.463102,5098.49463
2022-02-19T01:45:00.000000000,-25230.134118,2808.448405,7864.990589
2022-02-19T02:00:00.000000000,-24302.003254,2282.667115,10496.361089
2022-02-19T02:15:00.000000000,-23140.207736,1590.063867,12947.278034
2022-02-19T02:30:00.000000000,-21782.669713,711.340045,15175.454073
2022-02-19T02:45:00.000000000,-20271.899515,-365.093151,17142.377992
2022-02-19T03:00:00.000000000,-18653.399458,-1642.459835,18813.988704
2022-02-19T03:15:00.000000000,-16973.96107,-3115.290049,20161.275515
2022-02-19T03:30:00.000000000,-15279.921269,-4769.430633,21160.793473
2022-02-19T03:45:00.000000000,-13615.444939,-6582.397972,21795.083971
2022-02-19T04:00:00.000000000,-12020.900607,-8524.060833,22052.992303
2022-02-19T04:15:00.000000000,-10531.392541,-10557.628498,21929.875661
2022-02-19T04:30:00.000000000,-9175.506715,-12640.907267,21427.696953
2022-02-19T04:45:00.000000000,-7974.319802,-14727.777596,20555.0019
2022-02-19T05:00:00.000000000,-6940.710187,-16769.835178,19326.779033
2022-02-19T05:15:00.000000000,-6078.998072,-18718.132507,17764.204434
2022-02-19T05:30:00.000000000,-5384.928732,-20524.953219,15894.275307
2022-02-19T05:45:00.000000000,-4845.999341,-22145.549918,13749.338703
2022-02-19T06:00:00.000000000,-4442.116059,-23539.777452,11366.52382
2022-02-19T06:15:00.000000000,-4146.554794,-24673.557649,8787.088301
2022-02-19T06:30:00.000000000,-3927.186947,-25520.118086,6055.690725
2022-02-19T06:45:00.000000000,-3747.920815,-26060.956638,3219.60302
2022-02-19T07:00:00.000000000,-3570.300765,-26286.494251,327.877656
2022-02-19T07:15:00.000000000,-3355.200121,-26196.391107,-2569.514588
2022-02-19T07:30:00.000000000,-3064.540164,-25799.514681,-5422.560099
2022-02-19T07:45:00.000000000,-2662.966846,-25113.56203,-8182.074891
2022-02-19T08:00:00.000000000,-2119.418958,-24164.352524,-10800.55802
2022-02-19T08:15:00.000000000,-1408.52604,-22984.819786,-13233.010736
2022-02-19T08:30:00.000000000,-511.781474,-21613.74339,-15437.707071
2022-02-19T08:45:00.000000000,581.554607,-20094.270637,-17376.902815
2022-02-19T09:00:00.000000000,1873.857179,-18472.286442,-19017.471384
2022-02-19T09:15:00.000000000,3358.865451,-16794.694763,-20331.456628
2022-02-19T09:30:00.000000000,5021.749012,-15107.677782,-21296.534375
2022-02-19T09:45:00.000000000,6839.507825,-13454.999367,-21896.376236
2022-02-19T10:00:00.000000000,8781.690254,-11876.417069,-22120.91093
2022-02-19T10:15:00.000000000,10811.401337,-10406.262338,-21966.480077
2022-02-19T10:30:00.000000000,12886.56282,-9072.241874,-21435.887031
2022-02-19T10:45:00.000000000,14961.377184,-7894.504398,-20538.338892
2022-02-19T11:00:00.000000000,16987.940426,-6885.007013,-19289.283316
2022-02-19T11:15:00.000000000,18917.943006,-6047.203987,-17710.143184
2022-02-19T11:30:00.000000000,20704.395141,-5376.068667,-15827.953532
2022-02-19T11:45:00.000000000,22303.311722,-4858.446885,-13674.906502
2022-02-19T12:00:00.000000000,23675.293646,-4473.727752,-11287.811317
2022-02-19T12:15:00.000000000,24786.946044,-4194.80593,-8707.477525
2022-02-19T12:30:00.000000000,25612.079834,-3989.298524,-5978.030944
2022-02-19T12:45:00.000000000,26132.650975,-3820.970037,-3146.172798
2022-02-19T13:00:00.000000000,26339.401408,-3651.3109,-260.393584
2022-02-19T13:15:00.000000000,26232.176765,-3441.209021,2629.845922
2022-02-19T13:30:00.000000000,25819.907978,-3152.650044,5474.953357
2022-02-19T13:45:00.000000000,25120.256616,-2750.38052,8226.049493
2022-02-19T14:00:00.000000000,24158.936522,-2203.469334,10835.804861
2022-02-19T14:15:00.000000000,22968.736793,-1486.706193,13259.254115
2022-02-19T14:30:00.000000000,21588.28266,-581.781921,15454.574066
2022-02-19T14:45:00.000000000,20060.581146,521.796614,17383.81165
2022-02-19T15:00:00.000000000,18431.406888,1826.094112,19013.548783
2022-02-19T15:15:00.000000000,16747.589965,3324.462701,20315.49194
2022-02-19T15:30:00.000000000,15055.271711,5001.599045,21266.975405
2022-02-19T15:45:00.000000000,13398.195984,6833.94252,21851.368548
2022-02-19T16:00:00.000000000,11816.102313,8790.400901,22058.379073
2022-02-19T16:15:00.000000000,10343.283613,10833.37706,21884.245941
2022-02-19T16:30:00.000000000,9007.364901,12920.058181,21331.817643
2022-02-19T16:45:00.000000000,7828.350947,15003.918462,20410.513556
2022-02-19T17:00:00.000000000,6817.980314,17036.377539,19136.16831
2022-02-19T17:15:00.000000000,5979.411171,18968.550453,17530.761314
2022-02-19T17:30:00.000000000,5307.251115,20753.021082,15622.03583
2022-02-19T17:45:00.000000000,4787.929562,22345.569744,13443.01422
2022-02-19T18:00:00.000000000,4400.39757,23706.787344,11031.418068
2022-02-19T18:15:00.000000000,4117.126791,24803.512789,8429.003833
2022-02-19T18:30:00.000000000,3905.367336,25610.037361,5680.826484
2022-02-19T18:45:00.000000000,3728.613933,26109.029172,2834.444989
2022-02-19T19:00:00.000000000,3548.221531,26292.141719,-60.915337
2022-02-19T19:15:00.000000000,3325.105641,26160.283531,-2955.227741
2022-02-19T19:30:00.000000000,3021.459574,25723.539218,-5798.540006
2022-02-19T19:45:00.000000000,2602.420278,25000.746163,-8541.845247
2022-02-19T20:00:00.000000000,2037.616989,24018.744838,-11137.931581
2022-02-19T20:15:00.000000000,1302.541835,22811.333145,-13542.195564
2022-02-19T20:30:00.000000000,379.688921,21417.966779,-15713.405256
2022-02-19T20:45:00.000000000,-740.582072,19882.257061,-17614.400057
2022-02-19T21:00:00.000000000,-2059.490813,18250.325195,-19212.716
2022-02-19T21:15:00.000000000,-3569.610577,16569.076836,-20481.126801
2022-02-19T21:30:00.000000000,-5254.979838,14884.463428,-21398.092651
2022-02-19T21:45:00.000000000,-7091.546316,13239.796646,-21948.110538
2022-02-19T22:00:00.000000000,-9047.925952,11674.179734,-22121.961565
2022-02-19T22:15:00.000000000,-11086.447561,10221.114628,-21916.852437
2022-02-19T22:30:00.000000000,-13164.443267,8907.336715,-21336.449923
2022-02-19T22:45:00.000000000,-15235.735882,7751.920242,-20390.808615
2022-02-19T23:00:00.000000000,-17252.26713,6765.687061,-19096.193836
2022-02-19T23:15:00.000000000,-19165.805554,5950.939948,-17474.802911
2022-02-19T23:30:00.000000000,-20929.670047,5301.529549,-15554.38943
2022-02-19T23:45:00.000000000,-22500.404375,4803.25161,-13367.796393
2022-02-19T00:00:00.000000000,-23506.614014,4514.944168,-11619.64371
2022-02-19T00:15:00.000000000,-24654.790362,4223.488713,-9062.663596
2022-02-19T00:30:00.000000000,-25519.506283,4010.084618,-6350.494483
2022-02-19T00:45:00.000000000,-26081.577483,3838.9254,-3529.538411
2022-02-19T01:00:00.000000000,-26330.538118,3671.71103,-648.094116
2022-02-19T01:15:00.000000000,-26265.003024,3469.310705,2244.458372
2022-02-19T01:30:00.000000000,-25892.694843,3193.463102,5098.49463
2022-02-19T01:45:00.000000000,-25230.134118,2808.448405,7864.990589
2022-02-19T02:00:00.000000000,-24302.003254,2282.667115,10496.361089
2022-02-19T02:15:00.000000000,-23140.207736,1590.063867,12947.278034
2022-02-19T02:30:00.000000000,-21782.669713,711.340045,15175.454073
2022-02-19T02:45:00.000000000,-20271.899515,-365.093151,17142.377992
2022-02-19T03:00:00.000000000,-18653.399458,-1642.459835,18813.988704
2022-02-19T03:15:00.000000000,-16973.96107,-3115.290049,20161.275515
2022-02-19T03:30:00.000000000,-15279.921269,-4769.430633,21160.793473
2022-02-19T03:45:00.000000000,-13615.444939,-6582.397972,21795.083971
2022-02-19T04:00:00.000000000,-12020.900607,-8524.060833,22052.992303
2022-02-19T04:15:00.000000000,-10531.392541,-10557.628498,21929.875661
2022-02-19T04:30:00.000000000,-9175.506715,-12640.907267,21427.696953
2022-02-19T04:45:00.000000000,-7974.319802,-14727.777596,20555.0019
2022-02-19T05:00:00.000000000,-6940.710187,-16769.835178,19326.779033
2022-02-19T05:15:00.000000000,-6078.998072,-18718.132507,17764.204434
2022-02-19T05:30:00.000000000,-5384.928732,-20524.953219,15894.275307
2022-02-19T05:45:00.000000000,-4845.999341,-22145.549918,13749.338703
2022-02-19T06:00:00.000000000,-4442.116059,-23539.777452,11366.52382
2022-02-19T06:15:00.000000000,-4146.554794,-24673.557649,8787.088301
2022-02-19T06:30:00.000000000,-3927.186947,-25520.118086,6055.690725
2022-02-19T06:45:00.000000000,-3747.920815,-26060.956638,3219.60302
2022-02-19T07:00:00.000000000,-3570.300765,-26286.494251,327.877656
2022-02-19T07:15:00.000000000,-3355.200121,-26196.391107,-2569.514588
2022-02-19T07:30:00.000000000,-3064.540164,-25799.514681,-5422.560099
2022-02-19T07:45:00.000000000,-2662.966846,-25113.56203,-8182.074891
2022-02-19T08:00:00.000000000,-2119.418958,-24164.352524,-10800.55802
2022-02-19T08:15:00.000000000,-1408.52604,-22984.819786,-13233.010736
2022-02-19T08:30:00.000000000,-511.781474,-21613.74339,-15437.707071
2022-02-19T08:45:00.000000000,581.554607,-20094.270637,-17376.902815
2022-02-19T09:00:00.000000000,1873.857179,-18472.286442,-19017.471384
2022-02-19T09:15:00.000000000,3358.865451,-16794.694763,-20331.456628
2022-02-19T09:30:00.000000000,5021.749012,-15107.677782,-21296.534375
2022-02-19T09:45:00.000000000,6839.507825,-13454.999367,-21896.376236
2022-02-19T10:00:00.000000000,8781.690254,-11876.417069,-22120.91093
2022-02-19T10:15:00.000000000,10811.401337,-10406.262338,-21966.480077
2022-02-19T10:30:00.000000000,12886.56282,-9072.241874,-21435.887031
2022-02-19T10:45:00.000000000,14961.377184,-7894.504398,-20538.338892
2022-02-19T11:00:00.000000000,16987.940426,-6885.007013,-19289.283316
2022-02-19T11:15:00.000000000,18917.943006,-6047.203987,-17710.143184
2022-02-19T11:30:00.000000000,20704.395141,-5376.068667,-15827.953532
2022-02-19T11:45:00.000000000,22303.311722,-4858.446885,-13674.906502
2022-02-19T12:00:00.000000000,23675.293646,-4473.727752,-11287.811317
2022-02-19T12:15:00.000000000,24786.946044,-4194.80593,-8707.477525
2022-02-19T12:30:00.000000000,25612.079834,-3989.298524,-5978.030944
2022-02-19T12:45:00.000000000,26132.650975,-3820.970037,-3146.172798
2022-02-19T13:00:00.000000000,26339.401408,-3651.3109,-260.393584
2022-02-19T13:15:00.000000000,26232.176765,-3441.209021,2629.845922
2022-02-19T13:30:00.000000000,25819.907978,-3152.650044,5474.953357
2022-02-19T13:45:00.000000000,25120.256616,-2750.38052,8226.049493
2022-02-19T14:00:00.000000000,24158.936522,-2203.469334,10835.804861
2022-02-19T14:15:00.000000000,22968.736793,-1486.706193,13259.254115
2022-02-19T14:30:00.000000000,21588.28266,-581.781921,15454.574066
2022-02-19T14:45:00.000000000,20060.581146,521.796614,17383.81165
2022-02-19T15:00:00.000000000,18431.406888,1826.094112,19013.548783
2022-02-19T15:15:00.000000000,16747.589965,3324.462701,20315.49194
2022-02-19T15:30:00.000000000,15055.271711,5001.599045,21266.975405
2022-02-19T15:45:00.000000000,13398.195984,6833.94252,21851.368548
2022-02-19T16:00:00.000000000,11816.102313,8790.400901,22058.379073
2022-02-19T16:15:00.000000000,10343.283613,10833.37706,21884.245941
2022-02-19T16:30:00.000000000,9007.364901,12920.058181,21331.817643
2022-02-19T16:45:00.000000000,7828.350947,15003.918462,20410.513556
2022-02-19T17:00:00.000000000,6817.980314,17036.377539,19136.16831
2022-02-19T17:15:00.000000000,5979.411171,18968.550453,17530.761314
2022-02-19T17:30:00.000000000,5307.251115,20753.021082,15622.03583
2022-02-19T17:45:00.000000000,4787.929562,22345.569744,13443.01422
2022-02-19T18:00:00.000000000,4400.39757,23706.787344,11031.418068
2022-02-19T18:15:00.000000000,4117.126791,24803.512789,8429.003833
2022-02-19T18:30:00.000000000,3905.367336,25610.037361,5680.826484
2022-02-19T18:45:00.000000000,3728.613933,26109.029172,2834.444989
2022-02-19T19:00:00.000000000,3548.221531,26292.141719,-60.915337
2022-02-19T19:15:00.000000000,3325.105641,26160.283531,-2955.227741
2022-02-19T19:30:00.000000000,3021.459574,25723.539218,-5798.540006
2022-02-19T19:45:00.000000000,2602.420278,25000.746163,-8541.845247
2022-02-19T20:00:00.000000000,2037.616989,24018.744838,-11137.931581
2022-02-19T20:15:00.000000000,1302.541835,22811.333145,-13542.195564
2022-02-19T20:30:00.000000000,379.688921,21417.966779,-15713.405256
2022-02-19T20:45:00.000000000,-740.582072,19882.257061,-17614.400057
2022-02-19T21:00:00.000000000,-2059.490813,18250.325195,-19212.716
2022-02-19T21:15:00.000000000,-3569.610577,16569.076836,-20481.126801
2022-02-19T21:30:00.000000000,-5254.979838,14884.463428,-21398.092651
2022-02-19T21:45:00.000000000,-7091.546316,13239.796646,-21948.110538
2022-02-19T22:00:00.000000000,-9047.925952,11674.179734,-22121.961565
2022-02-19T22:15:00.000000000,-11086.447561,10221.114628,-21916.852437
2022-02-19T22:30:00.000000000,-13164.443267,8907.336715,-21336.449923
2022-02-19T22:45:00.000000000,-15235.735882,7751.920242,-20390.808615
2022-02-19T23:00:00.000000000,-17252.26713,6765.687061,-19096.193836
2022-02-19T23:15:00.000000000,-19165.805554,5950.939948,-17474.802911
2022-02-19T23:30:00.000000000,-20929.670047,5301.529549,-15554.38943
2022-02-19T23:45:00.000000000,-22500.404375,4803.25161,-13367.796393
2022-02-19T00:00:00.000000000,-23506.614014,4514.944168,-11619.64371
2022-02-19T00:15:00.000000000,-24654.790362,4223.488713,-9062.663596
2022-02-19T00:30:00.000000000,-25519.506283,4010.084618,-6350.494483
2022-02-19T00:45:00.000000000,-26081.577483,3838.9254,-3529.538411
2022-02-19T01:00:00.000000000,-26330.538118,3671.71103,-648.094116
2022-02-19T01:15:00.000000000,-26265.003024,3469.310705,2244.458372
2022-02-19T01:30:00.000000000,-25892.694843,3193.463102,5098.49463
2022-02-19T01:45:00.000000000,-25230.134118,2808.448405,7864.990589
2022-02-19T02:00:00.000000000,-24302.003254,2282.667115,10496.361089
2022-02-19T02:15:00.000000000,-23140.207736,1590.063867,12947.278034
2022-02-19T02:30:00.000000000,-21782.669713,711.340045,15175.454073
2022-02-19T02:45:00.000000000,-20271.899515,-365.093151,17142.377992
2022-02-19T03:00:00.000000000,-18653.399458,-1642.459835,18813.988704
2022-02-19T03:15:00.000000000,-16973.96107,-3115.290049,20161.275515
2022-02-19T03:30:00.000000000,-15279.921269,-4769.430633,21160.793473
2022-02-19T03:45:00.000000000,-13615.444939,-6582.397972,21795.083971
2022-02-19T04:00:00.000000000,-12020.900607,-8524.060833,22052.992303
2022-02-19T04:15:00.000000000,-10531.392541,-10557.628498,21929.875661
2022-02-19T04:30:00.000000000,-9175.506715,-12640.907267,21427.696953
2022-02-19T04:45:00.000000000,-7974.319802,-14727.777596,20555.0019
2022-02-19T05:00:00.000000000,-6940.710187,-16769.835178,19326.779033
2022-02-19T05:15:00.000000000,-6078.998072,-18718.132507,17764.204434
2022-02-19T05:30:00.000000000,-5384.928732,-20524.953219,15894.275307
2022-02-19T05:45:00.000000000,-4845.999341,-22145.549918,13749.338703
2022-02-19T06:00:00.000000000,-4442.116059,-23539.777452,11366.52382
2022-02-19T06:15:00.000000000,-4146.554794,-24673.557649,8787.088301
2022-02-19T06:30:00.000000000,-3927.186947,-25520.118086,6055.690725
2022-02-19T06:45:00.000000000,-3747.920815,-26060.956638,3219.60302
2022-02-19T07:00:00.000000000,-3570.300765,-26286.494251,327.877656
2022-02-19T07:15:00.000000000,-3355.200121,-26196.391107,-2569.514588
2022-02-19T07:30:00.000000000,-3064.540164,-25799.514681,-5422.560099
2022-02-19T07:45:00.000000000,-2662.966846,-25113.56203,-8182.074891
2022-02-19T08:00:00.000000000,-2119.418958,-24164.352524,-10800.55802
2022-02-19T08:15:00.000000000,-1408.52604,-22984.819786,-13233.010736
2022-02-19T08:30:00.000000000,-511.781474,-21613.74339,-15437.707071
2022-02-19T08:45:00.000000000,581.554607,-20094.270637,-17376.902815
2022-02-19T09:00:00.000000000,1873.857179,-18472.286442,-19017.471384
2022-02-19T09:15:00.000000000,3358.865451,-16794.694763,-20331.456628
2022-02-19T09:30:00.000000000,5021.749012,-15107.677782,-21296.534375
2022-02-19T09:45:00.000000000,6839.507825,-13454.999367,-21896.376236
2022-02-19T10:00:00.000000000,8781.690254,-11876.417069,-22120.91093
2022-02-19T10:15:00.000000000,10811.401337,-10406.262338,-21966.480077
2022-02-19T10:30:00.000000000,12886.56282,-9072.241874,-21435.887031
2022-02-19T10:45:00.000000000,14961.377184,-7894.504398,-20538.338892
2022-02-19T11:00:00.000000000,16987.940426,-6885.007013,-19289.283316
2022-02-19T11:15:00.000000000,18917.943006,-6047.203987,-17710.143184
2022-02-19T11:30:00.000000000,20704.395141,-5376.068667,-15827.953532
2022-02-19T11:45:00.000000000,22303.311722,-4858.446885,-13674.906502
2022-02-19T12:00:00.000000000,23675.293646,-4473.727752,-11287.811317
2022-02-19T12:15:00.000000000,24786.946044,-4194.80593,-8707.477525
2022-02-19T12:30:00.000000000,25612.079834,-3989.298524,-5978.030944
2022-02-19T12:45:00.000000000,26132.650975,-3820.970037,-3146.172798
2022-02-19T13:00:00.000000000,26339.401408,-3651.3109,-260.393584
2022-02-19T13:15:00.000000000,26232.176765,-3441.209021,2629.845922
2022-02-19T13:30:00.000000000,25819.907978,-3152.650044,5474.953357
2022-02-19T13:45:00.000000000,25120.256616,-2750.38052,8226.049493
2022-02-19T14:00:00.000000000,24158.936522,-2203.469334,10835.804861
2022-02-19T14:15:00.000000000,22968.736793,-1486.706193,13259.254115
2022-02-19T14:30:00.000000000,21588.28266,-581.781921,15454.574066
2022-02-19T14:45:00.000000000,20060.581146,521.796614,17383.81165
2022-02-19T15:00:00.000000000,18431.406888,1826.094112,19013.548783
2022-02-19T15:15:00.000000000,16747.589965,3324.462701,20315.49194
2022-02-19T15:30:00.000000000,15055.271711,5001.599045,21266.975405
2022-02-19T15:45:00.000000000,13398.195984,6833.94252,21851.368548
2022-02-19T16:00:00.000000000,11816.102313,8790.400901,22058.379073
2022-02-19T16:15:00.000000000,10343.283613,10833.37706,21884.245941
2022-02-19T16:30:00.000000000,9007.364901,12920.058181,21331.817643
2022-02-19T16:45:00.000000000,7828.350947,15003.918462,20410.513556
2022-02-19T17:00:00.000000000,6817.980314,17036.377539,19136.16831
2022-02-19T17:15:00.000000000,5979.411171,18968.550453,17530.761314
2022-02-19T17:30:00.000000000,5307.251115,20753.021082,15622.03583
2022-02-19T17:45:00.000000000,4787.929562,22345.569744,13443.01422
2022-02-19T18:00:00.000000000,4400.39757,23706.787344,11031.418068
2022-02-19T18:15:00.000000000,4117.126791,24803.512789,8429.003833
2022-02-19T18:30:00.000000000,3905.367336,25610.037361,5680.826484
2022-02-19T18:45:00.000000000,3728.613933,26109.029172,2834.444989
2022-02-19T19:00:00.000000000,3548.221531,26292.141719,-60.915337
2022-02-19T19:15:00.000000000,3325.105641,26160.283531,-2955.227741
2022-02-19T19:30:00.000000000,3021.459574,25723.539218,-5798.540006
2022-02-19T19:45:00.000000000,2602.420278,25000.746163,-8541.845247
2022-02-19T20:00:00.000000000,2037.616989,24018.744838,-11137.931581
2022-02-19T20:15:00.000000000,1302.541835,22811.333145,-13542.195564
2022-02-19T20:30:00.000000000,379.688921,21417.966779,-15713.405256
2022-02-19T20:45:00.000000000,-740.582072,19882.257061,-17614.400057
2022-02-19T21:00:00.000000000,-2059.490813,18250.325195,-19212.716
2022-02-19T21:15:00.000000000,-3569.610577,16569.076836,-20481.126801
2022-02-19T21:30:00.000000000,-5254.979838,14884.463428,-21398.092651
2022-02-19T21:45:00.000000000,-7091.546316,13239.796646,-21948.110538
2022-02-19T22:00:00.000000000,-9047.925952,11674.179734,-22121.961565
2022-02-19T22:15:00.000000000,-11086.447561,10221.114628,-21916.852437
2022-02-19T22:30:00.000000000,-13164.443267,8907.336715,-21336.449923
2022-02-19T22:45:00.000000000,-15235.735882,7751.920242,-20390.808615
2022-02-19T23:00:00.000000000,-17252.26713,6765.687061,-19096.193836
2022-02-19T23:15:00.000000000,-19165.805554,5950.939948,-17474.802911
2022-02-19T23:30:00.000000000,-20929.670047,5301.529549,-15554.38943
2022-02-19T23:45:00.000000000,-22500.404375,4803.25161,-13367.796393
2022-02-19T00:00:00.000000000,-23506.614014,4514.944168,-11619.64371
2022-02-19T00:15:00.000000000,-24654.790362,4223.488713,-9062.663596
2022-02-19T00:30:00.000000000,-25519.506283,4010.084618,-6350.494483
2022-02-19T00:45:00.000000000,-26081.577483,3838.9254,-3529.538411
2022-02-19T01:00:00.000000000,-26330.538118,3671.71103,-648.094116
2022-02-19T01:15:00.000000000,-26265.003024,3469.310705,2244.458372
2022-02-19T01:30:00.000000000,-25892.694843,3193.463102,5098.49463
2022-02-19T01:45:00.000000000,-25230.134118,2808.448405,7864.990589
2022-02-19T02:00:00.000000000,-24302.003254,2282.667115,10496.361089
2022-02-19T02:15:00.000000000,-23140.207736,1590.063867,12947.278034
2022-02-19T02:30:00.000000000,-21782.669713,711.340045,15175.454073
2022-02-19T02:45:00.000000000,-20271.899515,-365.093151,17142.377992
2022-02-19T03:00:00.000000000,-18653.399458,-1642.459835,18813.988704
2022-02-19T03:15:00.000000000,-16973.96107,-3115.290049,20161.275515
2022-02-19T03:30:00.000000000,-15279.921269,-4769.430633,21160.793473
2022-02-19T03:45:00.000000000,-13615.444939,-6582.397972,21795.083971
2022-02-19T04:00:00.000000000,-12020.900607,-8524.060833,22052.992303
2022-02-19T04:15:00.000000000,-10531.392541,-10557.628498,21929.875661
2022-02-19T04:30:00.000000000,-9175.506715,-12640.907267,21427.696953
2022-02-19T04:45:00.000000000,-7974.319802,-14727.777596,20555.0019
2022-02-19T05:00:00.000000000,-6940.710187,-16769.835178,19326.779033
2022-02-19T05:15:00.000000000,-6078.998072,-18718.132507,17764.204434
2022-02-19T05:30:00.000000000,-5384.928732,-20524.953219,15894.275307
2022-02-19T05:45:00.000000000,-4845.999341,-22145.549918,13749.338703
2022-02-19T06:00:00.000000000,-4442.116059,-23539.777452,11366.52382
2022-02-19T06:15:00.000000000,-4146.554794,-24673.557649,8787.088301
2022-02-19T06:30:00.000000000,-3927.186947,-25520.118086,6055.690725
2022-02-19T06:45:00.000000000,-3747.920815,-26060.956638,3219.60302
2022-02-19T07:00:00.000000000,-3570.300765,-26286.494251,327.877656
2022-02-19T07:15:00.000000000,-3355.200121,-26196.391107,-2569.514588
2022-02-19T07:30:00.000000000,-3064.540164,-25799.514681,-5422.560099
2022-02-19T07:45:00.000000000,-2662.966846,-25113.56203,-8182.074891
2022-02-19T08:00:00.000000000,-2119.418958,-24164.352524,-10800.55802
2022-02-19T08:15:00.000000000,-1408.52604,-22984.819786,-13233.010736
2022-02-19T08:30:00.000000000,-511.781474,-21613.74339,-15437.707071
2022-02-19T08:45:00.000000000,581.554607,-20094.270637,-17376.902815
2022-02-19T09:00:00.000000000,1873.857179,-18472.286442,-19017.471384
2022-02-19T09:15:00.000000000,3358.865451,-16794.694763,-20331.456628
2022-02-19T09:30:00.000000000,5021.749012,-15107.677782,-21296.534375
2022-02-19T09:45:00.000000000,6839.507825,-13454.999367,-21896.376236
2022-02-19T10:00:00.000000000,8781.690254,-11876.417069,-22120.91093
2022-02-19T10:15:00.000000000,10811.401337,-10406.262338,-21966.480077
2022-02-19T10:30:00.000000000,12886.56282,-9072.241874,-21435.887031
2022-02-19T10:45:00.000000000,14961.377184,-7894.504398,-20538.338892
2022-02-19T11:00:00.000000000,16987.940426,-6885.007013,-19289.283316
2022-02-19T11:15:00.000000000,18917.943006,-6047.203987,-17710.143184
2022-02-19T11:30:00.000000000,20704.395141,-5376.068667,-15827.953532
2022-02-19T11:45:00.000000000,22303.311722,-4858.446885,-13674.906502
2022-02-19T12:00:00.000000000,23675.293646,-4473.727752,-11287.811317
2022-02-19T12:15:00.000000000,24786.946044,-4194.80593,-8707.477525
2022-02-19T12:30:00.000000000,25612.079834,-3989.298524,-5978.030944
2022-02-19T12:45:00.000000000,26132.650975,-3820.970037,-3146.172798
2022-02-19T13:00:00.000000000,26339.401408,-3651.3109,-260.393584
2022-02-19T13:15:00.000000000,26232.176765,-3441.209021,2629.845922
2022-02-19T13:30:00.000000000,25819.907978,-3152.650044,5474.953357
2022-02-19T13:45:00.000000000,25120.256616,-2750.38052,8226.049493
2022-02-19T14:00:00.000000000,24158.936522,-2203.469334,10835.804861
2022-02-19T14:15:00.000000000,22968.736793,-1486.706193,13259.254115
2022-02-19T14:30:00.000000000,21588.28266,-581.781921,15454.574066
2022-02-19T14:45:00.000000000,20060.581146,521.796614,17383.81165
2022-02-19T15:00:00.000000000,18431.406888,1826.094112,19013.548783
2022-02-19T15:15:00.000000000,16747.589965,3324.462701,20315.49194
2022-02-19T15:30:00.000000000,15055.271711,5001.599045,21266.975405
2022-02-19T15:45:00.000000000,13398.195984,6833.94252,21851.368548
2022-02-19T16:00:00.000000000,11816.102313,8790.400901,22058.379073
2022-02-19T16:15:00.000000000,10343.283613,10833.37706,21884.245941
2022-02-19T16:30:00.000000000,9007.364901,12920.058181,21331.817643
2022-02-19T16:45:00.000000000,7828.350947,15003.918462,20410.513556
2022-02-19T17:00:00.000000000,6817.980314,17036.377539,19136.16831
2022-02-19T17:15:00.000000000,5979.411171,18968.550453,17530.761314
2022-02-19T17:30:00.000000000,5307.251115,20753.021082,15622.03583
2022-02-19T17:45:00.000000000,4787.929562,22345.569744,13443.01422
2022-02-19T18:00:00.000000000,4400.39757,23706.787344,11031.418068
2022-02-19T18:15:00.000000000,4117.126791,24803.512789,8429.003833
2022-02-19T18:30:00.000000000,3905.367336,25610.037361,5680.826484
2022-02-19T18:45:00.000000000,3728.613933,26109.029172,2834.444989
2022-02-19T19:00:00.000000000,3548.221531,26292.141719,-60.915337
2022-02-19T19:15:00.000000000,3325.105641,26160.283531,-2955.227741
2022-02-19T19:30:00.000000000,3021.459574,25723.539218,-5798.540006
2022-02-19T19:45:00.000000000,2602.420278,25000.746163,-8541.845247
2022-02-19T20:00:00.000000000,2037.616989,24018.744838,-11137.931581
2022-02-19T20:15:00.000000000,1302.541835,22811.333145,-13542.195564
2022-02-19T20:30:00.000000000,379.688921,21417.966779,-15713.405256
2022-02-19T20:45:00.000000000,-740.582072,19882.257061,-17614.400057
2022-02-19T21:00:00.000000000,-2059.490813,18250.325195,-19212.716
2022-02-19T21:15:00.000000000,-3569.610577,16569.076836,-20481.126801
2022-02-19T21:30:00.000000000,-5254.979838,14884.463428,-21398.092651
2022-02-19T21:45:00.000000000,-7091.546316,13239.796646,-21948.110538
2022-02-19T22:00:00.000000000,-9047.925952,11674.179734,-22121.961565
2022-02-19T22:15:00.000000000,-11086.447561,10221.114628,-21916.852437
2022-02-19T22:30:00.000000000,-13164.443267,8907.336715,-21336.449923
2022-02-19T22:45:00.000000000,-15235.735882,7751.920242,-20390.808615
2022-02-19T23:00:00.000000000,-17252.26713,6765.687061,-19096.193836
2022-02-19T23:15:00.000000000,-19165.805554,5950.939948,-17474.802911
2022-02-19T23:30:00.000000000,-20929.670047,5301.529549,-15554.38943
2022-02-19T23:45:00.000000000,-22500.404375,4803.25161,-13367.796393
2022-02-19T00:00:00.000000000,-23506.614014,4514.944168,-11619.64371
2022-02-19T00:15:00.000000000,-24654.790362,4223.488713,-9062.663596
2022-02-19T00:30:00.000000000,-25519.506283,4010.084618,-6350.494483
2022-02-19T00:45:00.000000000,-26081.577483,3838.9254,-3529.538411
2022-02-19T01:00:00.000000000,-26330.538118,3671.71103,-648.094116
2022-02-19T01:15:00.000000000,-26265.003024,3469.310705,2244.458372
2022-02-19T01:30:00.000000000,-25892.694843,3193.463102,5098.49463
2022-02-19T01:45:00.000000000,-25230.134118,2808.448405,7864.990589
2022-02-19T02:00:00.000000000,-24302.003254,2282.667115,10496.361089
2022-02-19T02:15:00.000000000,-23140.207736,1590.063867,12947.278034
2022-02-19T02:30:00.000000000,-21782.669713,711.340045,15175.454073
2022-02-19T02:45:00.000000000,-20271.899515,-365.093151,17142.377992
2022-02-19T03:00:00.000000000,-18653.399458,-1642.459835,18813.988704
2022-02-19T03:15:00.000000000,-16973.96107,-3115.290049,20161.275515
2022-02-19T03:30:00.000000000,-15279.921269,-4769.430633,21160.793473
2022-02-19T03:45:00.000000000,-13615.444939,-6582.397972,21795.083971
2022-02-19T04:00:00.000000000,-12020.900607,-8524.060833,22052.992303
2022-02-19T04:15:00.000000000,-10531.392541,-10557.628498,21929.875661
2022-02-19T04:30:00.000000000,-9175.506715,-12640.907267,21427.696953
2022-02-19T04:45:00.000000000,-7974.319802,-14727.777596,20555.0019
2022-02-19T05:00:00.000000000,-6940.710187,-16769.835178,19326.779033
2022-02-19T05:15:00.000000000,-6078.998072,-18718.132507,17764.204434
2022-02-19T05:30:00.000000000,-5384.928732,-20524.953219,15894.275307
2022-02-19T05:45:00.000000000,-4845.999341,-22145.549918,13749.338703
2022-02-19T06:00:00.000000000,-4442.116059,-23539.777452,11366.52382
2022-02-19T06:15:00.000000000,-4146.554794,-24673.557649,8787.088301
2022-02-19T06:30:00.000000000,-3927.186947,-25520.118086,6055.690725
2022-02-19T06:45:00.000000000,-3747.920815,-26060.956638,3219.60302
2022-02-19T07:00:00.000000000,-3570.300765,-26286.494251,327.877656
2022-02-19T07:15:00.000000000,-3355.200121,-26196.391107,-2569.514588
2022-02-19T07:30:00.000000000,-3064.540164,-25799.514681,-5422.560099
2022-02-19T07:45:00.000000000,-2662.966846,-25113.56203,-8182.074891
2022-02-19T08:00:00.000000000,-2119.418958,-24164.352524,-10800.55802
2022-02-19T08:15:00.000000000,-1408.52604,-22984.819786,-13233.010736
2022-02-19T08:30:00.000000000,-511.781474,-21613.74339,-15437.707071
2022-02-19T08:45:00.000000000,581.554607,-20094.270637,-17376.902815
2022-02-19T09:00:00.000000000,1873.857179,-18472.286442,-19017.471384
2022-02-19T09:15:00.000000000,3358.865451,-16794.694763,-20331.456628
2022-02-19T09:30:00.000000000,5021.749012,-15107.677782,-21296.534375
2022-02-19T09:45:00.000000000,6839.507825,-13454.999367,-21896.376236
2022-02-19T10:00:00.000000000,8781.690254,-11876.417069,-22120.91093
2022-02-19T10:15:00.000000000,10811.401337,-10406.262338,-21966.480077
2022-02-19T10:30:00.000000000,12886.56282,-9072.241874,-21435.887031
2022-02-19T10:45:00.000000000,14961.377184,-7894.504398,-20538.338892
2022-02-19T11:00:00.000000000,16987.940426,-6885.007013,-19289.283316
2022-02-19T11:15:00.000000000,18917.943006,-6047.203987,-17710.143184
2022-02-19T11:30:00.000000000,20704.395141,-5376.068667,-15827.953532
2022-02-19T11:45:00.000000000,22303.311722,-4858.446885,-13674.906502
2022-02-19T12:00:00.000000000,23675.293646,-4473.727752,-11287.811317
2022-02-19T12:15:00.000000000,24786.946044,-4194.80593,-8707.477525
2022-02-19T12:30:00.000000000,25612.079834,-3989.298524,-5978.030944
2022-02-19T12:45:00.000000000,26132.650975,-3820.970037,-3146.172798
2022-02-19T13:00:00.000000000,26339.401408,-3651.3109,-260.393584
2022-02-19T13:15:00.000000000,26232.176765,-3441.209021,2629.845922
2022-02-19T13:30:00.000000000,25819.907978,-3152.650044,5474.953357
2022-02-19T13:45:00.000000000,25120.256616,-2750.38052,8226.049493
2022-02-19T14:00:00.000000000,24158.936522,-2203.469334,10835.804861
2022-02-19T14:15:00.000000000,22968.736793,-1486.706193,13259.254115
2022-02-19T14:30:00.000000000,21588.28266,-581.781921,15454.574066
2022-02-19T14:45:00.000000000,20060.581146,521.796614,17383.81165
2022-02-19T15:00:00.000000000,18431.406888,1826.094112,19013.548783
2022-02-19T15:15:00.000000000,16747.589965,3324.462701,20315.49194
2022-02-19T15:30:00.000000000,15055.271711,5001.599045,21266.975405
2022-02-19T15:45:00.000000000,13398.195984,6833.94252,21851.368548
2022-02-19T16:00:00.000000000,11816.102313,8790.400901,22058.379073
2022-02-19T16:15:00.000000000,10343.283613,10833.37706,21884.245941
2022-02-19T16:30:00.000000000,9007.364901,12920.058181,21331.817643
2022-02-19T16:45:00.000000000,7828.350947,15003.918462,20410.513556
2022-02-19T17:00:00.000000000,6817.980314,17036.377539,19136.16831
2022-02-19T17:15:00.000000000,5979.411171,18968.550453,17530.761314
2022-02-19T17:30:00.000000000,5307.251115,20753.021082,15622.03583
2022-02-19T17:45:00.000000000,4787.929562,22345.569744,13443.01422
2022-02-19T18:00:00.000000000,4400.39757,23706.787344,11031.418068
2022-02-19T18:15:00.000000000,4117.126791,24803.512789,8429.003833
2022-02-19T18:30:00.000000000,3905.367336,25610.037361,5680.826484
2022-02-19T18:45:00.000000000,3728.613933,26109.029172,2834.444989
2022-02-19T19:00:00.000000000,3548.221531,26292.141719,-60.915337
2022-02-19T19:15:00.000000000,3325.105641,26160.283531,-2955.227741
2022-02-19T19:30:00.000000000,3021.459574,25723.539218,-5798.540006
2022-02-19T19:45:00.000000000,2602.420278,25000.746163,-8541.845247
2022-02-19T20:00:00.000000000,2037.616989,24018.744838,-11137.931581
2022-02-19T20:15:00.000000000,1302.541835,22811.333145,-13542.195564
2022-02-19T20:30:00.000000000,379.688921,21417.966779,-15713.405256
2022-02-19T20:45:00.000000000,-740.582072,19882.257061,-17614.400057
2022-02-19T21:00:00.000000000,-2059.490813,18250.325195,-19212.716
2022-02-19T21:15:00.000000000,-3569.610577,16569.076836,-20481.126801
2022-02-19T21:30:00.000000000,-5254.979838,14884.463428,-21398.092651
2022-02-19T21:45:00.000000000,-7091.546316,13239.796646,-21948.110538
2022-02-19T22:00:00.000000000,-9047.925952,11674.179734,-22121.961565
2022-02-19T22:15:00.000000000,-11086.447561,10221.114628,-21916.852437
2022-02-19T22:30:00.000000000,-13164.443267,8907.336715,-21336.449923
2022-02-19T22:45:00.000000000,-15235.735882,7751.920242,-20390.808615
2022-02-19T23:00:00.000000000,-17252.26713,6765.687061,-19096.193836
2022-02-19T23:15:00.000000000,-19165.805554,5950.939948,-17474.802911
2022-02-19T23:30:00.000000000,-20929.670047,5301.529549,-15554.38943
2022-02-19T23:45:00.000000000,-22500.404375,4803.25161,-13367.796393
2022-02-19T00:00:00.000000000,-23506.614014,4514.944168,-11619.64371
2022-02-19T00:15:00.000000000,-24654.790362,4223.488713,-9062.663596
2022-02-19T00:30:00.000000000,-25519.506283,4010.084618,-6350.494483
2022-02-19T00:45:00.000000000,-26081.577483,3838.9254,-3529.538411
2022-02-19T01:00:00.000000000,-26330.538118,3671.71103,-648.094116
2022-02-19T01:15:00.000000000,-26265.003024,3469.310705,2244.458372
2022-02-19T01:30:00.000000000,-25892.694843,3193.463102,5098.49463
2022-02-19T01:45:00.000000000,-25230.134118,2808.448405,7864.990589
2022-02-19T02:00:00.000000000,-24302.003254,2282.667115,10496.361089
2022-02-19T02:15:00.000000000,-23140.207736,1590.063867,12947.278034
2022-02-19T02:30:00.000000000,-21782.669713,711.340045,15175.454073
2022-02-19T02:45:00.000000000,-20271.899515,-365.093151,17142.377992
2022-02-19T03:00:00.000000000,-18653.399458,-1642.459835,18813.988704
2022-02-19T03:15:00.000000000,-16973.96107,-3115.290049,20161.275515
2022-02-19T03:30:00.000000000,-15279.921269,-4769.430633,21160.793473
2022-02-19T03:45:00.000000000,-13615.444939,-6582.397972,21795.083971
2022-02-19T04:00:00.000000000,-12020.900607,-8524.060833,22052.992303
2022-02-19T04:15:00.000000000,-10531.392541,-10557.628498,21929.875661
2022-02-19T04:30:00.000000000,-9175.506715,-12640.907267,21427.696953
2022-02-19T04:45:00.000000000,-7974.319802,-14727.777596,20555.0019
2022-02-19T05:00:00.000000000,-6940.710187,-16769.835178,19326.779033
2022-02-19T05:15:00.000000000,-6078.998072,-18718.132507,17764.204434
2022-02-19T05:30:00.000000000,-5384.928732,-20524.953219,15894.275307
2022-02-19T05:45:00.000000000,-4845.999341,-22145.549918,13749.338703
2022-02-19T06:00:00.000000000,-4442.116059,-23539.777452,11366.52382
2022-02-19T06:15:00.000000000,-4146.554794,-24673.557649,8787.088301
2022-02-19T06:30:00.000000000,-3927.186947,-25520.118086,6055.690725
2022-02-19T06:45:00.000000000,-3747.920815,-26060.956638,3219.60302
2022-02-19T07:00:00.000000000,-3570.300765,-26286.494251,327.877656
2022-02-19T07:15:00.000000000,-3355.200121,-26196.391107,-2569.514588
2022-02-19T07:30:00.000000000,-3064.540164,-25799.514681,-5422.560099
2022-02-19T07:45:00.000000000,-2662.966846,-25113.56203,-8182.074891
2022-02-19T08:00:00.000000000,-2119.418958,-24164.352524,-10800.55802
2022-02-19T08:15:00.000000000,-1408.52604,-22984.819786,-13233.010736
2022-02-19T08:30:00.000000000,-511.781474,-21613.74339,-15437.707071
2022-02-19T08:45:00.000000000,581.554607,-20094.270637,-17376.902815
2022-02-19T09:00:00.000000000,1873.857179,-18472.286442,-19017.471384
2022-02-19T09:15:00.000000000,3358.865451,-16794.694763,-20331.456628
2022-02-19T09:30:00.000000000,5021.749012,-15107.677782,-21296.534375
2022-02-19T09:45:00.000000000,6839.507825,-13454.999367,-21896.376236
2022-02-19T10:00:00.000000000,8781.690254,-11876.417069,-22120.91093
2022-02-19T10:15:00.000000000,10811.401337,-10406.262338,-21966.480077
2022-02-19T10:30:00.000000000,12886.56282,-9072.241874,-21435.887031
2022-02-19T10:45:00.000000000,14961.377184,-7894.504398,-20538.338892
2022-02-19T11:00:00.000000000,16987.940426,-6885.007013,-19289.283316
2022-02-19T11:15:00.000000000,18917.943006,-6047.203987,-17710.143184
2022-02-19T11:30:00.000000000,20704.395141,-5376.068667,-15827.953532
2022-02-19T11:45:00.000000000,22303.311722,-4858.446885,-13674.906502
2022-02-19T12:00:00.000000000,23675.293646,-4473.727752,-11287.811317
2022-02-19T12:15:00.000000000,24786.946044,-4194.80593,-8707.477525
2022-02-19T12:30:00.000000000,25612.079834,-3989.298524,-5978.030944
2022-02-19T12:45:00.000000000,26132.650975,-3820.970037,-3146.172798
2022-02-19T13:00:00.000000000,26339.401408,-3651.3109,-260.393584
2022-02-19T13:15:00.000000000,26232.176765,-3441.209021,2629.845922
2022-02-19T13:30:00.000000000,25819.907978,-3152.650044,5474.953357
2022-02-19T13:45:00.000000000,25120.256616,-2750.38052,8226.049493
2022-02-19T14:00:00.000000000,24158.936522,-2203.469334,10835.804861
2022-02-19T14:15:00.000000000,22968.736793,-1486.706193,13259.254115
2022-02-19T14:30:00.000000000,21588.28266,-581.781921,15454.574066
2022-02-19T14:45:00.000000000,20060.581146,521.796614,17383.81165
2022-02-19T15:00:00.000000000,18431.406888,1826.094112,19013.548783
2022-02-19T15:15:00.000000000,16747.589965,3324.462701,20315.49194
2022-02-19T15:30:00.000000000,15055.271711,5001.599045,21266.975405
2022-02-19T15:45:00.000000000,13398.195984,6833.94252,21851.368548
2022-02-19T16:00:00.000000000,11816.102313,8790.400901,22058.379073
2022-02-19T16:15:00.000000000,10343.283613,10833.37706,21884.245941
2022-02-19T16:30:00.000000000,9007.364901,12920.058181,21331.817643
2022-02-19T16:45:00.000000000,7828.350947,15003.918462,20410.513556
2022-02-19T17:00:00.000000000,6817.980314,17036.377539,19136.16831
2022-02-19T17:15:00.000000000,5979.411171,18968.550453,17530.761314
2022-02-19T17:30:00.000000000,5307.251115,20753.021082,15622.03583
2022-02-19T17:45:00.000000000,4787.929562,22345.569744,13443.01422
2022-02-19T18:00:00.000000000,4400.39757,23706.787344,11031.418068
2022-02-19T18:15:00.000000000,4117.126791,24803.512789,8429.003833
2022-02-19T18:30:00.000000000,3905.367336,25610.037361,5680.826484
2022-02-19T18:45:00.000000000,3728.613933,26109.029172,2834.444989
2022-02-19T19:00:00.000000000,3548.221531,26292.141719,-60.915337
2022-02-19T19:15:00.000000000,3325.105641,26160.283531,-2955.227741
2022-02-19T19:30:00.000000000,3021.459574,25723.539218,-5798.540006
2022-02-19T19:45:00.000000000,2602.420278,25000.746163,-8541.845247
2022-02-19T20:00:00.000000000,2037.616989,24018.744838,-11137.931581
2022-02-19T20:15:00.000000000,1302.541835,22811.333145,-13542.195564
2022-02-19T20:30:00.000000000,379.688921,21417.966779,-15713.405256
2022-02-19T20:45:00.000000000,-740.582072,19882.257061,-17614.400057
2022-02-19T21:00:00.000000000,-2059.490813,18250.325195,-19212.716
2022-02-19T21:15:00.000000000,-3569.610577,16569.076836,-20481.126801
2022-02-19T21:30:00.000000000,-5254.979838,14884.463428,-21398.092651
2022-02-19T21:45:00.000000000,-7091.546316,13239.796646,-21948.110538
2022-02-19T22:00:00.000000000,-9047.925952,11674.179734,-22121.961565
2022-02-19T22:15:00.000000000,-11086.447561,10221.114628,-21916.852437
2022-02-19T22:30:00.000000000,-13164.443267,8907.336715,-21336.449923
2022-02-19T22:45:00.000000000,-15235.735882,7751.920242,-20390.808615
2022-02-19T23:00:00.000000000,-17252.26713,6765.687061,-19096.193836
2022-02-19T23:15:00.000000000,-19165.805554,5950.939948,-17474.802911
2022-02-19T23:30:00.000000000,-20929.670047,5301.529549,-15554.38943
2022-02-19T23:45:00.000000000,-22500.404375,4803.25161,-13367.796393
2022-02-19T00:00:00.000000000,-23506.614014,4514.944168,-11619.64371
2022-02-19T00:15:00.000000000,-24654.790362,4223.488713,-9062.663596
2022-02-19T00:30:00.000000000,-25519.506283,4010.084618,-6350.494483
2022-02-19T00:45:00.000000000,-26081.577483,3838.9254,-3529.538411
2022-02-19T01:00:00.000000000,-26330.538118,3671.71103,-648.094116
2022-02-19T01:15:00.000000000,-26265.003024,3469.310705,2244.458372
2022-02-19T01:30:00.000000000,-25892.694843,3193.463102,5098.49463
2022-02-19T01:45:00.000000000,-25230.134118,2808.448405,7864.990589
2022-02-19T02:00:00.000000000,-24302.003254,2282.667115,10496.361089
2022-02-19T02:15:00.000000000,-23140.207736,1590.063867,12947.278034
2022-02-19T02:30:00.000000000,-21782.669713,711.340045,15175.454073
2022-02-19T02:45:00.000000000,-20271.899515,-365.093151,17142.377992
2022-02-19T03:00:00.000000000,-18653.399458,-1642.459835,18813.988704
2022-02-19T03:15:00.000000000,-16973.96107,-3115.290049,20161.275515
2022-02-19T03:30:00.000000000,-15279.921269,-4769.430633,21160.793473
2022-02-19T03:45:00.000000000,-13615.444939,-6582.397972,21795.083971
2022-02-19T04:00:00.000000000,-12020.900607,-8524.060833,22052.992303
2022-02-19T04:15:00.000000000,-10531.392541,-10557.628498,21929.875661
2022-02-19T04:30:00.000000000,-9175.506715,-12640.907267,21427.696953
2022-02-19T04:45:00.000000000,-7974.319802,-14727.777596,20555.0019
2022-02-19T05:00:00.000000000,-6940.710187,-16769.835178,19326.779033
2022-02-19T05:15:00.000000000,-6078.998072,-18718.132507,17764.204434
2022-02-19T05:30:00.000000000,-5384.928732,-20524.953219,15894.275307
2022-02-19T05:45:00.000000000,-4845.999341,-22145.549918,13749.338703
2022-02-19T06:00:00.000000000,-4442.116059,-23539.777452,11366.52382
2022-02-19T06:15:00.000000000,-4146.554794,-24673.557649,8787.088301
2022-02-19T06:30:00.000000000,-3927.186947,-25520.118086,6055.690725
2022-02-19T06:45:00.000000000,-3747.920815,-26060.956638,3219.60302
2022-02-19T07:00:00.000000000,-3570.300765,-26286.494251,327.877656
2022-02-19T07:15:00.000000000,-3355.200121,-26196.391107,-2569.514588
2022-02-19T07:30:00.000000000,-3064.540164,-25799.514681,-5422.560099
2022-02-19T07:45:00.000000000,-2662.966846,-25113.56203,-8182.074891
2022-02-19T08:00:00.000000000,-2119.418958,-24164.352524,-10800.55802
2022-02-19T08:15:00.000000000,-1408.52604,-22984.819786,-13233.010736
2022-02-19T08:30:00.000000000,-511.781474,-21613.74339,-15437.707071
2022-02-19T08:45:00.000000000,581.554607,-20094.270637,-17376.902815
2022-02-19T09:00:00.000000000,1873.857179,-18472.286442,-19017.471384
2022-02-19T09:15:00.000000000,3358.865451,-16794.694763,-20331.456628
2022-02-19T09:30:00.000000000,5021.749012,-15107.677782,-21296.534375
2022-02-19T09:45:00.000000000,6839.507825,-13454.999367,-21896.376236
2022-02-19T10:00:00.000000000,8781.690254,-11876.417069,-22120.91093
2022-02-19T10:15:00.000000000,10811.401337,-10406.262338,-21966.480077
2022-02-19T10:30:00.000000000,12886.56282,-9072.241874,-21435.887031
2022-02-19T10:45:00.000000000,14961.377184,-7894.504398,-20538.338892
2022-02-19T11:00:00.000000000,16987.940426,-6885.007013,-19289.283316
2022-02-19T11:15:00.000000000,18917.943006,-6047.203987,-17710.143184
2022-02-19T11:30:00.000000000,20704.395141,-5376.068667,-15827.953532
2022-02-19T11:45:00.000000000,22303.311722,-4858.446885,-13674.906502
2022-02-19T12:00:00.000000000,23675.293646,-4473.727752,-11287.811317
2022-02-19T12:15:00.000000000,24786.946044,-4194.80593,-8707.477525
2022-02-19T12:30:00.000000000,25612.079834,-3989.298524,-5978.030944
2022-02-19T12:45:00.000000000,26132.650975,-3820.970037,-3146.172798
2022-02-19T13:00:00.000000000,26339.401408,-3651.3109,-260.393584
2022-02-19T13:15:00.000000000,26232.176765,-3441.209021,2629.845922
2022-02-19T13:30:00.000000000,25819.907978,-3152.650044,5474.953357
2022-02-19T13:45:00.000000000,25120.256616,-2750.38052,8226.049493
2022-02-19T14:00:00.000000000,24158.936522,-2203.469334,10835.804861
2022-02-19T14:15:00.000000000,22968.736793,-1486.706193,13259.254115
2022-02-19T14:30:00.000000000,21588.28266,-581.781921,15454.574066
2022-02-19T14:45:00.000000000,20060.581146,521.796614,17383.81165
2022-02-19T15:00:00.000000000,18431.406888,1826.094112,19013.548783
2022-02-19T15:15:00.000000000,16747.589965,3324.462701,20315.49194
2022-02-19T15:30:00.000000000,15055.271711,5001.599045,21266.975405
2022-02-19T15:45:00.000000000,13398.195984,6833.94252,21851.368548
2022-02-19T16:00:00.000000000,11816.102313,8790.400901,22058.379073
2022-02-19T16:15:00.000000000,10343.283613,10833.37706,21884.245941
2022-02-19T16:30:00.000000000,9007.364901,12920.058181,21331.817643
2022-02-19T16:45:00.000000000,7828.350947,15003.918462,20410.513556
2022-02-19T17:00:00.000000000,6817.980314,17036.377539,19136.16831
2022-02-19T17:15:00.000000000,5979.411171,18968.550453,17530.761314
2022-02-19T17:30:00.000000000,5307.251115,20753.021082,15622.03583
2022-02-19T17:45:00.000000000,4787.929562,22345.569744,13443.01422
2022-02-19T18:00:00.000000000,4400.39757,23706.787344,11031.418068
2022-02-19T18:15:00.000000000,4117.126791,24803.512789,8429.003833
2022-02-19T18:30:00.000000000,3905.367336,25610.037361,5680.826484
2022-02-19T18:45:00.000000000,3728.613933,26109.029172,2834.444989
2022-02-19T19:00:00.000000000,3548.221531,26292.141719,-60.915337
2022-02-19T19:15:00.000000000,3325.105641,26160.283531,-2955.227741
2022-02-19T19:30:00.000000000,3021.459574,25723.539218,-5798.540006
2022-02-19T19:45:00.000000000,2602.420278,25000.746163,-8541.845247
2022-02-19T20:00:00.000000000,2037.616989,24018.744838,-11137.931581
2022-02-19T20:15:00.000000000,1302.541835,22811.333145,-13542.195564
2022-02-19T20:30:00.000000000,379.688921,21417.966779,-15713.405256
2022-02-19T20:45:00.000000000,-740.582072,19882.257061,-17614.400057
2022-02-19T21:00:00.000000000,-2059.490813,18250.325195,-19212.716
2022-02-19T21:15:00.000000000,-3569.610577,16569.076836,-20481.126801
2022-02-19T21:30:00.000000000,-5254.979838,14884.463428,-21398.092651
2022-02-19T21:45:00.000000000,-7091.546316,13239.796646,-21948.110538
2022-02-19T22:00:00.000000000,-9047.925952,11674.179734,-22121.961565
2022-02-19T22:15:00.000000000,-11086.447561,10221.114628,-21916.852437
2022-02-19T22:30:00.000000000,-13164.443267,8907.336715,-21336.449923
2022-02-19T22:45:00.000000000,-15235.735882,7751.920242,-20390.808615
2022-02-19T23:00:00.000000000,-17252.26713,6765.687061,-19096.193836
2022-02-19T23:15:00.000000000,-19165.805554,5950.939948,-17474.802911
2022-02-19T23:30:00.000000000,-20929.670047,5301.529549,-15554.38943
2022-02-19T23:45:00.000000000,-22500.404375,4803.25161,-13367.796393
2022-02-18T00:00:00.000000000,-23155.732901,4603.348799,-12272.159521
2022-02-18T00:15:00.000000000,-24375.426611,4285.103543,-9764.217797
2022-02-18T00:30:00.000000000,-25318.209959,4053.956135,-7089.087509
2022-02-18T00:45:00.000000000,-25962.65727,3875.042693,-4292.530395
2022-02-18T01:00:00.000000000,-26295.908792,3710.572695,-1422.417629
2022-02-18T01:15:00.000000000,-26314.121124,3521.470703,1472.077672
2022-02-18T01:30:00.000000000,-26022.585152,3269.073043,4341.31296
2022-02-18T01:45:00.000000000,-25435.506215,2916.81395,7136.020307
2022-02-18T02:00:00.000000000,-24575.453922,2431.83577,9808.147987
2022-02-18T02:15:00.000000000,-23472.501755,1786.460312,12311.685439
2022-02-18T02:30:00.000000000,-22163.088502,959.46343,14603.457473
2022-02-18T02:45:00.000000000,-20688.644441,-62.897807,16643.873808
2022-02-18T03:00:00.000000000,-19094.034461,-1286.146813,18397.620641
2022-02-18T03:15:00.000000000,-17425.877632,-2707.16849,19834.281692
2022-02-18T03:30:00.000000000,-15730.80782,-4314.127794,20928.877221
2022-02-18T03:45:00.000000000,-14053.742523,-6086.731026,21662.310799
2022-02-18T04:00:00.000000000,-12436.22708,-7996.821691,22021.715139
2022-02-18T04:15:00.000000000,-10914.918737,-10009.289562,22000.689947
2022-02-18T04:30:00.000000000,-9520.269822,-12083.259169,21599.426665
2022-02-18T04:45:00.000000000,-8275.461627,-14173.512759,20824.717011
2022-02-18T05:00:00.000000000,-7195.630912,-16232.093235,19689.844302
2022-02-18T05:15:00.000000000,-6287.419441,-18210.025206,18214.35883
2022-02-18T05:30:00.000000000,-5548.864199,-20059.087356,16423.740749
2022-02-18T05:45:00.000000000,-4969.632436,-21733.566935,14348.956199
2022-02-18T06:00:00.000000000,-4531.591877,-23191.927786,12025.914533
2022-02-18T06:15:00.000000000,-4209.693044,-24398.326504,9494.836541
2022-02-18T06:30:00.000000000,-3973.128101,-25323.917287,6799.545419
2022-02-18T06:45:00.000000000,-3786.719595,-25947.894573,3986.693841
2022-02-18T07:00:00.000000000,-3612.483274,-26258.232787,1104.941708
2022-02-18T07:15:00.000000000,-3411.30235,-26252.094873,-1795.899816
2022-02-18T07:30:00.000000000,-3144.646268,-25935.894417,-4665.741866
2022-02-18T07:45:00.000000000,-2776.265529,-25325.009994,-7455.092761
2022-02-18T08:00:00.000000000,-2273.795459,-24443.16428,-10115.918066
2022-02-18T08:15:00.000000000,-1610.205737,-23321.49341,-12602.470365
2022-02-18T08:30:00.000000000,-765.03897,-21997.344113,-14872.074193
2022-02-18T08:45:00.000000000,274.609697,-20512.846534,-16885.852691
2022-02-18T09:00:00.000000000,1513.409578,-18913.318908,-18609.384092
2022-02-18T09:15:00.000000000,2947.433892,-17245.566302,-20013.277662
2022-02-18T09:30:00.000000000,4564.134872,-15556.139147,-21073.660405
2022-02-18T09:45:00.000000000,6342.654873,-13889.618246,-21772.567613
2022-02-18T10:00:00.000000000,8254.460994,-12286.991368,-22098.232065
2022-02-18T10:15:00.000000000,10264.278573,-10784.182557,-22045.26834
2022-02-18T10:30:00.000000000,12331.287815,-9410.789096,-21614.750409
2022-02-18T10:45:00.000000000,14410.538133,-8189.07291,-20814.182213
2022-02-18T11:00:00.000000000,16454.52676,-7133.243452,-19657.362455
2022-02-18T11:15:00.000000000,18414.882283,-6249.058027,-18164.146254
2022-02-18T11:30:00.000000000,20244.089906,-5533.753618,-16360.10774
2022-02-18T11:45:00.000000000,21897.193728,-4976.3119,-14276.108961
2022-02-18T12:00:00.000000000,23333.412164,-4558.04667,-11947.781793
2022-02-18T12:15:00.000000000,24517.605768,-4253.490882,-9414.930763
2022-02-18T12:30:00.000000000,25421.542077,-4031.549268,-6720.865922
2022-02-18T12:45:00.000000000,26024.909495,-3856.872431,-3911.67599
2022-02-18T13:00:00.000000000,26316.0415,-3691.39987,-1035.453057
2022-02-18T13:15:00.000000000,26292.323103,-3496.012805,1858.518965
2022-02-18T13:30:00.000000000,25960.26342,-3232.233244,4720.599154
2022-02-18T13:45:00.000000000,25335.230716,-2863.903664,7501.634091
2022-02-18T14:00:00.000000000,24440.859115,-2358.782089,10153.798039
2022-02-18T14:15:00.000000000,23308.14871,-1689.990197,12631.414629
2022-02-18T14:30:00.000000000,21974.292683,-837.25738,14891.745916
2022-02-18T14:45:00.000000000,20481.27567,212.08877,16895.734983
2022-02-18T15:00:00.000000000,18874.29669,1462.425603,18608.688827
2022-02-18T15:15:00.000000000,17200.076935,2909.461069,20000.889132
2022-02-18T15:30:00.000000000,15505.117556,4540.198403,21048.119546
2022-02-18T15:45:00.000000000,13833.97475,6333.243232,21732.099451
2022-02-18T16:00:00.000000000,12227.619108,8259.443141,22040.815722
2022-02-18T16:15:00.000000000,10721.943166,10282.836589,21968.745686
2022-02-18T16:30:00.000000000,9346.475502,12361.87583,21516.966432
2022-02-18T16:45:00.000000000,8123.351807,14450.877469,20693.147629
2022-02-18T17:00:00.000000000,7066.583386,16501.645035,19511.427172
2022-02-18T17:15:00.000000000,6181.651829,18465.200906,17992.171215
2022-02-18T17:30:00.000000000,5465.445732,20293.560286,16161.622339
2022-02-18T17:45:00.000000000,4906.541745,21941.477986,14051.441923
2022-02-18T18:00:00.000000000,4485.818441,23368.099665,11698.154815
2022-02-18T18:15:00.000000000,4177.378197,24538.452809,9142.506496
2022-02-18T18:30:00.000000000,3949.739937,25424.718995,6428.744693
2022-02-18T18:45:00.000000000,3767.254704,26007.237841,3603.838995
2022-02-18T19:00:00.000000000,3591.687245,26275.203503,716.653188
2022-02-18T19:15:00.000000000,3383.900182,26227.027149,-2182.913984
2022-02-18T19:30:00.000000000,3105.573526,25870.352052,-5044.803474
2022-02-18T19:45:00.000000000,2720.891038,25221.721773,-7819.669749
2022-02-18T20:00:00.000000000,2198.126768,24305.915861,-10459.737656
2022-02-18T20:15:00.000000000,1511.069276,23154.980147,-12919.627019
2022-02-18T20:30:00.000000000,640.227896,21806.990738,-15157.130517
2022-02-18T20:45:00.000000000,-426.22568,20304.600803,-17133.931621
2022-02-18T21:00:00.000000000,-1691.816605,18693.427296,-18816.250864
2022-02-18T21:15:00.000000000,-3151.451054,17020.340444,-20175.41031
2022-02-18T21:30:00.000000000,-4791.436862,15331.722002,-21188.307748
2022-02-18T21:45:00.000000000,-6589.839204,13671.758894,-21837.793917
2022-02-18T22:00:00.000000000,-8517.157151,12080.836957,-22112.947805
2022-02-18T22:15:00.000000000,-10537.294885,10594.095208,-22009.246708
2022-02-18T22:30:00.000000000,-12608.790448,9240.194582,-21528.629449
2022-02-18T22:45:00.000000000,-14686.2554,8040.346694,-20679.452652
2022-02-18T23:00:00.000000000,-16721.971058,7007.638234,-19476.34152
2022-02-18T23:15:00.000000000,-18667.581287,6146.675401,-17939.937968
2022-02-18T23:30:00.000000000,-20475.818365,5453.56077,-16096.55034
2022-02-18T23:45:00.000000000,-22102.197152,4916.202603,-13977.7103
2022-02-19T00:00:00.000000000,-23506.614014,4514.944168,-11619.64371
2022-02-19T00:15:00.000000000,-24654.790362,4223.488713,-9062.663596
2022-02-19T00:30:00.000000000,-25519.506283,4010.084618,-6350.494483
2022-02-19T00:45:00.000000000,-26081.577483,3838.9254,-3529.538411
2022-02-19T01:00:00.000000000,-26330.538118,3671.71103,-648.094116
2022-02-19T01:15:00.000000000,-26265.003024,3469.310705,2244.458372
2022-02-19T01:30:00.000000000,-25892.694843,3193.463102,5098.49463
2022-02-19T01:45:00.000000000,-25230.134118,2808.448405,7864.990589
2022-02-19T02:00:00.000000000,-24302.003254,2282.667115,10496.361089
2022-02-19T02:15:00.000000000,-23140.207736,1590.063867,12947.278034
2022-02-19T02:30:00.000000000,-21782.669713,711.340045,15175.454073
2022-02-19T02:45:00.000000000,-20271.899515,-365.093151,17142.377992
2022-02-19T03:00:00.000000000,-18653.399458,-1642.459835,18813.988704
2022-02-19T03:15:00.000000000,-16973.96107,-3115.290049,20161.275515
2022-02-19T03:30:00.000000000,-15279.921269,-4769.430633,21160.793473
2022-02-19T03:45:00.000000000,-13615.444939,-6582.397972,21795.083971
2022-02-19T04:00:00.000000000,-12020.900607,-8524.060833,22052.992303
2022-02-19T04:15:00.000000000,-10531.392541,-10557.628498,21929.875661
2022-02-19T04:30:00.000000000,-9175.506715,-12640.907267,21427.696953
2022-02-19T04:45:00.000000000,-7974.319802,-14727.777596,20555.0019
2022-02-19T05:00:00.000000000,-6940.710187,-16769.835178,19326.779033
2022-02-19T05:15:00.000000000,-6078.998072,-18718.132507,17764.204434
2022-02-19T05:30:00.000000000,-5384.928732,-20524.953219,15894.275307
2022-02-19T05:45:00.000000000,-4845.999341,-22145.549918,13749.338703
2022-02-19T06:00:00.000000000,-4442.116059,-23539.777452,11366.52382
2022-02-19T06:15:00.000000000,-4146.554794,-24673.557649,8787.088301
2022-02-19T06:30:00.000000000,-3927.186947,-25520.118086,6055.690725
2022-02-19T06:45:00.000000000,-3747.920815,-26060.956638,3219.60302
2022-02-19T07:00:00.000000000,-3570.300765,-26286.494251,327.877656
2022-02-19T07:15:00.000000000,-3355.200121,-26196.391107,-2569.514588
2022-02-19T07:30:00.000000000,-3064.540164,-25799.514681,-5422.560099
2022-02-19T07:45:00.000000000,-2662.966846,-25113.56203,-8182.074891
2022-02-19T08:00:00.000000000,-2119.418958,-24164.352524,-10800.55802
2022-02-19T08:15:00.000000000,-1408.52604,-22984.819786,-13233.010736
2022-02-19T08:30:00.000000000,-511.781474,-21613.74339,-15437.707071
2022-02-19T08:45:00.000000000,581.554607,-20094.270637,-17376.902815
2022-02-19T09:00:00.000000000,1873.857179,-18472.286442,-19017.471384
2022-02-19T09:15:00.000000000,3358.865451,-16794.694763,-20331.456628
2022-02-19T09:30:00.000000000,5021.749012,-15107.677782,-21296.534375
2022-02-19T09:45:00.000000000,6839.507825,-13454.999367,-21896.376236
2022-02-19T10:00:00.000000000,8781.690254,-11876.417069,-22120.91093
2022-02-19T10:15:00.000000000,10811.401337,-10406.262338,-21966.480077
2022-02-19T10:30:00.000000000,12886.56282,-9072.241874,-21435.887031
2022-02-19T10:45:00.000000000,14961.377184,-7894.504398,-20538.338892
2022-02-19T11:00:00.000000000,16987.940426,-6885.007013,-19289.283316
2022-02-19T11:15:00.000000000,18917.943006,-6047.203987,-17710.143184
2022-02-19T11:30:00.000000000,20704.395141,-5376.068667,-15827.953532
2022-02-19T11:45:00.000000000,22303.311722,-4858.446885,-13674.906502
2022-02-19T12:00:00.000000000,23675.293646,-4473.727752,-11287.811317
2022-02-19T12:15:00.000000000,24786.946044,-4194.80593,-8707.477525
2022-02-19T12:30:00.000000000,25612.079834,-3989.298524,-5978.030944
2022-02-19T12:45:00.000000000,26132.650975,-3820.970037,-3146.172798
2022-02-19T13:00:00.000000000,26339.401408,-3651.3109,-260.393584
2022-02-19T13:15:00.000000000,26232.176765,-3441.209021,2629.845922
2022-02-19T13:30:00.000000000,25819.907978,-3152.650044,5474.953357
2022-02-19T13:45:00.000000000,25120.256616,-2750.38052,8226.049493
2022-02-19T14:00:00.000000000,24158.936522,-2203.469334,10835.804861
2022-02-19T14:15:00.000000000,22968.736793,-1486.706193,13259.254115
2022-02-19T14:30:00.000000000,21588.28266,-581.781921,15454.574066
2022-02-19T14:45:00.000000000,20060.581146,521.796614,17383.81165
2022-02-19T15:00:00.000000000,18431.406888,1826.094112,19013.548783
2022-02-19T15:15:00.000000000,16747.589965,3324.462701,20315.49194
2022-02-19T15:30:00.000000000,15055.271711,5001.599045,21266.975405
2022-02-19T15:45:00.000000000,13398.195984,6833.94252,21851.368548
2022-02-19T16:00:00.000000000,11816.102313,8790.400901,22058.379073
2022-02-19T16:15:00.000000000,10343.283613,10833.37706,21884.245941
2022-02-19T16:30:00.000000000,9007.364901,12920.058181,21331.817643
2022-02-19T16:45:00.000000000,7828.350947,15003.918462,20410.513556
2022-02-19T17:00:00.000000000,6817.980314,17036.377539,19136.16831
2022-02-19T17:15:00.000000000,5979.411171,18968.550453,17530.761314
2022-02-19T17:30:00.000000000,5307.251115,20753.021082,15622.03583
2022-02-19T17:45:00.000000000,4787.929562,22345.569744,13443.01422
2022-02-19T18:00:00.000000000,4400.39757,23706.787344,11031.418068
2022-02-19T18:15:00.000000000,4117.126791,24803.512789,8429.003833
2022-02-19T18:30:00.000000000,3905.367336,25610.037361,5680.826484
2022-02-19T18:45:00.000000000,3728.613933,26109.029172,2834.444989
2022-02-19T19:00:00.000000000,3548.221531,26292.141719,-60.915337
2022-02-19T19:15:00.000000000,3325.105641,26160.283531,-2955.227741
2022-02-19T19:30:00.000000000,3021.459574,25723.539218,-5798.540006
2022-02-19T19:45:00.000000000,2602.420278,25000.746163,-8541.845247
2022-02-19T20:00:00.000000000,2037.616989,24018.744838,-11137.931581
2022-02-19T20:15:00.000000000,1302.541835,22811.333145,-13542.195564
2022-02-19T20:30:00.000000000,379.688921,21417.966779,-15713.405256
2022-02-19T20:45:00.000000000,-740.582072,19882.257061,-17614.400057
2022-02-19T21:00:00.000000000,-2059.490813,18250.325195,-19212.716
2022-02-19T21:15:00.000000000,-3569.610577,16569.076836,-20481.126801
2022-02-19T21:30:00.000000000,-5254.979838,14884.463428,-21398.092651
2022-02-19T21:45:00.000000000,-7091.546316,13239.796646,-21948.110538
2022-02-19T22:00:00.000000000,-9047.925952,11674.179734,-22121.961565
2022-02-19T22:15:00.000000000,-11086.447561,10221.114628,-21916.852437
2022-02-19T22:30:00.000000000,-13164.443267,8907.336715,-21336.449923
2022-02-19T22:45:00.000000000,-15235.735882,7751.920242,-20390.808615
2022-02-19T23:00:00.000000000,-17252.26713,6765.687061,-19096.193836
2022-02-19T23:15:00.000000000,-19165.805554,5950.939948,-17474.802911
2022-02-19T23:30:00.000000000,-20929.670047,5301.529549,-15554.38943
2022-02-19T23:45:00.000000000,-22500.404375,4803.25161,-13367.796393
2022-02-18T00:00:00.000000000,-23155.732901,4603.348799,-12272.159521
2022-02-18T00:15:00.000000000,-24375.426611,4285.103543,-9764.217797
2022-02-18T00:30:00.000000000,-25318.209959,4053.956135,-7089.087509
2022-02-18T00:45:00.000000000,-25962.65727,3875.042693,-4292.530395
2022-02-18T01:00:00.000000000,-26295.908792,3710.572695,-1422.417629
2022-02-18T01:15:00.000000000,-26314.121124,3521.470703,1472.077672
2022-02-18T01:30:00.000000000,-26022.585152,3269.073043,4341.31296
2022-02-18T01:45:00.000000000,-25435.506215,2916.81395,7136.020307
2022-02-18T02:00:00.000000000,-24575.453922,2431.83577,9808.147987
2022-02-18T02:15:00.000000000,-23472.501755,1786.460312,12311.685439
2022-02-18T02:30:00.000000000,-22163.088502,959.46343,14603.457473
2022-02-18T02:45:00.000000000,-20688.644441,-62.897807,16643.873808
2022-02-18T03:00:00.000000000,-19094.034461,-1286.146813,18397.620641
2022-02-18T03:15:00.000000000,-17425.877632,-2707.16849,19834.281692
2022-02-18T03:30:00.000000000,-15730.80782,-4314.127794,20928.877221
2022-02-18T03:45:00.000000000,-14053.742523,-6086.731026,21662.310799
2022-02-18T04:00:00.000000000,-12436.22708,-7996.821691,22021.715139
2022-02-18T04:15:00.000000000,-10914.918737,-10009.289562,22000.689947
2022-02-18T04:30:00.000000000,-9520.269822,-12083.259169,21599.426665
2022-02-18T04:45:00.000000000,-8275.461627,-14173.512759,20824.717011
2022-02-18T05:00:00.000000000,-7195.630912,-16232.093235,19689.844302
2022-02-18T05:15:00.000000000,-6287.419441,-18210.025206,18214.35883
2022-02-18T05:30:00.000000000,-5548.864199,-20059.087356,16423.740749
2022-02-18T05:45:00.000000000,-4969.632436,-21733.566935,14348.956199
2022-02-18T06:00:00.000000000,-4531.591877,-23191.927786,12025.914533
2022-02-18T06:15:00.000000000,-4209.693044,-24398.326504,9494.836541
2022-02-18T06:30:00.000000000,-3973.128101,-25323.917287,6799.545419
2022-02-18T06:45:00.000000000,-3786.719595,-25947.894573,3986.693841
2022-02-18T07:00:00.000000000,-3612.483274,-26258.232787,1104.941708
2022-02-18T07:15:00.000000000,-3411.30235,-26252.094873,-1795.899816
2022-02-18T07:30:00.000000000,-3144.646268,-25935.894417,-4665.741866
2022-02-18T07:45:00.000000000,-2776.265529,-25325.009994,-7455.092761
2022-02-18T08:00:00.000000000,-2273.795459,-24443.16428,-10115.918066
2022-02-18T08:15:00.000000000,-1610.205737,-23321.49341,-12602.470365
2022-02-18T08:30:00.000000000,-765.03897,-21997.344113,-14872.074193
2022-02-18T08:45:00.000000000,274.609697,-20512.846534,-16885.852691
2022-02-18T09:00:00.000000000,1513.409578,-18913.318908,-18609.384092
2022-02-18T09:15:00.000000000,2947.433892,-17245.566302,-20013.277662
2022-02-18T09:30:00.000000000,4564.134872,-15556.139147,-21073.660405
2022-02-18T09:45:00.000000000,6342.654873,-13889.618246,-21772.567613
2022-02-18T10:00:00.000000000,8254.460994,-12286.991368,-22098.232065
2022-02-18T10:15:00.000000000,10264.278573,-10784.182557,-22045.26834
2022-02-18T10:30:00.000000000,12331.287815,-9410.789096,-21614.750409
2022-02-18T10:45:00.000000000,14410.538133,-8189.07291,-20814.182213
2022-02-18T11:00:00.000000000,16454.52676,-7133.243452,-19657.362455
2022-02-18T11:15:00.000000000,18414.882283,-6249.058027,-18164.146254
2022-02-18T11:30:00.000000000,20244.089906,-5533.753618,-16360.10774
2022-02-18T11:45:00.000000000,21897.193728,-4976.3119,-14276.108961
2022-02-18T12:00:00.000000000,23333.412164,-4558.04667,-11947.781793
2022-02-18T12:15:00.000000000,24517.605768,-4253.490882,-9414.930763
2022-02-18T12:30:00.000000000,25421.542077,-4031.549268,-6720.865922
2022-02-18T12:45:00.000000000,26024.909495,-3856.872431,-3911.67599
2022-02-18T13:00:00.000000000,26316.0415,-3691.39987,-1035.453057
2022-02-18T13:15:00.000000000,26292.323103,-3496.012805,1858.518965
2022-02-18T13:30:00.000000000,25960.26342,-3232.233244,4720.599154
2022-02-18T13:45:00.000000000,25335.230716,-2863.903664,7501.634091
2022-02-18T14:00:00.000000000,24440.859115,-2358.782089,10153.798039
2022-02-18T14:15:00.000000000,23308.14871,-1689.990197,12631.414629
2022-02-18T14:30:00.000000000,21974.292683,-837.25738,14891.745916
2022-02-18T14:45:00.000000000,20481.27567,212.08877,16895.734983
2022-02-18T15:00:00.000000000,18874.29669,1462.425603,18608.688827
2022-02-18T15:15:00.000000000,17200.076935,2909.461069,20000.889132
2022-02-18T15:30:00.000000000,15505.117556,4540.198403,21048.119546
2022-02-18T15:45:00.000000000,13833.97475,6333.243232,21732.099451
2022-02-18T16:00:00.000000000,12227.619108,8259.443141,22040.815722
2022-02-18T16:15:00.000000000,10721.943166,10282.836589,21968.745686
2022-02-18T16:30:00.000000000,9346.475502,12361.87583,21516.966432
2022-02-18T16:45:00.000000000,8123.351807,14450.877469,20693.147629
2022-02-18T17:00:00.000000000,7066.583386,16501.645035,19511.427172
2022-02-18T17:15:00.000000000,6181.651829,18465.200906,17992.171215
2022-02-18T17:30:00.000000000,5465.445732,20293.560286,16161.622339
2022-02-18T17:45:00.000000000,4906.541745,21941.477986,14051.441923
2022-02-18T18:00:00.000000000,4485.818441,23368.099665,11698.154815
2022-02-18T18:15:00.000000000,4177.378197,24538.452809,9142.506496
2022-02-18T18:30:00.000000000,3949.739937,25424.718995,6428.744693
2022-02-18T18:45:00.000000000,3767.254704,26007.237841,3603.838995
2022-02-18T19:00:00.000000000,3591.687245,26275.203503,716.653188
2022-02-18T19:15:00.000000000,3383.900182,26227.027149,-2182.913984
2022-02-18T19:30:00.000000000,3105.573526,25870.352052,-5044.803474
2022-02-18T19:45:00.000000000,2720.891038,25221.721773,-7819.669749
2022-02-18T20:00:00.000000000,2198.126768,24305.915861,-10459.737656
2022-02-18T20:15:00.000000000,1511.069276,23154.980147,-12919.627019
2022-02-18T20:30:00.000000000,640.227896,21806.990738,-15157.130517
2022-02-18T20:45:00.000000000,-426.22568,20304.600803,-17133.931621
2022-02-18T21:00:00.000000000,-1691.816605,18693.427296,-18816.250864
2022-02-18T21:15:00.000000000,-3151.451054,17020.340444,-20175.41031
2022-02-18T21:30:00.000000000,-4791.436862,15331.722002,-21188.307748
2022-02-18T21:45:00.000000000,-6589.839204,13671.758894,-21837.793917
2022-02-18T22:00:00.000000000,-8517.157151,12080.836957,-22112.947805
2022-02-18T22:15:00.000000000,-10537.294885,10594.095208,-22009.246708
2022-02-18T22:30:00.000000000,-12608.790448,9240.194582,-21528.629449
2022-02-18T22:45:00.000000000,-14686.2554,8040.346694,-20679.452652
2022-02-18T23:00:00.000000000,-16721.971058,7007.638234,-19476.34152
2022-02-18T23:15:00.000000000,-18667.581287,6146.675401,-17939.937968
2022-02-18T23:30:00.000000000,-20475.818365,5453.56077,-16096.55034
2022-02-18T23:45:00.000000000,-22102.197152,4916.202603,-13977.7103
2022-02-19T00:00:00.000000000,-23506.614014,4514.944168,-11619.64371
2022-02-19T00:15:00.000000000,-24654.790362,4223.488713,-9062.663596
2022-02-19T00:30:00.000000000,-25519.506283,4010.084618,-6350.494483
2022-02-19T00:45:00.000000000,-26081.577483,3838.9254,-3529.538411
2022-02-19T01:00:00.000000000,-26330.538118,3671.71103,-648.094116
2022-02-19T01:15:00.000000000,-26265.003024,3469.310705,2244.458372
2022-02-19T01:30:00.000000000,-25892.694843,3193.463102,5098.49463
2022-02-19T01:45:00.000000000,-25230.134118,2808.448405,7864.990589
2022-02-19T02:00:00.000000000,-24302.003254,2282.667115,10496.361089
2022-02-19T02:15:00.000000000,-23140.207736,1590.063867,12947.278034
2022-02-19T02:30:00.000000000,-21782.669713,711.340045,15175.454073
2022-02-19T02:45:00.000000000,-20271.899515,-365.093151,17142.377992
2022-02-19T03:00:00.000000000,-18653.399458,-1642.459835,18813.988704
2022-02-19T03:15:00.000000000,-16973.96107,-3115.290049,20161.275515
2022-02-19T03:30:00.000000000,-15279.921269,-4769.430633,21160.793473
2022-02-19T03:45:00.000000000,-13615.444939,-6582.397972,21795.083971
2022-02-19T04:00:00.000000000,-12020.900607,-8524.060833,22052.992303
2022-02-19T04:15:00.000000000,-10531.392541,-10557.628498,21929.875661
2022-02-19T04:30:00.000000000,-9175.506715,-12640.907267,21427.696953
2022-02-19T04:45:00.000000000,-7974.319802,-14727.777596,20555.0019
2022-02-19T05:00:00.000000000,-6940.710187,-16769.835178,19326.779033
2022-02-19T05:15:00.000000000,-6078.998072,-18718.132507,17764.204434
2022-02-19T05:30:00.000000000,-5384.928732,-20524.953219,15894.275307
2022-02-19T05:45:00.000000000,-4845.999341,-22145.549918,13749.338703
2022-02-19T06:00:00.000000000,-4442.116059,-23539.777452,11366.52382
2022-02-19T06:15:00.000000000,-4146.554794,-24673.557649,8787.088301
2022-02-19T06:30:00.000000000,-3927.186947,-25520.118086,6055.690725
2022-02-19T06:45:00.000000000,-3747.920815,-26060.956638,3219.60302
2022-02-19T07:00:00.000000000,-3570.300765,-26286.494251,327.877656
2022-02-19T07:15:00.000000000,-3355.200121,-26196.391107,-2569.514588
2022-02-19T07:30:00.000000000,-3064.540164,-25799.514681,-5422.560099
2022-02-19T07:45:00.000000000,-2662.966846,-25113.56203,-8182.074891
2022-02-19T08:00:00.000000000,-2119.418958,-24164.352524,-10800.55802
2022-02-19T08:15:00.000000000,-1408.52604,-22984.819786,-13233.010736
2022-02-19T08:30:00.000000000,-511.781474,-21613.74339,-15437.707071
2022-02-19T08:45:00.000000000,581.554607,-20094.270637,-17376.902815
2022-02-19T09:00:00.000000000,1873.857179,-18472.286442,-19017.471384
2022-02-19T09:15:00.000000000,3358.865451,-16794.694763,-20331.456628
2022-02-19T09:30:00.000000000,5021.749012,-15107.677782,-21296.534375
2022-02-19T09:45:00.000000000,6839.507825,-13454.999367,-21896.376236
2022-02-19T10:00:00.000000000,8781.690254,-11876.417069,-22120.91093
2022-02-19T10:15:00.000000000,10811.401337,-10406.262338,-21966.480077
2022-02-19T10:30:00.000000000,12886.56282,-9072.241874,-21435.887031
2022-02-19T10:45:00.000000000,14961.377184,-7894.504398,-20538.338892
2022-02-19T11:00:00.000000000,16987.940426,-6885.007013,-19289.283316
2022-02-19T11:15:00.000000000,18917.943006,-6047.203987,-17710.143184
2022-02-19T11:30:00.000000000,20704.395141,-5376.068667,-15827.953532
2022-02-19T11:45:00.000000000,22303.311722,-4858.446885,-13674.906502
2022-02-19T12:00:00.000000000,23675.293646,-4473.727752,-11287.811317
2022-02-19T12:15:00.000000000,24786.946044,-4194.80593,-8707.477525
2022-02-19T12:30:00.000000000,25612.079834,-3989.298524,-5978.030944
2022-02-19T12:45:00.000000000,26132.650975,-3820.970037,-3146.172798
2022-02-19T13:00:00.000000000,26339.401408,-3651.3109,-260.393584
2022-02-19T13:15:00.000000000,26232.176765,-3441.209021,2629.845922
2022-02-19T13:30:00.000000000,25819.907978,-3152.650044,5474.953357
2022-02-19T13:45:00.000000000,25120.256616,-2750.38052,8226.049493
2022-02-19T14:00:00.000000000,24158.936522,-2203.469334,10835.804861
2022-02-19T14:15:00.000000000,22968.736793,-1486.706193,13259.254115
2022-02-19T14:30:00.000000000,21588.28266,-581.781921,15454.574066
2022-02-19T14:45:00.000000000,20060.581146,521.796614,17383.81165
2022-02-19T15:00:00.000000000,18431.406888,1826.094112,19013.548783
2022-02-19T15:15:00.000000000,16747.589965,3324.462701,20315.49194
2022-02-19T15:30:00.000000000,15055.271711,5001.599045,21266.975405
2022-02-19T15:45:00.000000000,13398.195984,6833.94252,21851.368548
2022-02-19T16:00:00.000000000,11816.102313,8790.400901,22058.379073
2022-02-19T16:15:00.000000000,10343.283613,10833.37706,21884.245941
2022-02-19T16:30:00.000000000,9007.364901,12920.058181,21331.817643
2022-02-19T16:45:00.000000000,7828.350947,15003.918462,20410.513556
2022-02-19T17:00:00.000000000,6817.980314,17036.377539,19136.16831
2022-02-19T17:15:00.000000000,5979.411171,18968.550453,17530.761314
2022-02-19T17:30:00.000000000,5307.251115,20753.021082,15622.03583
2022-02-19T17:45:00.000000000,4787.929562,22345.569744,13443.01422
2022-02-19T18:00:00.000000000,4400.39757,23706.787344,11031.418068
2022-02-19T18:15:00.000000000,4117.126791,24803.512789,8429.003833
2022-02-19T18:30:00.000000000,3905.367336,25610.037361,5680.826484
2022-02-19T18:45:00.000000000,3728.613933,26109.029172,2834.444989
2022-02-19T19:00:00.000000000,3548.221531,26292.141719,-60.915337
2022-02-19T19:15:00.000000000,3325.105641,26160.283531,-2955.227741
2022-02-19T19:30:00.000000000,3021.459574,25723.539218,-5798.540006
2022-02-19T19:45:00.000000000,2602.420278,25000.746163,-8541.845247
2022-02-19T20:00:00.000000000,2037.616989,24018.744838,-11137.931581
2022-02-19T20:15:00.000000000,1302.541835,22811.333145,-13542.195564
2022-02-19T20:30:00.000000000,379.688921,21417.966779,-15713.405256
2022-02-19T20:45:00.000000000,-740.582072,19882.257061,-17614.400057
2022-02-19T21:00:00.000000000,-2059.490813,18250.325195,-19212.716
2022-02-19T21:15:00.000000000,-3569.610577,16569.076836,-20481.126801
2022-02-19T21:30:00.000000000,-5254.979838,14884.463428,-21398.092651
2022-02-19T21:45:00.000000000,-7091.546316,13239.796646,-21948.110538
2022-02-19T22:00:00.000000000,-9047.925952,11674.179734,-22121.961565
2022-02-19T22:15:00.000000000,-11086.447561,10221.114628,-21916.852437
2022-02-19T22:30:00.000000000,-13164.443267,8907.336715,-21336.449923
2022-02-19T22:45:00.000000000,-15235.735882,7751.920242,-20390.808615
2022-02-19T23:00:00.000000000,-17252.26713,6765.687061,-19096.193836
2022-02-19T23:15:00.000000000,-19165.805554,5950.939948,-17474.802911
2022-02-19T23:30:00.000000000,-20929.670047,5301.529549,-15554.38943
2022-02-19T23:45:00.000000000,-22500.404375,4803.25161,-13367.796393
2022-02-18T00:00:00.000000000,-23155.732901,4603.348799,-12272.159521
2022-02-18T00:15:00.000000000,-24375.426611,4285.103543,-9764.217797
2022-02-18T00:30:00.000000000,-25318.209959,4053.956135,-7089.087509
2022-02-18T00:45:00.000000000,-25962.65727,3875.042693,-4292.530395
2022-02-18T01:00:00.000000000,-26295.908792,3710.572695,-1422.417629
2022-02-18T01:15:00.000000000,-26314.121124,3521.470703,1472.077672
2022-02-18T01:30:00.000000000,-26022.585152,3269.073043,4341.31296
2022-02-18T01:45:00.000000000,-25435.506215,2916.81395,7136.020307
2022-02-18T02:00:00.000000000,-24575.453922,2431.83577,9808.147987
2022-02-18T02:15:00.000000000,-23472.501755,1786.460312,12311.685439
2022-02-18T02:30:00.000000000,-22163.088502,959.46343,14603.457473
2022-02-18T02:45:00.000000000,-20688.644441,-62.897807,16643.873808
2022-02-18T03:00:00.000000000,-19094.034461,-1286.146813,18397.620641
2022-02-18T03:15:00.000000000,-17425.877632,-2707.16849,19834.281692
2022-02-18T03:30:00.000000000,-15730.80782,-4314.127794,20928.877221
2022-02-18T03:45:00.000000000,-14053.742523,-6086.731026,21662.310799
2022-02-18T04:00:00.000000000,-12436.22708,-7996.821691,22021.715139
2022-02-18T04:15:00.000000000,-10914.918737,-10009.289562,22000.689947
2022-02-18T04:30:00.000000000,-9520.269822,-12083.259169,21599.426665
2022-02-18T04:45:00.000000000,-8275.461627,-14173.512759,20824.717011
2022-02-18T05:00:00.000000000,-7195.630912,-16232.093235,19689.844302
2022-02-18T05:15:00.000000000,-6287.419441,-18210.025206,18214.35883
2022-02-18T05:30:00.000000000,-5548.864199,-20059.087356,16423.740749
2022-02-18T05:45:00.000000000,-4969.632436,-21733.566935,14348.956199
2022-02-18T06:00:00.000000000,-4531.591877,-23191.927786,12025.914533
2022-02-18T06:15:00.000000000,-4209.693044,-24398.326504,9494.836541
2022-02-18T06:30:00.000000000,-3973.128101,-25323.917287,6799.545419
2022-02-18T06:45:00.000000000,-3786.719595,-25947.894573,3986.693841
2022-02-18T07:00:00.000000000,-3612.483274,-26258.232787,1104.941708
2022-02-18T07:15:00.000000000,-3411.30235,-26252.094873,-1795.899816
2022-02-18T07:30:00.000000000,-3144.646268,-25935.894417,-4665.741866
2022-02-18T07:45:00.000000000,-2776.265529,-25325.009994,-7455.092761
2022-02-18T08:00:00.000000000,-2273.795459,-24443.16428,-10115.918066
2022-02-18T08:15:00.000000000,-1610.205737,-23321.49341,-12602.470365
2022-02-18T08:30:00.000000000,-765.03897,-21997.344113,-14872.074193
2022-02-18T08:45:00.000000000,274.609697,-20512.846534,-16885.852691
2022-02-18T09:00:00.000000000,1513.409578,-18913.318908,-18609.384092
2022-02-18T09:15:00.000000000,2947.433892,-17245.566302,-20013.277662
2022-02-18T09:30:00.000000000,4564.134872,-15556.139147,-21073.660405
2022-02-18T09:45:00.000000000,6342.654873,-13889.618246,-21772.567613
2022-02-18T10:00:00.000000000,8254.460994,-12286.991368,-22098.232065
2022-02-18T10:15:00.000000000,10264.278573,-10784.182557,-22045.26834
2022-02-18T10:30:00.000000000,12331.287815,-9410.789096,-21614.750409
2022-02-18T10:45:00.000000000,14410.538133,-8189.07291,-20814.182213
2022-02-18T11:00:00.000000000,16454.52676,-7133.243452,-19657.362455
2022-02-18T11:15:00.000000000,18414.882283,-6249.058027,-18164.146254
2022-02-18T11:30:00.000000000,20244.089906,-5533.753618,-16360.10774
2022-02-18T11:45:00.000000000,21897.193728,-4976.3119,-14276.108961
2022-02-18T12:00:00.000000000,23333.412164,-4558.04667,-11947.781793
2022-02-18T12:15:00.000000000,24517.605768,-4253.490882,-9414.930763
2022-02-18T12:30:00.000000000,25421.542077,-4031.549268,-6720.865922
2022-02-18T12:45:00.000000000,26024.909495,-3856.872431,-3911.67599
2022-02-18T13:00:00.000000000,26316.0415,-3691.39987,-1035.453057
2022-02-18T13:15:00.000000000,26292.323103,-3496.012805,1858.518965
2022-02-18T13:30:00.000000000,25960.26342,-3232.233244,4720.599154
2022-02-18T13:45:00.000000000,25335.230716,-2863.903664,7501.634091
2022-02-18T14:00:00.000000000,24440.859115,-2358.782089,10153.798039
2022-02-18T14:15:00.000000000,23308.14871,-1689.990197,12631.414629
2022-02-18T14:30:00.000000000,21974.292683,-837.25738,14891.745916
2022-02-18T14:45:00.000000000,20481.27567,212.08877,16895.734983
2022-02-18T15:00:00.000000000,18874.29669,1462.425603,18608.688827
2022-02-18T15:15:00.000000000,17200.076935,2909.461069,20000.889132
2022-02-18T15:30:00.000000000,15505.117556,4540.198403,21048.119546
2022-02-18T15:45:00.000000000,13833.97475,6333.243232,21732.099451
2022-02-18T16:00:00.000000000,12227.619108,8259.443141,22040.815722
2022-02-18T16:15:00.000000000,10721.943166,10282.836589,21968.745686
2022-02-18T16:30:00.000000000,9346.475502,12361.87583,21516.966432
2022-02-18T16:45:00.000000000,8123.351807,14450.877469,20693.147629
2022-02-18T17:00:00.000000000,7066.583386,16501.645035,19511.427172
2022-02-18T17:15:00.000000000,6181.651829,18465.200906,17992.171215
2022-02-18T17:30:00.000000000,5465.445732,20293.560286,16161.622339
2022-02-18T17:45:00.000000000,4906.541745,21941.477986,14051.441923
2022-02-18T18:00:00.000000000,4485.818441,23368.099665,11698.154815
2022-02-18T18:15:00.000000000,4177.378197,24538.452809,9142.506496
2022-02-18T18:30:00.000000000,3949.739937,25424.718995,6428.744693
2022-02-18T18:45:00.000000000,3767.254704,26007.237841,3603.838995
2022-02-18T19:00:00.000000000,3591.687245,26275.203503,716.653188
2022-02-18T19:15:00.000000000,3383.900182,26227.027149,-2182.913984
2022-02-18T19:30:00.000000000,3105.573526,25870.352052,-5044.803474
2022-02-18T19:45:00.000000000,2720.891038,25221.721773,-7819.669749
2022-02-18T20:00:00.000000000,2198.126768,24305.915861,-10459.737656
2022-02-18T20:15:00.000000000,1511.069276,23154.980147,-12919.627019
2022-02-18T20:30:00.000000000,640.227896,21806.990738,-15157.130517
2022-02-18T20:45:00.000000000,-426.22568,20304.600803,-17133.931621
2022-02-18T21:00:00.000000000,-1691.816605,18693.427296,-18816.250864
2022-02-18T21:15:00.000000000,-3151.451054,17020.340444,-20175.41031
2022-02-18T21:30:00.000000000,-4791.436862,15331.722002,-21188.307748
2022-02-18T21:45:00.000000000,-6589.839204,13671.758894,-21837.793917
2022-02-18T22:00:00.000000000,-8517.157151,12080.836957,-22112.947805
2022-02-18T22:15:00.000000000,-10537.294885,10594.095208,-22009.246708
2022-02-18T22:30:00.000000000,-12608.790448,9240.194582,-21528.629449
2022-02-18T22:45:00.000000000,-14686.2554,8040.346694,-20679.452652
2022-02-18T23:00:00.000000000,-16721.971058,7007.638234,-19476.34152
2022-02-18T23:15:00.000000000,-18667.581287,6146.675401,-17939.937968
2022-02-18T23:30:00.000000000,-20475.818365,5453.56077,-16096.55034
2022-02-18T23:45:00.000000000,-22102.197152,4916.202603,-13977.7103
2022-02-19T00:00:00.000000000,-23506.614014,4514.944168,-11619.64371
2022-02-19T00:15:00.000000000,-24654.790362,4223.488713,-9062.663596
2022-02-19T00:30:00.000000000,-25519.506283,4010.084618,-6350.494483
2022-02-19T00:45:00.000000000,-26081.577483,3838.9254,-3529.538411
2022-02-19T01:00:00.000000000,-26330.538118,3671.71103,-648.094116
2022-02-19T01:15:00.000000000,-26265.003024,3469.310705,2244.458372
2022-02-19T01:30:00.000000000,-25892.694843,3193.463102,5098.49463
2022-02-19T01:45:00.000000000,-25230.134118,2808.448405,7864.990589
2022-02-19T02:00:00.000000000,-24302.003254,2282.667115,10496.361089
2022-02-19T02:15:00.000000000,-23140.207736,1590.063867,12947.278034
2022-02-19T02:30:00.000000000,-21782.669713,711.340045,15175.454073
2022-02-19T02:45:00.000000000,-20271.899515,-365.093151,17142.377992
2022-02-19T03:00:00.000000000,-18653.399458,-1642.459835,18813.988704
2022-02-19T03:15:00.000000000,-16973.96107,-3115.290049,20161.275515
2022-02-19T03:30:00.000000000,-15279.921269,-4769.430633,21160.793473
2022-02-19T03:45:00.000000000,-13615.444939,-6582.397972,21795.083971
2022-02-19T04:00:00.000000000,-12020.900607,-8524.060833,22052.992303
2022-02-19T04:15:00.000000000,-10531.392541,-10557.628498,21929.875661
2022-02-19T04:30:00.000000000,-9175.506715,-12640.907267,21427.696953
2022-02-19T04:45:00.000000000,-7974.319802,-14727.777596,20555.0019
2022-02-19T05:00:00.000000000,-6940.710187,-16769.835178,19326.779033
2022-02-19T05:15:00.000000000,-6078.998072,-18718.132507,17764.204434
2022-02-19T05:30:00.000000000,-5384.928732,-20524.953219,15894.275307
2022-02-19T05:45:00.000000000,-4845.999341,-22145.549918,13749.338703
2022-02-19T06:00:00.000000000,-4442.116059,-23539.777452,11366.52382
2022-02-19T06:15:00.000000000,-4146.554794,-24673.557649,8787.088301
2022-02-19T06:30:00.000000000,-3927.186947,-25520.118086,6055.690725
2022-02-19T06:45:00.000000000,-3747.920815,-26060.956638,3219.60302
2022-02-19T07:00:00.000000000,-3570.300765,-26286.494251,327.877656
2022-02-19T07:15:00.000000000,-3355.200121,-26196.391107,-2569.514588
2022-02-19T07:30:00.000000000,-3064.540164,-25799.514681,-5422.560099
2022-02-19T07:45:00.000000000,-2662.966846,-25113.56203,-8182.074891
2022-02-19T08:00:00.000000000,-2119.418958,-24164.352524,-10800.55802
2022-02-19T08:15:00.000000000,-1408.52604,-22984.819786,-13233.010736
2022-02-19T08:30:00.000000000,-511.781474,-21613.74339,-15437.707071
2022-02-19T08:45:00.000000000,581.554607,-20094.270637,-17376.902815
2022-02-19T09:00:00.000000000,1873.857179,-18472.286442,-19017.471384
2022-02-19T09:15:00.000000000,3358.865451,-16794.694763,-20331.456628
2022-02-19T09:30:00.000000000,5021.749012,-15107.677782,-21296.534375
2022-02-19T09:45:00.000000000,6839.507825,-13454.999367,-21896.376236
2022-02-19T10:00:00.000000000,8781.690254,-11876.417069,-22120.91093
2022-02-19T10:15:00.000000000,10811.401337,-10406.262338,-21966.480077
2022-02-19T10:30:00.000000000,12886.56282,-9072.241874,-21435.887031
2022-02-19T10:45:00.000000000,14961.377184,-7894.504398,-20538.338892
2022-02-19T11:00:00.000000000,16987.940426,-6885.007013,-19289.283316
2022-02-19T11:15:00.000000000,18917.943006,-6047.203987,-17710.143184
2022-02-19T11:30:00.000000000,20704.395141,-5376.068667,-15827.953532
2022-02-19T11:45:00.000000000,22303.311722,-4858.446885,-13674.906502
2022-02-19T12:00:00.000000000,23675.293646,-4473.727752,-11287.811317
2022-02-19T12:15:00.000000000,24786.946044,-4194.80593,-8707.477525
2022-02-19T12:30:00.000000000,25612.079834,-3989.298524,-5978.030944
2022-02-19T12:45:00.000000000,26132.650975,-3820.970037,-3146.172798
2022-02-19T13:00:00.000000000,26339.401408,-3651.3109,-260.393584
2022-02-19T13:15:00.000000000,26232.176765,-3441.209021,2629.845922
2022-02-19T13:30:00.000000000,25819.907978,-3152.650044,5474.953357
2022-02-19T13:45:00.000000000,25120.256616,-2750.38052,8226.049493
2022-02-19T14:00:00.000000000,24158.936522,-2203.469334,10835.804861
2022-02-19T14:15:00.000000000,22968.736793,-1486.706193,13259.254115
2022-02-19T14:30:00.000000000,21588.28266,-581.781921,15454.574066
2022-02-19T14:45:00.000000000,20060.581146,521.796614,17383.81165
2022-02-19T15:00:00.000000000,18431.406888,1826.094112,19013.548783
2022-02-19T15:15:00.000000000,16747.589965,3324.462701,20315.49194
2022-02-19T15:30:00.000000000,15055.271711,5001.599045,21266.975405
2022-02-19T15:45:00.000000000,13398.195984,6833.94252,21851.368548
2022-02-19T16:00:00.000000000,11816.102313,8790.400901,22058.379073
2022-02-19T16:15:00.000000000,10343.283613,10833.37706,21884.245941
2022-02-19T16:30:00.000000000,9007.364901,12920.058181,21331.817643
2022-02-19T16:45:00.000000000,7828.350947,15003.918462,20410.513556
2022-02-19T17:00:00.000000000,6817.980314,17036.377539,19136.16831
2022-02-19T17:15:00.000000000,5979.411171,18968.550453,17530.761314
2022-02-19T17:30:00.000000000,5307.251115,20753.021082,15622.03583
2022-02-19T17:45:00.000000000,4787.929562,22345.569744,13443.01422
2022-02-19T18:00:00.000000000,4400.39757,23706.787344,11031.418068
2022-02-19T18:15:00.000000000,4117.126791,24803.512789,8429.003833
2022-02-19T18:30:00.000000000,3905.367336,25610.037361,5680.826484
2022-02-19T18:45:00.000000000,3728.613933,26109.029172,2834.444989
2022-02-19T19:00:00.000000000,3548.221531,26292.141719,-60.915337
2022-02-19T19:15:00.000000000,3325.105641,26160.283531,-2955.227741
2022-02-19T19:30:00.000000000,3021.459574,25723.539218,-5798.540006
2022-02-19T19:45:00.000000000,2602.420278,25000.746163,-8541.845247
2022-02-19T20:00:00.000000000,2037.616989,24018.744838,-11137.931581
2022-02-19T20:15:00.000000000,1302.541835,22811.333145,-13542.195564
2022-02-19T20:30:00.000000000,379.688921,21417.966779,-15713.405256
2022-02-19T20:45:00.000000000,-740.582072,19882.257061,-17614.400057
2022-02-19T21:00:00.000000000,-2059.490813,18250.325195,-19212.716
2022-02-19T21:15:00.000000000,-3569.610577,16569.076836,-20481.126801
2022-02-19T21:30:00.000000000,-5254.979838,14884.463428,-21398.092651
2022-02-19T21:45:00.000000000,-7091.546316,13239.796646,-21948.110538
2022-02-19T22:00:00.000000000,-9047.925952,11674.179734,-22121.961565
2022-02-19T22:15:00.000000000,-11086.447561,10221.114628,-21916.852437
2022-02-19T22:30:00.000000000,-13164.443267,8907.336715,-21336.449923
2022-02-19T22:45:00.000000000,-15235.735882,7751.920242,-20390.808615
2022-02-19T23:00:00.000000000,-17252.26713,6765.687061,-19096.193836
2022-02-19T23:15:00.000000000,-19165.805554,5950.939948,-17474.802911
2022-02-19T23:30:00.000000000,-20929.670047,5301.529549,-15554.38943
2022-02-19T23:45:00.000000000,-22500.404375,4803.25161,-13367.796393
