2022-02-19T00:00:00.000000000,4197.200593,-20033.947831,-16722.074726
2022-02-19T00:15:00.000000000,5299.191103,-18313.46753,-18321.733752
2022-02-19T00:30:00.000000000,6563.225397,-16507.483216,-19601.86261
2022-02-19T00:45:00.000000000,7981.121523,-14660.934501,-20540.624593
2022-02-19T01:00:00.000000000,9536.935617,-12817.667204,-21122.253073
2022-02-19T01:15:00.000000000,11207.441169,-11018.842093,-21337.294396
2022-02-19T01:30:00.000000000,12962.901011,-9301.469643,-21182.730949
2022-02-19T01:45:00.000000000,14768.099144,-7697.127152,-20661.985212
2022-02-19T02:00:00.000000000,16583.589544,-6230.906225,-19784.808173
2022-02-19T02:15:00.000000000,18367.111253,-4920.628515,-18567.057678
2022-02-19T02:30:00.000000000,20075.113412,-3776.356295,-17030.374174
2022-02-19T02:45:00.000000000,21664.330623,-2800.212527,-15201.762805
2022-02-19T03:00:00.000000000,23093.348202,-1986.51286,-13113.091958
2022-02-19T03:15:00.000000000,24324.098355,-1322.200162,-10800.519137
2022-02-19T03:30:00.000000000,25323.231867,-787.56105,-8303.855595
2022-02-19T03:45:00.000000000,26063.315465,-357.193805,-5665.881314
2022-02-19T04:00:00.000000000,26523.812107,-1.188361,-2931.622001
2022-02-19T04:15:00.000000000,26691.809951,313.527973,-147.599551
2022-02-19T04:30:00.000000000,26562.475162,621.730745,2638.932781
2022-02-19T04:45:00.000000000,26139.213849,958.379639,5380.759716
2022-02-19T05:00:00.000000000,25433.538756,1357.097423,8031.467335
2022-02-19T05:15:00.000000000,24464.646769,1848.702792,10546.190524
2022-02-19T05:30:00.000000000,23258.723317,2459.85114,12882.334915
2022-02-19T05:45:00.000000000,21847.999208,3211.833305,15000.264098
2022-02-19T06:00:00.000000000,20269.593978,4119.576786,16863.943287
2022-02-19T06:15:00.000000000,18564.187336,5190.886922,18441.530925
2022-02-19T06:30:00.000000000,16774.566387,6425.957268,19705.910001
2022-02-19T06:45:00.000000000,14944.100931,7817.169116,20635.151206
2022-02-19T07:00:00.000000000,13115.202114,9349.190105,21212.900367
2022-02-19T07:15:00.000000000,11327.820864,10999.371219,21428.683046
2022-02-19T07:30:00.000000000,9618.041788,12738.430786,21278.119712
2022-02-19T07:45:00.000000000,8016.825554,14531.403424,20763.045639
2022-02-19T08:00:00.000000000,6548.94818,16338.821654,19891.530574
2022-02-19T08:15:00.000000000,5232.179157,18118.088648,18677.794433
2022-02-19T08:30:00.000000000,4076.73204,19824.992407,17142.016706
2022-02-19T08:45:00.000000000,3085.011415,21415.305134,15310.039065
2022-02-19T09:00:00.000000000,2251.669004,22846.407024,13212.962641
2022-02-19T09:15:00.000000000,1563.969705,24078.871345,10886.643787
2022-02-19T09:30:00.000000000,1002.455984,25077.947839,8371.094604
2022-02-19T09:45:00.000000000,541.886615,25814.884291,5709.797082
2022-02-19T10:00:00.000000000,152.414051,26268.031577,2948.942281
2022-02-19T10:15:00.000000000,-199.045805,26423.685491,136.608425
2022-02-19T10:30:00.000000000,-547.306456,26276.628944,-2678.106076
2022-02-19T10:45:00.000000000,-927.327871,25830.350273,-5445.976923
2022-02-19T11:00:00.000000000,-1372.623094,25096.926905,-8118.556527
2022-02-19T11:15:00.000000000,-1913.720831,24096.57778,-10649.065306
2022-02-19T11:30:00.000000000,-2576.748285,22856.902105,-12993.252124
2022-02-19T11:45:00.000000000,-3382.193523,21411.835476,-15110.204989
2022-02-19T12:00:00.000000000,-4343.898944,19800.36641,-16963.094555
2022-02-19T12:15:00.000000000,-5468.327389,18065.066363,-18519.834849
2022-02-19T12:30:00.000000000,-6754.130552,16250.493847,-19753.648073
2022-02-19T12:45:00.000000000,-8192.036391,14401.537992,-20643.523036
2022-02-19T13:00:00.000000000,-9765.058655,12561.768618,-21174.559756
2022-02-19T13:15:00.000000000,-11449.018224,10771.858721,-21338.195722
2022-02-19T13:30:00.000000000,-13213.35327,9068.141196,-21132.312261
2022-02-19T13:45:00.000000000,-15022.183888,7481.355136,-20561.222225
2022-02-19T14:00:00.000000000,-16835.587115,6035.628376,-19635.54268
2022-02-19T14:15:00.000000000,-18611.030727,4747.732685,-18371.958473
2022-02-19T14:30:00.000000000,-20304.908868,3626.636553,-16792.884356
2022-02-19T14:45:00.000000000,-21874.11965,2673.368539,-14926.034816
2022-02-19T15:00:00.000000000,-23277.624352,1881.191963,-12803.911827
2022-02-19T15:15:00.000000000,-24477.929616,1236.079928,-10463.221497
2022-02-19T15:30:00.000000000,-25442.437897,717.468694,-7944.231069
2022-02-19T15:45:00.000000000,-26144.617197,299.257483,-5290.077905
2022-02-19T16:00:00.000000000,-26564.948469,-48.985667,-2546.042063
2022-02-19T16:15:00.000000000,-26691.617649,-360.65918,241.206042
2022-02-19T16:30:00.000000000,-26520.928885,-670.656634,3024.371779
2022-02-19T16:45:00.000000000,-26057.425634,-1013.844297,5756.305437
2022-02-19T17:00:00.000000000,-25313.716738,-1423.544158,8390.764
2022-02-19T17:15:00.000000000,-24310.014939,-1930.078525,10883.1556
2022-02-19T17:30:00.000000000,-23073.405266,-2559.42974,13191.257156
2022-02-19T17:45:00.000000000,-21636.870082,-3332.064402,15275.896025
2022-02-19T18:00:00.000000000,-20038.105993,-4261.965686,17101.58688
2022-02-19T18:15:00.000000000,-18318.175115,-5355.910203,18637.115371
2022-02-19T18:30:00.000000000,-16520.039117,-6613.017372,19856.06038
2022-02-19T18:45:00.000000000,-14687.028862,-8024.589938,20737.247048
2022-02-19T19:00:00.000000000,-12861.305179,-9574.254105,21265.123068
2022-02-19T19:15:00.000000000,-11082.367204,-11238.397136,21430.051212
2022-02-19T19:30:00.000000000,-9385.663719,-12986.889531,21228.51158
2022-02-19T19:45:00.000000000,-7801.359981,-14784.068279,20663.207843
2022-02-19T20:00:00.000000000,-6353.30768,-16589.947587,19743.072672
2022-02-19T20:15:00.000000000,-5058.258905,-18361.614325,18483.168781
2022-02-19T20:30:00.000000000,-3925.356498,-20054.757494,16904.483514
2022-02-19T20:45:00.000000000,-2955.923236,-21625.274715,15033.616694
2022-02-19T21:00:00.000000000,-2143.560985,-23030.894522,12902.363541
2022-02-19T21:15:00.000000000,-1474.558956,-24232.751157,10547.196786
2022-02-19T21:30:00.000000000,-928.597725,-25196.849165,8008.654611
2022-02-19T21:45:00.000000000,-479.723361,-25895.358211,5330.643627
2022-02-19T22:00:00.000000000,-97.554401,-26307.684378,2559.668672
2022-02-19T22:15:00.000000000,251.325882,-26421.272541,-255.996391
2022-02-19T22:30:00.000000000,601.848019,-26232.104979,-3067.18059
2022-02-19T22:45:00.000000000,988.867923,-25744.873767,-5824.7125
2022-02-19T23:00:00.000000000,1445.577235,-24972.818107,-8480.322515
2022-02-19T23:15:00.000000000,2001.978699,-23937.231978,-10987.531067
2022-02-19T23:30:00.000000000,2683.490364,-22666.661618,-13302.503312
2022-02-19T23:45:00.000000000,3509.736979,-21195.825616,-15384.851534
2022-02-19T00:00:00.000000000,4197.200593,-20033.947831,-16722.074726
2022-02-19T00:15:00.000000000,5299.191103,-18313.46753,-18321.733752
2022-02-19T00:30:00.000000000,6563.225397,-16507.483216,-19601.86261
2022-02-19T00:45:00.000000000,7981.121523,-14660.934501,-20540.624593
2022-02-19T01:00:00.000000000,9536.935617,-12817.667204,-21122.253073
2022-02-19T01:15:00.000000000,11207.441169,-11018.842093,-21337.294396
2022-02-19T01:30:00.000000000,12962.901011,-9301.469643,-21182.730949
2022-02-19T01:45:00.000000000,14768.099144,-7697.127152,-20661.985212
2022-02-19T02:00:00.000000000,16583.589544,-6230.906225,-19784.808173
2022-02-19T02:15:00.000000000,18367.111253,-4920.628515,-18567.057678
2022-02-19T02:30:00.000000000,20075.113412,-3776.356295,-17030.374174
2022-02-19T02:45:00.000000000,21664.330623,-2800.212527,-15201.762805
2022-02-19T03:00:00.000000000,23093.348202,-1986.51286,-13113.091958
2022-02-19T03:15:00.000000000,24324.098355,-1322.200162,-10800.519137
2022-02-19T03:30:00.000000000,25323.231867,-787.56105,-8303.855595
2022-02-19T03:45:00.000000000,26063.315465,-357.193805,-5665.881314
2022-02-19T04:00:00.000000000,26523.812107,-1.188361,-2931.622001
2022-02-19T04:15:00.000000000,26691.809951,313.527973,-147.599551
2022-02-19T04:30:00.000000000,26562.475162,621.730745,2638.932781
2022-02-19T04:45:00.000000000,26139.213849,958.379639,5380.759716
2022-02-19T05:00:00.000000000,25433.538756,1357.097423,8031.467335
2022-02-19T05:15:00.000000000,24464.646769,1848.702792,10546.190524
2022-02-19T05:30:00.000000000,23258.723317,2459.85114,12882.334915
2022-02-19T05:45:00.000000000,21847.999208,3211.833305,15000.264098
2022-02-19T06:00:00.000000000,20269.593978,4119.576786,16863.943287
2022-02-19T06:15:00.000000000,18564.187336,5190.886922,18441.530925
2022-02-19T06:30:00.000000000,16774.566387,6425.957268,19705.910001
2022-02-19T06:45:00.000000000,14944.100931,7817.169116,20635.151206
2022-02-19T07:00:00.000000000,13115.202114,9349.190105,21212.900367
2022-02-19T07:15:00.000000000,11327.820864,10999.371219,21428.683046
2022-02-19T07:30:00.000000000,9618.041788,12738.430786,21278.119712
2022-02-19T07:45:00.000000000,8016.825554,14531.403424,20763.045639
2022-02-19T08:00:00.000000000,6548.94818,16338.821654,19891.530574
2022-02-19T08:15:00.000000000,5232.179157,18118.088648,18677.794433
2022-02-19T08:30:00.000000000,4076.73204,19824.992407,17142.016706
2022-02-19T08:45:00.000000000,3085.011415,21415.305134,15310.039065
2022-02-19T09:00:00.000000000,2251.669004,22846.407024,13212.962641
2022-02-19T09:15:00.000000000,1563.969705,24078.871345,10886.643787
2022-02-19T09:30:00.000000000,1002.455984,25077.947839,8371.094604
2022-02-19T09:45:00.000000000,541.886615,25814.884291,5709.797082
2022-02-19T10:00:00.000000000,152.414051,26268.031577,2948.942281
2022-02-19T10:15:00.000000000,-199.045805,26423.685491,136.608425
2022-02-19T10:30:00.000000000,-547.306456,26276.628944,-2678.106076
2022-02-19T10:45:00.000000000,-927.327871,25830.350273,-5445.976923
2022-02-19T11:00:00.000000000,-1372.623094,25096.926905,-8118.556527
2022-02-19T11:15:00.000000000,-1913.720831,24096.57778,-10649.065306
2022-02-19T11:30:00.000000000,-2576.748285,22856.902105,-12993.252124
2022-02-19T11:45:00.000000000,-3382.193523,21411.835476,-15110.204989
2022-02-19T12:00:00.000000000,-4343.898944,19800.36641,-16963.094555
2022-02-19T12:15:00.000000000,-5468.327389,18065.066363,-18519.834849
2022-02-19T12:30:00.000000000,-6754.130552,16250.493847,-19753.648073
2022-02-19T12:45:00.000000000,-8192.036391,14401.537992,-20643.523036
2022-02-19T13:00:00.000000000,-9765.058655,12561.768618,-21174.559756
2022-02-19T13:15:00.000000000,-11449.018224,10771.858721,-21338.195722
2022-02-19T13:30:00.000000000,-13213.35327,9068.141196,-21132.312261
2022-02-19T13:45:00.000000000,-15022.183888,7481.355136,-20561.222225
2022-02-19T14:00:00.000000000,-16835.587115,6035.628376,-19635.54268
2022-02-19T14:15:00.000000000,-18611.030727,4747.732685,-18371.958473
2022-02-19T14:30:00.000000000,-20304.908868,3626.636553,-16792.884356
2022-02-19T14:45:00.000000000,-21874.11965,2673.368539,-14926.034816
2022-02-19T15:00:00.000000000,-23277.624352,1881.191963,-12803.911827
2022-02-19T15:15:00.000000000,-24477.929616,1236.079928,-10463.221497
2022-02-19T15:30:00.000000000,-25442.437897,717.468694,-7944.231069
2022-02-19T15:45:00.000000000,-26144.617197,299.257483,-5290.077905
2022-02-19T16:00:00.000000000,-26564.948469,-48.985667,-2546.042063
2022-02-19T16:15:00.000000000,-26691.617649,-360.65918,241.206042
2022-02-19T16:30:00.000000000,-26520.928885,-670.656634,3024.371779
2022-02-19T16:45:00.000000000,-26057.425634,-1013.844297,5756.305437
2022-02-19T17:00:00.000000000,-25313.716738,-1423.544158,8390.764
2022-02-19T17:15:00.000000000,-24310.014939,-1930.078525,10883.1556
2022-02-19T17:30:00.000000000,-23073.405266,-2559.42974,13191.257156
2022-02-19T17:45:00.000000000,-21636.870082,-3332.064402,15275.896025
2022-02-19T18:00:00.000000000,-20038.105993,-4261.965686,17101.58688
2022-02-19T18:15:00.000000000,-18318.175115,-5355.910203,18637.115371
2022-02-19T18:30:00.000000000,-16520.039117,-6613.017372,19856.06038
2022-02-19T18:45:00.000000000,-14687.028862,-8024.589938,20737.247048
2022-02-19T19:00:00.000000000,-12861.305179,-9574.254105,21265.123068
2022-02-19T19:15:00.000000000,-11082.367204,-11238.397136,21430.051212
2022-02-19T19:30:00.000000000,-9385.663719,-12986.889531,21228.51158
2022-02-19T19:45:00.000000000,-7801.359981,-14784.068279,20663.207843
2022-02-19T20:00:00.000000000,-6353.30768,-16589.947587,19743.072672
2022-02-19T20:15:00.000000000,-5058.258905,-18361.614325,18483.168781
2022-02-19T20:30:00.000000000,-3925.356498,-20054.757494,16904.483514
2022-02-19T20:45:00.000000000,-2955.923236,-21625.274715,15033.616694
2022-02-19T21:00:00.000000000,-2143.560985,-23030.894522,12902.363541
2022-02-19T21:15:00.000000000,-1474.558956,-24232.751157,10547.196786
2022-02-19T21:30:00.000000000,-928.597725,-25196.849165,8008.654611
2022-02-19T21:45:00.000000000,-479.723361,-25895.358211,5330.643627
2022-02-19T22:00:00.000000000,-97.554401,-26307.684378,2559.668672
2022-02-19T22:15:00.000000000,251.325882,-26421.272541,-255.996391
2022-02-19T22:30:00.000000000,601.848019,-26232.104979,-3067.18059
2022-02-19T22:45:00.000000000,988.867923,-25744.873767,-5824.7125
2022-02-19T23:00:00.000000000,1445.577235,-24972.818107,-8480.322515
2022-02-19T23:15:00.000000000,2001.978699,-23937.231978,-10987.531067
2022-02-19T23:30:00.000000000,2683.490364,-22666.661618,-13302.503312
2022-02-19T23:45:00.000000000,3509.736979,-21195.825616,-15384.851534
2022-02-19T00:00:00.000000000,4197.200593,-20033.947831,-16722.074726
2022-02-19T00:15:00.000000000,5299.191103,-18313.46753,-18321.733752
2022-02-19T00:30:00.000000000,6563.225397,-16507.483216,-19601.86261
2022-02-19T00:45:00.000000000,7981.121523,-14660.934501,-20540.624593
2022-02-19T01:00:00.000000000,9536.935617,-12817.667204,-21122.253073
2022-02-19T01:15:00.000000000,11207.441169,-11018.842093,-21337.294396
2022-02-19T01:30:00.000000000,12962.901011,-9301.469643,-21182.730949
2022-02-19T01:45:00.000000000,14768.099144,-7697.127152,-20661.985212
2022-02-19T02:00:00.000000000,16583.589544,-6230.906225,-19784.808173
2022-02-19T02:15:00.000000000,18367.111253,-4920.628515,-18567.057678
2022-02-19T02:30:00.000000000,20075.113412,-3776.356295,-17030.374174
2022-02-19T02:45:00.000000000,21664.330623,-2800.212527,-15201.762805
2022-02-19T03:00:00.000000000,23093.348202,-1986.51286,-13113.091958
2022-02-19T03:15:00.000000000,24324.098355,-1322.200162,-10800.519137
2022-02-19T03:30:00.000000000,25323.231867,-787.56105,-8303.855595
2022-02-19T03:45:00.000000000,26063.315465,-357.193805,-5665.881314
2022-02-19T04:00:00.000000000,26523.812107,-1.188361,-2931.622001
2022-02-19T04:15:00.000000000,26691.809951,313.527973,-147.599551
2022-02-19T04:30:00.000000000,26562.475162,621.730745,2638.932781
2022-02-19T04:45:00.000000000,26139.213849,958.379639,5380.759716
2022-02-19T05:00:00.000000000,25433.538756,1357.097423,8031.467335
2022-02-19T05:15:00.000000000,24464.646769,1848.702792,10546.190524
2022-02-19T05:30:00.000000000,23258.723317,2459.85114,12882.334915
2022-02-19T05:45:00.000000000,21847.999208,3211.833305,15000.264098
2022-02-19T06:00:00.000000000,20269.593978,4119.576786,16863.943287
2022-02-19T06:15:00.000000000,18564.187336,5190.886922,18441.530925
2022-02-19T06:30:00.000000000,16774.566387,6425.957268,19705.910001
2022-02-19T06:45:00.000000000,14944.100931,7817.169116,20635.151206
2022-02-19T07:00:00.000000000,13115.202114,9349.190105,21212.900367
2022-02-19T07:15:00.000000000,11327.820864,10999.371219,21428.683046
2022-02-19T07:30:00.000000000,9618.041788,12738.430786,21278.119712
2022-02-19T07:45:00.000000000,8016.825554,14531.403424,20763.045639
2022-02-19T08:00:00.000000000,6548.94818,16338.821654,19891.530574
2022-02-19T08:15:00.000000000,5232.179157,18118.088648,18677.794433
2022-02-19T08:30:00.000000000,4076.73204,19824.992407,17142.016706
2022-02-19T08:45:00.000000000,3085.011415,21415.305134,15310.039065
2022-02-19T09:00:00.000000000,2251.669004,22846.407024,13212.962641
2022-02-19T09:15:00.000000000,1563.969705,24078.871345,10886.643787
2022-02-19T09:30:00.000000000,1002.455984,25077.947839,8371.094604
2022-02-19T09:45:00.000000000,541.886615,25814.884291,5709.797082
2022-02-19T10:00:00.000000000,152.414051,26268.031577,2948.942281
2022-02-19T10:15:00.000000000,-199.045805,26423.685491,136.608425
2022-02-19T10:30:00.000000000,-547.306456,26276.628944,-2678.106076
2022-02-19T10:45:00.000000000,-927.327871,25830.350273,-5445.976923
2022-02-19T11:00:00.000000000,-1372.623094,25096.926905,-8118.556527
2022-02-19T11:15:00.000000000,-1913.720831,24096.57778,-10649.065306
2022-02-19T11:30:00.000000000,-2576.748285,22856.902105,-12993.252124
2022-02-19T11:45:00.000000000,-3382.193523,21411.835476,-15110.204989
2022-02-19T12:00:00.000000000,-4343.898944,19800.36641,-16963.094555
2022-02-19T12:15:00.000000000,-5468.327389,18065.066363,-18519.834849
2022-02-19T12:30:00.000000000,-6754.130552,16250.493847,-19753.648073
2022-02-19T12:45:00.000000000,-8192.036391,14401.537992,-20643.523036
2022-02-19T13:00:00.000000000,-9765.058655,12561.768618,-21174.559756
2022-02-19T13:15:00.000000000,-11449.018224,10771.858721,-21338.195722
2022-02-19T13:30:00.000000000,-13213.35327,9068.141196,-21132.312261
2022-02-19T13:45:00.000000000,-15022.183888,7481.355136,-20561.222225
2022-02-19T14:00:00.000000000,-16835.587115,6035.628376,-19635.54268
2022-02-19T14:15:00.000000000,-18611.030727,4747.732685,-18371.958473
2022-02-19T14:30:00.000000000,-20304.908868,3626.636553,-16792.884356
2022-02-19T14:45:00.000000000,-21874.11965,2673.368539,-14926.034816
2022-02-19T15:00:00.000000000,-23277.624352,1881.191963,-12803.911827
2022-02-19T15:15:00.000000000,-24477.929616,1236.079928,-10463.221497
2022-02-19T15:30:00.000000000,-25442.437897,717.468694,-7944.231069
2022-02-19T15:45:00.000000000,-26144.617197,299.257483,-5290.077905
2022-02-19T16:00:00.000000000,-26564.948469,-48.985667,-2546.042063
2022-02-19T16:15:00.000000000,-26691.617649,-360.65918,241.206042
2022-02-19T16:30:00.000000000,-26520.928885,-670.656634,3024.371779
2022-02-19T16:45:00.000000000,-26057.425634,-1013.844297,5756.305437
2022-02-19T17:00:00.000000000,-25313.716738,-1423.544158,8390.764
2022-02-19T17:15:00.000000000,-24310.014939,-1930.078525,10883.1556
2022-02-19T17:30:00.000000000,-23073.405266,-2559.42974,13191.257156
2022-02-19T17:45:00.000000000,-21636.870082,-3332.064402,15275.896025
2022-02-19T18:00:00.000000000,-20038.105993,-4261.965686,17101.58688
2022-02-19T18:15:00.000000000,-18318.175115,-5355.910203,18637.115371
2022-02-19T18:30:00.000000000,-16520.039117,-6613.017372,19856.06038
2022-02-19T18:45:00.000000000,-14687.028862,-8024.589938,20737.247048
2022-02-19T19:00:00.000000000,-12861.305179,-9574.254105,21265.123068
2022-02-19T19:15:00.000000000,-11082.367204,-11238.397136,21430.051212
2022-02-19T19:30:00.000000000,-9385.663719,-12986.889531,21228.51158
2022-02-19T19:45:00.000000000,-7801.359981,-14784.068279,20663.207843
2022-02-19T20:00:00.000000000,-6353.30768,-16589.947587,19743.072672
2022-02-19T20:15:00.000000000,-5058.258905,-18361.614325,18483.168781
2022-02-19T20:30:00.000000000,-3925.356498,-20054.757494,16904.483514
2022-02-19T20:45:00.000000000,-2955.923236,-21625.274715,15033.616694
2022-02-19T21:00:00.000000000,-2143.560985,-23030.894522,12902.363541
2022-02-19T21:15:00.000000000,-1474.558956,-24232.751157,10547.196786
2022-02-19T21:30:00.000000000,-928.597725,-25196.849165,8008.654611
2022-02-19T21:45:00.000000000,-479.723361,-25895.358211,5330.643627
2022-02-19T22:00:00.000000000,-97.554401,-26307.684378,2559.668672
2022-02-19T22:15:00.000000000,251.325882,-26421.272541,-255.996391
2022-02-19T22:30:00.000000000,601.848019,-26232.104979,-3067.18059
2022-02-19T22:45:00.000000000,988.867923,-25744.873767,-5824.7125
2022-02-19T23:00:00.000000000,1445.577235,-24972.818107,-8480.322515
2022-02-19T23:15:00.000000000,2001.978699,-23937.231978,-10987.531067
2022-02-19T23:30:00.000000000,2683.490364,-22666.661618,-13302.503312
2022-02-19T23:45:00.000000000,3509.736979,-21195.825616,-15384.851534
2022-02-19T00:00:00.000000000,4197.200593,-20033.947831,-16722.074726
2022-02-19T00:15:00.000000000,5299.191103,-18313.46753,-18321.733752
2022-02-19T00:30:00.000000000,6563.225397,-16507.483216,-19601.86261
2022-02-19T00:45:00.000000000,7981.121523,-14660.934501,-20540.624593
2022-02-19T01:00:00.000000000,9536.935617,-12817.667204,-21122.253073
2022-02-19T01:15:00.000000000,11207.441169,-11018.842093,-21337.294396
2022-02-19T01:30:00.000000000,12962.901011,-9301.469643,-21182.730949
2022-02-19T01:45:00.000000000,14768.099144,-7697.127152,-20661.985212
2022-02-19T02:00:00.000000000,16583.589544,-6230.906225,-19784.808173
2022-02-19T02:15:00.000000000,18367.111253,-4920.628515,-18567.057678
2022-02-19T02:30:00.000000000,20075.113412,-3776.356295,-17030.374174
2022-02-19T02:45:00.000000000,21664.330623,-2800.212527,-15201.762805
2022-02-19T03:00:00.000000000,23093.348202,-1986.51286,-13113.091958
2022-02-19T03:15:00.000000000,24324.098355,-1322.200162,-10800.519137
2022-02-19T03:30:00.000000000,25323.231867,-787.56105,-8303.855595
2022-02-19T03:45:00.000000000,26063.315465,-357.193805,-5665.881314
2022-02-19T04:00:00.000000000,26523.812107,-1.188361,-2931.622001
2022-02-19T04:15:00.000000000,26691.809951,313.527973,-147.599551
2022-02-19T04:30:00.000000000,26562.475162,621.730745,2638.932781
2022-02-19T04:45:00.000000000,26139.213849,958.379639,5380.759716
2022-02-19T05:00:00.000000000,25433.538756,1357.097423,8031.467335
2022-02-19T05:15:00.000000000,24464.646769,1848.702792,10546.190524
2022-02-19T05:30:00.000000000,23258.723317,2459.85114,12882.334915
2022-02-19T05:45:00.000000000,21847.999208,3211.833305,15000.264098
2022-02-19T06:00:00.000000000,20269.593978,4119.576786,16863.943287
2022-02-19T06:15:00.000000000,18564.187336,5190.886922,18441.530925
2022-02-19T06:30:00.000000000,16774.566387,6425.957268,19705.910001
2022-02-19T06:45:00.000000000,14944.100931,7817.169116,20635.151206
2022-02-19T07:00:00.000000000,13115.202114,9349.190105,21212.900367
2022-02-19T07:15:00.000000000,11327.820864,10999.371219,21428.683046
2022-02-19T07:30:00.000000000,9618.041788,12738.430786,21278.119712
2022-02-19T07:45:00.000000000,8016.825554,14531.403424,20763.045639
2022-02-19T08:00:00.000000000,6548.94818,16338.821654,19891.530574
2022-02-19T08:15:00.000000000,5232.179157,18118.088648,18677.794433
2022-02-19T08:30:00.000000000,4076.73204,19824.992407,17142.016706
2022-02-19T08:45:00.000000000,3085.011415,21415.305134,15310.039065
2022-02-19T09:00:00.000000000,2251.669004,22846.407024,13212.962641
2022-02-19T09:15:00.000000000,1563.969705,24078.871345,10886.643787
2022-02-19T09:30:00.000000000,1002.455984,25077.947839,8371.094604
2022-02-19T09:45:00.000000000,541.886615,25814.884291,5709.797082
2022-02-19T10:00:00.000000000,152.414051,26268.031577,2948.942281
2022-02-19T10:15:00.000000000,-199.045805,26423.685491,136.608425
2022-02-19T10:30:00.000000000,-547.306456,26276.628944,-2678.106076
2022-02-19T10:45:00.000000000,-927.327871,25830.350273,-5445.976923
2022-02-19T11:00:00.000000000,-1372.623094,25096.926905,-8118.556527
2022-02-19T11:15:00.000000000,-1913.720831,24096.57778,-10649.065306
2022-02-19T11:30:00.000000000,-2576.748285,22856.902105,-12993.252124
2022-02-19T11:45:00.000000000,-3382.193523,21411.835476,-15110.204989
2022-02-19T12:00:00.000000000,-4343.898944,19800.36641,-16963.094555
2022-02-19T12:15:00.000000000,-5468.327389,18065.066363,-18519.834849
2022-02-19T12:30:00.000000000,-6754.130552,16250.493847,-19753.648073
2022-02-19T12:45:00.000000000,-8192.036391,14401.537992,-20643.523036
2022-02-19T13:00:00.000000000,-9765.058655,12561.768618,-21174.559756
2022-02-19T13:15:00.000000000,-11449.018224,10771.858721,-21338.195722
2022-02-19T13:30:00.000000000,-13213.35327,9068.141196,-21132.312261
2022-02-19T13:45:00.000000000,-15022.183888,7481.355136,-20561.222225
2022-02-19T14:00:00.000000000,-16835.587115,6035.628376,-19635.54268
2022-02-19T14:15:00.000000000,-18611.030727,4747.732685,-18371.958473
2022-02-19T14:30:00.000000000,-20304.908868,3626.636553,-16792.884356
2022-02-19T14:45:00.000000000,-21874.11965,2673.368539,-14926.034816
2022-02-19T15:00:00.000000000,-23277.624352,1881.191963,-12803.911827
2022-02-19T15:15:00.000000000,-24477.929616,1236.079928,-10463.221497
2022-02-19T15:30:00.000000000,-25442.437897,717.468694,-7944.231069
2022-02-19T15:45:00.000000000,-26144.617197,299.257483,-5290.077905
2022-02-19T16:00:00.000000000,-26564.948469,-48.985667,-2546.042063
2022-02-19T16:15:00.000000000,-26691.617649,-360.65918,241.206042
2022-02-19T16:30:00.000000000,-26520.928885,-670.656634,3024.371779
2022-02-19T16:45:00.000000000,-26057.425634,-1013.844297,5756.305437
2022-02-19T17:00:00.000000000,-25313.716738,-1423.544158,8390.764
2022-02-19T17:15:00.000000000,-24310.014939,-1930.078525,10883.1556
2022-02-19T17:30:00.000000000,-23073.405266,-2559.42974,13191.257156
2022-02-19T17:45:00.000000000,-21636.870082,-3332.064402,15275.896025
2022-02-19T18:00:00.000000000,-20038.105993,-4261.965686,17101.58688
2022-02-19T18:15:00.000000000,-18318.175115,-5355.910203,18637.115371
2022-02-19T18:30:00.000000000,-16520.039117,-6613.017372,19856.06038
2022-02-19T18:45:00.000000000,-14687.028862,-8024.589938,20737.247048
2022-02-19T19:00:00.000000000,-12861.305179,-9574.254105,21265.123068
2022-02-19T19:15:00.000000000,-11082.367204,-11238.397136,21430.051212
2022-02-19T19:30:00.000000000,-9385.663719,-12986.889531,21228.51158
2022-02-19T19:45:00.000000000,-7801.359981,-14784.068279,20663.207843
2022-02-19T20:00:00.000000000,-6353.30768,-16589.947587,19743.072672
2022-02-19T20:15:00.000000000,-5058.258905,-18361.614325,18483.168781
2022-02-19T20:30:00.000000000,-3925.356498,-20054.757494,16904.483514
2022-02-19T20:45:00.000000000,-2955.923236,-21625.274715,15033.616694
2022-02-19T21:00:00.000000000,-2143.560985,-23030.894522,12902.363541
2022-02-19T21:15:00.000000000,-1474.558956,-24232.751157,10547.196786
2022-02-19T21:30:00.000000000,-928.597725,-25196.849165,8008.654611
2022-02-19T21:45:00.000000000,-479.723361,-25895.358211,5330.643627
2022-02-19T22:00:00.000000000,-97.554401,-26307.684378,2559.668672
2022-02-19T22:15:00.000000000,251.325882,-26421.272541,-255.996391
2022-02-19T22:30:00.000000000,601.848019,-26232.104979,-3067.18059
2022-02-19T22:45:00.000000000,988.867923,-25744.873767,-5824.7125
2022-02-19T23:00:00.000000000,1445.577235,-24972.818107,-8480.322515
2022-02-19T23:15:00.000000000,2001.978699,-23937.231978,-10987.531067
2022-02-19T23:30:00.000000000,2683.490364,-22666.661618,-13302.503312
2022-02-19T23:45:00.000000000,3509.736979,-21195.825616,-15384.851534
2022-02-19T00:00:00.000000000,4197.200593,-20033.947831,-16722.074726
2022-02-19T00:15:00.000000000,5299.191103,-18313.46753,-18321.733752
2022-02-19T00:30:00.000000000,6563.225397,-16507.483216,-19601.86261
2022-02-19T00:45:00.000000000,7981.121523,-14660.934501,-20540.624593
2022-02-19T01:00:00.000000000,9536.935617,-12817.667204,-21122.253073
2022-02-19T01:15:00.000000000,11207.441169,-11018.842093,-21337.294396
2022-02-19T01:30:00.000000000,12962.901011,-9301.469643,-21182.730949
2022-02-19T01:45:00.000000000,14768.099144,-7697.127152,-20661.985212
2022-02-19T02:00:00.000000000,16583.589544,-6230.906225,-19784.808173
2022-02-19T02:15:00.000000000,18367.111253,-4920.628515,-18567.057678
2022-02-19T02:30:00.000000000,20075.113412,-3776.356295,-17030.374174
2022-02-19T02:45:00.000000000,21664.330623,-2800.212527,-15201.762805
2022-02-19T03:00:00.000000000,23093.348202,-1986.51286,-13113.091958
2022-02-19T03:15:00.000000000,24324.098355,-1322.200162,-10800.519137
2022-02-19T03:30:00.000000000,25323.231867,-787.56105,-8303.855595
2022-02-19T03:45:00.000000000,26063.315465,-357.193805,-5665.881314
2022-02-19T04:00:00.000000000,26523.812107,-1.188361,-2931.622001
2022-02-19T04:15:00.000000000,26691.809951,313.527973,-147.599551
2022-02-19T04:30:00.000000000,26562.475162,621.730745,2638.932781
2022-02-19T04:45:00.000000000,26139.213849,958.379639,5380.759716
2022-02-19T05:00:00.000000000,25433.538756,1357.097423,8031.467335
2022-02-19T05:15:00.000000000,24464.646769,1848.702792,10546.190524
2022-02-19T05:30:00.000000000,23258.723317,2459.85114,12882.334915
2022-02-19T05:45:00.000000000,21847.999208,3211.833305,15000.264098
2022-02-19T06:00:00.000000000,20269.593978,4119.576786,16863.943287
2022-02-19T06:15:00.000000000,18564.187336,5190.886922,18441.530925
2022-02-19T06:30:00.000000000,16774.566387,6425.957268,19705.910001
2022-02-19T06:45:00.000000000,14944.100931,7817.169116,20635.151206
2022-02-19T07:00:00.000000000,13115.202114,9349.190105,21212.900367
2022-02-19T07:15:00.000000000,11327.820864,10999.371219,21428.683046
2022-02-19T07:30:00.000000000,9618.041788,12738.430786,21278.119712
2022-02-19T07:45:00.000000000,8016.825554,14531.403424,20763.045639
2022-02-19T08:00:00.000000000,6548.94818,16338.821654,19891.530574
2022-02-19T08:15:00.000000000,5232.179157,18118.088648,18677.794433
2022-02-19T08:30:00.000000000,4076.73204,19824.992407,17142.016706
2022-02-19T08:45:00.000000000,3085.011415,21415.305134,15310.039065
2022-02-19T09:00:00.000000000,2251.669004,22846.407024,13212.962641
2022-02-19T09:15:00.000000000,1563.969705,24078.871345,10886.643787
2022-02-19T09:30:00.000000000,1002.455984,25077.947839,8371.094604
2022-02-19T09:45:00.000000000,541.886615,25814.884291,5709.797082
2022-02-19T10:00:00.000000000,152.414051,26268.031577,2948.942281
2022-02-19T10:15:00.000000000,-199.045805,26423.685491,136.608425
2022-02-19T10:30:00.000000000,-547.306456,26276.628944,-2678.106076
2022-02-19T10:45:00.000000000,-927.327871,25830.350273,-5445.976923
2022-02-19T11:00:00.000000000,-1372.623094,25096.926905,-8118.556527
2022-02-19T11:15:00.000000000,-1913.720831,24096.57778,-10649.065306
2022-02-19T11:30:00.000000000,-2576.748285,22856.902105,-12993.252124
2022-02-19T11:45:00.000000000,-3382.193523,21411.835476,-15110.204989
2022-02-19T12:00:00.000000000,-4343.898944,19800.36641,-16963.094555
2022-02-19T12:15:00.000000000,-5468.327389,18065.066363,-18519.834849
2022-02-19T12:30:00.000000000,-6754.130552,16250.493847,-19753.648073
2022-02-19T12:45:00.000000000,-8192.036391,14401.537992,-20643.523036
2022-02-19T13:00:00.000000000,-9765.058655,12561.768618,-21174.559756
2022-02-19T13:15:00.000000000,-11449.018224,10771.858721,-21338.195722
2022-02-19T13:30:00.000000000,-13213.35327,9068.141196,-21132.312261
2022-02-19T13:45:00.000000000,-15022.183888,7481.355136,-20561.222225
2022-02-19T14:00:00.000000000,-16835.587115,6035.628376,-19635.54268
2022-02-19T14:15:00.000000000,-18611.030727,4747.732685,-18371.958473
2022-02-19T14:30:00.000000000,-20304.908868,3626.636553,-16792.884356
2022-02-19T14:45:00.000000000,-21874.11965,2673.368539,-14926.034816
2022-02-19T15:00:00.000000000,-23277.624352,1881.191963,-12803.911827
2022-02-19T15:15:00.000000000,-24477.929616,1236.079928,-10463.221497
2022-02-19T15:30:00.000000000,-25442.437897,717.468694,-7944.231069
2022-02-19T15:45:00.000000000,-26144.617197,299.257483,-5290.077905
2022-02-19T16:00:00.000000000,-26564.948469,-48.985667,-2546.042063
2022-02-19T16:15:00.000000000,-26691.617649,-360.65918,241.206042
2022-02-19T16:30:00.000000000,-26520.928885,-670.656634,3024.371779
2022-02-19T16:45:00.000000000,-26057.425634,-1013.844297,5756.305437
2022-02-19T17:00:00.000000000,-25313.716738,-1423.544158,8390.764
2022-02-19T17:15:00.000000000,-24310.014939,-1930.078525,10883.1556
2022-02-19T17:30:00.000000000,-23073.405266,-2559.42974,13191.257156
2022-02-19T17:45:00.000000000,-21636.870082,-3332.064402,15275.896025
2022-02-19T18:00:00.000000000,-20038.105993,-4261.965686,17101.58688
2022-02-19T18:15:00.000000000,-18318.175115,-5355.910203,18637.115371
2022-02-19T18:30:00.000000000,-16520.039117,-6613.017372,19856.06038
2022-02-19T18:45:00.000000000,-14687.028862,-8024.589938,20737.247048
2022-02-19T19:00:00.000000000,-12861.305179,-9574.254105,21265.123068
2022-02-19T19:15:00.000000000,-11082.367204,-11238.397136,21430.051212
2022-02-19T19:30:00.000000000,-9385.663719,-12986.889531,21228.51158
2022-02-19T19:45:00.000000000,-7801.359981,-14784.068279,20663.207843
2022-02-19T20:00:00.000000000,-6353.30768,-16589.947587,19743.072672
2022-02-19T20:15:00.000000000,-5058.258905,-18361.614325,18483.168781
2022-02-19T20:30:00.000000000,-3925.356498,-20054.757494,16904.483514
2022-02-19T20:45:00.000000000,-2955.923236,-21625.274715,15033.616694
2022-02-19T21:00:00.000000000,-2143.560985,-23030.894522,12902.363541
2022-02-19T21:15:00.000000000,-1474.558956,-24232.751157,10547.196786
2022-02-19T21:30:00.000000000,-928.597725,-25196.849165,8008.654611
2022-02-19T21:45:00.000000000,-479.723361,-25895.358211,5330.643627
2022-02-19T22:00:00.000000000,-97.554401,-26307.684378,2559.668672
2022-02-19T22:15:00.000000000,251.325882,-26421.272541,-255.996391
2022-02-19T22:30:00.000000000,601.848019,-26232.104979,-3067.18059
2022-02-19T22:45:00.000000000,988.867923,-25744.873767,-5824.7125
2022-02-19T23:00:00.000000000,1445.577235,-24972.818107,-8480.322515
2022-02-19T23:15:00.000000000,2001.978699,-23937.231978,-10987.531067
2022-02-19T23:30:00.000000000,2683.490364,-22666.661618,-13302.503312
2022-02-19T23:45:00.000000000,3509.736979,-21195.825616,-15384.851534
2022-02-19T00:00:00.000000000,4197.200593,-20033.947831,-16722.074726
2022-02-19T00:15:00.000000000,5299.191103,-18313.46753,-18321.733752
2022-02-19T00:30:00.000000000,6563.225397,-16507.483216,-19601.86261
2022-02-19T00:45:00.000000000,7981.121523,-14660.934501,-20540.624593
2022-02-19T01:00:00.000000000,9536.935617,-12817.667204,-21122.253073
2022-02-19T01:15:00.000000000,11207.441169,-11018.842093,-21337.294396
2022-02-19T01:30:00.000000000,12962.901011,-9301.469643,-21182.730949
2022-02-19T01:45:00.000000000,14768.099144,-7697.127152,-20661.985212
2022-02-19T02:00:00.000000000,16583.589544,-6230.906225,-19784.808173
2022-02-19T02:15:00.000000000,18367.111253,-4920.628515,-18567.057678
2022-02-19T02:30:00.000000000,20075.113412,-3776.356295,-17030.374174
2022-02-19T02:45:00.000000000,21664.330623,-2800.212527,-15201.762805
2022-02-19T03:00:00.000000000,23093.348202,-1986.51286,-13113.091958
2022-02-19T03:15:00.000000000,24324.098355,-1322.200162,-10800.519137
2022-02-19T03:30:00.000000000,25323.231867,-787.56105,-8303.855595
2022-02-19T03:45:00.000000000,26063.315465,-357.193805,-5665.881314
2022-02-19T04:00:00.000000000,26523.812107,-1.188361,-2931.622001
2022-02-19T04:15:00.000000000,26691.809951,313.527973,-147.599551
2022-02-19T04:30:00.000000000,26562.475162,621.730745,2638.932781
2022-02-19T04:45:00.000000000,26139.213849,958.379639,5380.759716
2022-02-19T05:00:00.000000000,25433.538756,1357.097423,8031.467335
2022-02-19T05:15:00.000000000,24464.646769,1848.702792,10546.190524
2022-02-19T05:30:00.000000000,23258.723317,2459.85114,12882.334915
2022-02-19T05:45:00.000000000,21847.999208,3211.833305,15000.264098
2022-02-19T06:00:00.000000000,20269.593978,4119.576786,16863.943287
2022-02-19T06:15:00.000000000,18564.187336,5190.886922,18441.530925
2022-02-19T06:30:00.000000000,16774.566387,6425.957268,19705.910001
2022-02-19T06:45:00.000000000,14944.100931,7817.169116,20635.151206
2022-02-19T07:00:00.000000000,13115.202114,9349.190105,21212.900367
2022-02-19T07:15:00.000000000,11327.820864,10999.371219,21428.683046
2022-02-19T07:30:00.000000000,9618.041788,12738.430786,21278.119712
2022-02-19T07:45:00.000000000,8016.825554,14531.403424,20763.045639
2022-02-19T08:00:00.000000000,6548.94818,16338.821654,19891.530574
2022-02-19T08:15:00.000000000,5232.179157,18118.088648,18677.794433
2022-02-19T08:30:00.000000000,4076.73204,19824.992407,17142.016706
2022-02-19T08:45:00.000000000,3085.011415,21415.305134,15310.039065
2022-02-19T09:00:00.000000000,2251.669004,22846.407024,13212.962641
2022-02-19T09:15:00.000000000,1563.969705,24078.871345,10886.643787
2022-02-19T09:30:00.000000000,1002.455984,25077.947839,8371.094604
2022-02-19T09:45:00.000000000,541.886615,25814.884291,5709.797082
2022-02-19T10:00:00.000000000,152.414051,26268.031577,2948.942281
2022-02-19T10:15:00.000000000,-199.045805,26423.685491,136.608425
2022-02-19T10:30:00.000000000,-547.306456,26276.628944,-2678.106076
2022-02-19T10:45:00.000000000,-927.327871,25830.350273,-5445.976923
2022-02-19T11:00:00.000000000,-1372.623094,25096.926905,-8118.556527
2022-02-19T11:15:00.000000000,-1913.720831,24096.57778,-10649.065306
2022-02-19T11:30:00.000000000,-2576.748285,22856.902105,-12993.252124
2022-02-19T11:45:00.000000000,-3382.193523,21411.835476,-15110.204989
2022-02-19T12:00:00.000000000,-4343.898944,19800.36641,-16963.094555
2022-02-19T12:15:00.000000000,-5468.327389,18065.066363,-18519.834849
2022-02-19T12:30:00.000000000,-6754.130552,16250.493847,-19753.648073
2022-02-19T12:45:00.000000000,-8192.036391,14401.537992,-20643.523036
2022-02-19T13:00:00.000000000,-9765.058655,12561.768618,-21174.559756
2022-02-19T13:15:00.000000000,-11449.018224,10771.858721,-21338.195722
2022-02-19T13:30:00.000000000,-13213.35327,9068.141196,-21132.312261
2022-02-19T13:45:00.000000000,-15022.183888,7481.355136,-20561.222225
2022-02-19T14:00:00.000000000,-16835.587115,6035.628376,-19635.54268
2022-02-19T14:15:00.000000000,-18611.030727,4747.732685,-18371.958473
2022-02-19T14:30:00.000000000,-20304.908868,3626.636553,-16792.884356
2022-02-19T14:45:00.000000000,-21874.11965,2673.368539,-14926.034816
2022-02-19T15:00:00.000000000,-23277.624352,1881.191963,-12803.911827
2022-02-19T15:15:00.000000000,-24477.929616,1236.079928,-10463.221497
2022-02-19T15:30:00.000000000,-25442.437897,717.468694,-7944.231069
2022-02-19T15:45:00.000000000,-26144.617197,299.257483,-5290.077905
2022-02-19T16:00:00.000000000,-26564.948469,-48.985667,-2546.042063
2022-02-19T16:15:00.000000000,-26691.617649,-360.65918,241.206042
2022-02-19T16:30:00.000000000,-26520.928885,-670.656634,3024.371779
2022-02-19T16:45:00.000000000,-26057.425634,-1013.844297,5756.305437
2022-02-19T17:00:00.000000000,-25313.716738,-1423.544158,8390.764
2022-02-19T17:15:00.000000000,-24310.014939,-1930.078525,10883.1556
2022-02-19T17:30:00.000000000,-23073.405266,-2559.42974,13191.257156
2022-02-19T17:45:00.000000000,-21636.870082,-3332.064402,15275.896025
2022-02-19T18:00:00.000000000,-20038.105993,-4261.965686,17101.58688
2022-02-19T18:15:00.000000000,-18318.175115,-5355.910203,18637.115371
2022-02-19T18:30:00.000000000,-16520.039117,-6613.017372,19856.06038
2022-02-19T18:45:00.000000000,-14687.028862,-8024.589938,20737.247048
2022-02-19T19:00:00.000000000,-12861.305179,-9574.254105,21265.123068
2022-02-19T19:15:00.000000000,-11082.367204,-11238.397136,21430.051212
2022-02-19T19:30:00.000000000,-9385.663719,-12986.889531,21228.51158
2022-02-19T19:45:00.000000000,-7801.359981,-14784.068279,20663.207843
2022-02-19T20:00:00.000000000,-6353.30768,-16589.947587,19743.072672
2022-02-19T20:15:00.000000000,-5058.258905,-18361.614325,18483.168781
2022-02-19T20:30:00.000000000,-3925.356498,-20054.757494,16904.483514
2022-02-19T20:45:00.000000000,-2955.923236,-21625.274715,15033.616694
2022-02-19T21:00:00.000000000,-2143.560985,-23030.894522,12902.363541
2022-02-19T21:15:00.000000000,-1474.558956,-24232.751157,10547.196786
2022-02-19T21:30:00.000000000,-928.597725,-25196.849165,8008.654611
2022-02-19T21:45:00.000000000,-479.723361,-25895.358211,5330.643627
2022-02-19T22:00:00.000000000,-97.554401,-26307.684378,2559.668672
2022-02-19T22:15:00.000000000,251.325882,-26421.272541,-255.996391
2022-02-19T22:30:00.000000000,601.848019,-26232.104979,-3067.18059
2022-02-19T22:45:00.000000000,988.867923,-25744.873767,-5824.7125
2022-02-19T23:00:00.000000000,1445.577235,-24972.818107,-8480.322515
2022-02-19T23:15:00.000000000,2001.978699,-23937.231978,-10987.531067
2022-02-19T23:30:00.000000000,2683.490364,-22666.661618,-13302.503312
2022-02-19T23:45:00.000000000,3509.736979,-21195.825616,-15384.851534
2022-02-19T00:00:00.000000000,4197.200593,-20033.947831,-16722.074726
2022-02-19T00:15:00.000000000,5299.191103,-18313.46753,-18321.733752
2022-02-19T00:30:00.000000000,6563.225397,-16507.483216,-19601.86261
2022-02-19T00:45:00.000000000,7981.121523,-14660.934501,-20540.624593
2022-02-19T01:00:00.000000000,9536.935617,-12817.667204,-21122.253073
2022-02-19T01:15:00.000000000,11207.441169,-11018.842093,-21337.294396
2022-02-19T01:30:00.000000000,12962.901011,-9301.469643,-21182.730949
2022-02-19T01:45:00.000000000,14768.099144,-7697.127152,-20661.985212
2022-02-19T02:00:00.000000000,16583.589544,-6230.906225,-19784.808173
2022-02-19T02:15:00.000000000,18367.111253,-4920.628515,-18567.057678
2022-02-19T02:30:00.000000000,20075.113412,-3776.356295,-17030.374174
2022-02-19T02:45:00.000000000,21664.330623,-2800.212527,-15201.762805
2022-02-19T03:00:00.000000000,23093.348202,-1986.51286,-13113.091958
2022-02-19T03:15:00.000000000,24324.098355,-1322.200162,-10800.519137
2022-02-19T03:30:00.000000000,25323.231867,-787.56105,-8303.855595
2022-02-19T03:45:00.000000000,26063.315465,-357.193805,-5665.881314
2022-02-19T04:00:00.000000000,26523.812107,-1.188361,-2931.622001
2022-02-19T04:15:00.000000000,26691.809951,313.527973,-147.599551
2022-02-19T04:30:00.000000000,26562.475162,621.730745,2638.932781
2022-02-19T04:45:00.000000000,26139.213849,958.379639,5380.759716
2022-02-19T05:00:00.000000000,25433.538756,1357.097423,8031.467335
2022-02-19T05:15:00.000000000,24464.646769,1848.702792,10546.190524
2022-02-19T05:30:00.000000000,23258.723317,2459.85114,12882.334915
2022-02-19T05:45:00.000000000,21847.999208,3211.833305,15000.264098
2022-02-19T06:00:00.000000000,20269.593978,4119.576786,16863.943287
2022-02-19T06:15:00.000000000,18564.187336,5190.886922,18441.530925
2022-02-19T06:30:00.000000000,16774.566387,6425.957268,19705.910001
2022-02-19T06:45:00.000000000,14944.100931,7817.169116,20635.151206
2022-02-19T07:00:00.000000000,13115.202114,9349.190105,21212.900367
2022-02-19T07:15:00.000000000,11327.820864,10999.371219,21428.683046
2022-02-19T07:30:00.000000000,9618.041788,12738.430786,21278.119712
2022-02-19T07:45:00.000000000,8016.825554,14531.403424,20763.045639
2022-02-19T08:00:00.000000000,6548.94818,16338.821654,19891.530574
2022-02-19T08:15:00.000000000,5232.179157,18118.088648,18677.794433
2022-02-19T08:30:00.000000000,4076.73204,19824.992407,17142.016706
2022-02-19T08:45:00.000000000,3085.011415,21415.305134,15310.039065
2022-02-19T09:00:00.000000000,2251.669004,22846.407024,13212.962641
2022-02-19T09:15:00.000000000,1563.969705,24078.871345,10886.643787
2022-02-19T09:30:00.000000000,1002.455984,25077.947839,8371.094604
2022-02-19T09:45:00.000000000,541.886615,25814.884291,5709.797082
2022-02-19T10:00:00.000000000,152.414051,26268.031577,2948.942281
2022-02-19T10:15:00.000000000,-199.045805,26423.685491,136.608425
2022-02-19T10:30:00.000000000,-547.306456,26276.628944,-2678.106076
2022-02-19T10:45:00.000000000,-927.327871,25830.350273,-5445.976923
2022-02-19T11:00:00.000000000,-1372.623094,25096.926905,-8118.556527
2022-02-19T11:15:00.000000000,-1913.720831,24096.57778,-10649.065306
2022-02-19T11:30:00.000000000,-2576.748285,22856.902105,-12993.252124
2022-02-19T11:45:00.000000000,-3382.193523,21411.835476,-15110.204989
2022-02-19T12:00:00.000000000,-4343.898944,19800.36641,-16963.094555
2022-02-19T12:15:00.000000000,-5468.327389,18065.066363,-18519.834849
2022-02-19T12:30:00.000000000,-6754.130552,16250.493847,-19753.648073
2022-02-19T12:45:00.000000000,-8192.036391,14401.537992,-20643.523036
2022-02-19T13:00:00.000000000,-9765.058655,12561.768618,-21174.559756
2022-02-19T13:15:00.000000000,-11449.018224,10771.858721,-21338.195722
2022-02-19T13:30:00.000000000,-13213.35327,9068.141196,-21132.312261
2022-02-19T13:45:00.000000000,-15022.183888,7481.355136,-20561.222225
2022-02-19T14:00:00.000000000,-16835.587115,6035.628376,-19635.54268
2022-02-19T14:15:00.000000000,-18611.030727,4747.732685,-18371.958473
2022-02-19T14:30:00.000000000,-20304.908868,3626.636553,-16792.884356
2022-02-19T14:45:00.000000000,-21874.11965,2673.368539,-14926.034816
2022-02-19T15:00:00.000000000,-23277.624352,1881.191963,-12803.911827
2022-02-19T15:15:00.000000000,-24477.929616,1236.079928,-10463.221497
2022-02-19T15:30:00.000000000,-25442.437897,717.468694,-7944.231069
2022-02-19T15:45:00.000000000,-26144.617197,299.257483,-5290.077905
2022-02-19T16:00:00.000000000,-26564.948469,-48.985667,-2546.042063
2022-02-19T16:15:00.000000000,-26691.617649,-360.65918,241.206042
2022-02-19T16:30:00.000000000,-26520.928885,-670.656634,3024.371779
2022-02-19T16:45:00.000000000,-26057.425634,-1013.844297,5756.305437
2022-02-19T17:00:00.000000000,-25313.716738,-1423.544158,8390.764
2022-02-19T17:15:00.000000000,-24310.014939,-1930.078525,10883.1556
2022-02-19T17:30:00.000000000,-23073.405266,-2559.42974,13191.257156
2022-02-19T17:45:00.000000000,-21636.870082,-3332.064402,15275.896025
2022-02-19T18:00:00.000000000,-20038.105993,-4261.965686,17101.58688
2022-02-19T18:15:00.000000000,-18318.175115,-5355.910203,18637.115371
2022-02-19T18:30:00.000000000,-16520.039117,-6613.017372,19856.06038
2022-02-19T18:45:00.000000000,-14687.028862,-8024.589938,20737.247048
2022-02-19T19:00:00.000000000,-12861.305179,-9574.254105,21265.123068
2022-02-19T19:15:00.000000000,-11082.367204,-11238.397136,21430.051212
2022-02-19T19:30:00.000000000,-9385.663719,-12986.889531,21228.51158
2022-02-19T19:45:00.000000000,-7801.359981,-14784.068279,20663.207843
2022-02-19T20:00:00.000000000,-6353.30768,-16589.947587,19743.072672
2022-02-19T20:15:00.000000000,-5058.258905,-18361.614325,18483.168781
2022-02-19T20:30:00.000000000,-3925.356498,-20054.757494,16904.483514
2022-02-19T20:45:00.000000000,-2955.923236,-21625.274715,15033.616694
2022-02-19T21:00:00.000000000,-2143.560985,-23030.894522,12902.363541
2022-02-19T21:15:00.000000000,-1474.558956,-24232.751157,10547.196786
2022-02-19T21:30:00.000000000,-928.597725,-25196.849165,8008.654611
2022-02-19T21:45:00.000000000,-479.723361,-25895.358211,5330.643627
2022-02-19T22:00:00.000000000,-97.554401,-26307.684378,2559.668672
2022-02-19T22:15:00.000000000,251.325882,-26421.272541,-255.996391
2022-02-19T22:30:00.000000000,601.848019,-26232.104979,-3067.18059
2022-02-19T22:45:00.000000000,988.867923,-25744.873767,-5824.7125
2022-02-19T23:00:00.000000000,1445.577235,-24972.818107,-8480.322515
2022-02-19T23:15:00.000000000,2001.978699,-23937.231978,-10987.531067
2022-02-19T23:30:00.000000000,2683.490364,-22666.661618,-13302.503312
2022-02-19T23:45:00.000000000,3509.736979,-21195.825616,-15384.851534
2022-02-18T00:00:00.000000000,3912.708885,-20493.709928,-16222.57082
2022-02-18T00:15:00.000000000,4969.816968,-18805.472482,-17906.510201
2022-02-18T00:30:00.000000000,6189.850867,-17019.297474,-19278.049471
2022-02-18T00:45:00.000000000,7566.818164,-15180.129736,-20313.720819
2022-02-18T01:00:00.000000000,9086.887234,-13332.275088,-20996.037448
2022-02-18T01:15:00.000000000,10728.781181,-11517.785182,-21313.769643
2022-02-18T01:30:00.000000000,12464.471594,-9774.951538,-21262.101289
2022-02-18T01:45:00.000000000,14260.1423,-8136.96708,-20842.666858
2022-02-18T02:00:00.000000000,16077.382814,-6630.805669,-20063.471585
2022-02-18T02:15:00.000000000,17874.562781,-5276.360481,-18938.699819
2022-02-18T02:30:00.000000000,19608.332354,-4085.871005,-17488.418508
2022-02-18T02:45:00.000000000,21235.189582,-3063.656699,-15738.184425
2022-02-18T03:00:00.000000000,22713.054369,-2206.163078,-13718.564923
2022-02-18T03:15:00.000000000,24002.789392,-1502.314075,-11464.582946
2022-02-18T03:30:00.000000000,25069.611399,-934.153128,-9015.097574
2022-02-18T03:45:00.000000000,25884.341332,-477.745044,-6412.1317
2022-02-18T04:00:00.000000000,26424.448433,-104.301574,-3700.158477
2022-02-18T04:15:00.000000000,26674.851607,218.513851,-925.358076
2022-02-18T04:30:00.000000000,26628.450549,525.152613,1865.143938
2022-02-18T04:45:00.000000000,26286.369052,850.672984,4624.045727
2022-02-18T05:00:00.000000000,25657.903274,1229.214143,7304.635208
2022-02-18T05:15:00.000000000,24760.178137,1692.508669,9861.542902
2022-02-18T05:30:00.000000000,23617.525209,2268.48834,12251.471944
2022-02-18T05:45:00.000000000,22260.605067,2980.034515,14433.89587
2022-02-18T06:00:00.000000000,20725.30596,3843.919319,16371.715334
2022-02-18T06:15:00.000000000,19051.458377,4869.977179,18031.865095
2022-02-18T06:30:00.000000000,17281.411668,6060.53834,19385.862981
2022-02-18T06:45:00.000000000,15458.523901,7410.146985,20410.292858
2022-02-18T07:00:00.000000000,13625.619572,8905.576713,21087.213921
2022-02-18T07:15:00.000000000,11823.471475,10526.145672,21404.489079
2022-02-18T07:30:00.000000000,10089.362803,12244.322906,21356.025649
2022-02-18T07:45:00.000000000,8455.783454,14026.606778,20941.922317
2022-02-18T08:00:00.000000000,6949.310409,15834.645953,20168.517106
2022-02-18T08:15:00.000000000,5589.716096,17626.563855,19048.33227
2022-02-18T08:30:00.000000000,4389.340835,19358.439005,17599.913359
2022-02-18T08:45:00.000000000,3352.756094,20985.886638,15847.561435
2022-02-18T09:00:00.000000000,2476.734502,22465.681862,13820.959332
2022-02-18T09:15:00.000000000,1750.530791,23757.361653,11554.695108
2022-02-18T09:30:00.000000000,1156.465516,24824.742403,9087.688265
2022-02-18T09:45:00.000000000,670.790939,25637.291863,6462.526897
2022-02-18T10:00:00.000000000,264.806518,26171.299005,3724.726456
2022-02-18T10:15:00.000000000,-93.819492,26410.792673,921.923372
2022-02-18T10:30:00.000000000,-439.575103,26348.16957,-1896.981026
2022-02-18T10:45:00.000000000,-807.536341,25984.503819,-4682.708998
2022-02-18T11:00:00.000000000,-1231.770252,25329.523492,-7386.508538
2022-02-18T11:15:00.000000000,-1743.775577,24401.253585,-9961.0497
2022-02-18T11:30:00.000000000,-2371.026271,23225.339116,-12361.295485
2022-02-18T11:45:00.000000000,-3135.678779,21834.075768,-14545.328128
2022-02-18T12:00:00.000000000,-4053.497045,20265.187965,-16475.112905
2022-02-18T12:15:00.000000000,-5133.039759,18560.404892,-18117.183305
2022-02-18T12:30:00.000000000,-6375.142918,16763.893257,-19443.233673
2022-02-18T12:45:00.000000000,-7772.718094,14920.611096,-20430.608148
2022-02-18T13:00:00.000000000,-9310.873284,13074.649526,-21062.677551
2022-02-18T13:15:00.000000000,-10967.349712,11267.628923,-21329.098888
2022-02-18T13:30:00.000000000,-12713.255003,9537.212776,-21225.955135
2022-02-18T13:45:00.000000000,-14514.061363,7915.796543,-20755.775726
2022-02-18T14:00:00.000000000,-16330.827183,6429.420785,-19927.440796
2022-02-18T14:15:00.000000000,-18121.592326,5096.947961,-18755.974451
2022-02-18T14:30:00.000000000,-19842.891392,3929.531064,-17262.234317
2022-02-18T14:45:00.000000000,-21451.325669,2930.390441,-15472.506102
2022-02-18T15:00:00.000000000,-22905.133295,2094.902913,-13418.013156
2022-02-18T15:15:00.000000000,-24165.698349,1410.995406,-11134.351816
2022-02-18T15:30:00.000000000,-25198.942838,859.824031,-8660.863892
2022-02-18T15:45:00.000000000,-25976.550862,416.70934,-6039.957882
2022-02-18T16:00:00.000000000,-26476.981169,52.289537,-3316.390582
2022-02-18T16:15:00.000000000,-26686.23258,-266.1538,-536.520585
2022-02-18T16:30:00.000000000,-26598.33612,-573.248563,2252.45507
2022-02-18T16:45:00.000000000,-26215.557696,-904.018245,5003.270239
2022-02-18T17:00:00.000000000,-25548.305528,-1292.357883,7669.354489
2022-02-18T17:15:00.000000000,-24614.746957,-1769.556198,10205.583354
2022-02-18T17:30:00.000000000,-23440.149345,-2362.918401,12569.004405
2022-02-18T17:45:00.000000000,-22055.96934,-3094.540319,14719.529843
2022-02-18T18:00:00.000000000,-20498.723496,-3980.279225,16620.586769
2022-02-18T18:15:00.000000000,-18808.680818,-5028.959908,18239.716561
2022-02-18T18:30:00.000000000,-17028.424182,-6241.846416,19549.11509
2022-02-18T18:45:00.000000000,-15201.332387,-7612.400769,20526.105845
2022-02-18T19:00:00.000000000,-13370.037804,-9126.339995,21153.53838
2022-02-18T19:15:00.000000000,-11574.915982,-10761.992292,21420.104855
2022-02-18T19:30:00.000000000,-9852.663146,-12490.942406,21320.568039
2022-02-18T19:45:00.000000000,-8235.015062,-14278.945612,20855.894791
2022-02-18T20:00:00.000000000,-6747.65646,-16087.07941,20033.289914
2022-02-18T20:15:00.000000000,-5409.363942,-17873.092601,18866.126476
2022-02-18T20:30:00.000000000,-4231.41725,-19592.903088,17373.770048
2022-02-18T20:45:00.000000000,-3217.304243,-21202.188959,15581.296094
2022-02-18T21:00:00.000000000,-2362.733926,-22658.012571,13519.101695
2022-02-18T21:15:00.000000000,-1655.96004,-23920.414699,11222.415086
2022-02-18T21:30:00.000000000,-1078.405336,-24953.915599,8730.708937
2022-02-18T21:45:00.000000000,-605.564216,-25728.862291,6087.025868
2022-02-18T22:00:00.000000000,-208.149602,-26222.566482,3337.227289
2022-02-18T22:15:00.000000000,146.560853,-26420.185159,529.179092
2022-02-18T22:30:00.000000000,493.23314,-26315.305924,-2288.110061
2022-02-18T22:45:00.000000000,866.900657,-25910.211048,-5065.380319
2022-02-18T23:00:00.000000000,1301.368384,-25215.807543,-7754.023207
2022-02-18T23:15:00.000000000,1827.663877,-24251.224682,-10306.975634
2022-02-18T23:30:00.000000000,2472.599871,-23043.094643,-12679.585737
2022-02-18T23:45:00.000000000,3257.508594,-21624.545463,-14830.431534
2022-02-19T00:00:00.000000000,4197.200593,-20033.947831,-16722.074726
2022-02-19T00:15:00.000000000,5299.191103,-18313.46753,-18321.733752
2022-02-19T00:30:00.000000000,6563.225397,-16507.483216,-19601.86261
2022-02-19T00:45:00.000000000,7981.121523,-14660.934501,-20540.624593
2022-02-19T01:00:00.000000000,9536.935617,-12817.667204,-21122.253073
2022-02-19T01:15:00.000000000,11207.441169,-11018.842093,-21337.294396
2022-02-19T01:30:00.000000000,12962.901011,-9301.469643,-21182.730949
2022-02-19T01:45:00.000000000,14768.099144,-7697.127152,-20661.985212
2022-02-19T02:00:00.000000000,16583.589544,-6230.906225,-19784.808173
2022-02-19T02:15:00.000000000,18367.111253,-4920.628515,-18567.057678
2022-02-19T02:30:00.000000000,20075.113412,-3776.356295,-17030.374174
2022-02-19T02:45:00.000000000,21664.330623,-2800.212527,-15201.762805
2022-02-19T03:00:00.000000000,23093.348202,-1986.51286,-13113.091958
2022-02-19T03:15:00.000000000,24324.098355,-1322.200162,-10800.519137
2022-02-19T03:30:00.000000000,25323.231867,-787.56105,-8303.855595
2022-02-19T03:45:00.000000000,26063.315465,-357.193805,-5665.881314
2022-02-19T04:00:00.000000000,26523.812107,-1.188361,-2931.622001
2022-02-19T04:15:00.000000000,26691.809951,313.527973,-147.599551
2022-02-19T04:30:00.000000000,26562.475162,621.730745,2638.932781
2022-02-19T04:45:00.000000000,26139.213849,958.379639,5380.759716
2022-02-19T05:00:00.000000000,25433.538756,1357.097423,8031.467335
2022-02-19T05:15:00.000000000,24464.646769,1848.702792,10546.190524
2022-02-19T05:30:00.000000000,23258.723317,2459.85114,12882.334915
2022-02-19T05:45:00.000000000,21847.999208,3211.833305,15000.264098
2022-02-19T06:00:00.000000000,20269.593978,4119.576786,16863.943287
2022-02-19T06:15:00.000000000,18564.187336,5190.886922,18441.530925
2022-02-19T06:30:00.000000000,16774.566387,6425.957268,19705.910001
2022-02-19T06:45:00.000000000,14944.100931,7817.169116,20635.151206
2022-02-19T07:00:00.000000000,13115.202114,9349.190105,21212.900367
2022-02-19T07:15:00.000000000,11327.820864,10999.371219,21428.683046
2022-02-19T07:30:00.000000000,9618.041788,12738.430786,21278.119712
2022-02-19T07:45:00.000000000,8016.825554,14531.403424,20763.045639
2022-02-19T08:00:00.000000000,6548.94818,16338.821654,19891.530574
2022-02-19T08:15:00.000000000,5232.179157,18118.088648,18677.794433
2022-02-19T08:30:00.000000000,4076.73204,19824.992407,17142.016706
2022-02-19T08:45:00.000000000,3085.011415,21415.305134,15310.039065
2022-02-19T09:00:00.000000000,2251.669004,22846.407024,13212.962641
2022-02-19T09:15:00.000000000,1563.969705,24078.871345,10886.643787
2022-02-19T09:30:00.000000000,1002.455984,25077.947839,8371.094604
2022-02-19T09:45:00.000000000,541.886615,25814.884291,5709.797082
2022-02-19T10:00:00.000000000,152.414051,26268.031577,2948.942281
2022-02-19T10:15:00.000000000,-199.045805,26423.685491,136.608425
2022-02-19T10:30:00.000000000,-547.306456,26276.628944,-2678.106076
2022-02-19T10:45:00.000000000,-927.327871,25830.350273,-5445.976923
2022-02-19T11:00:00.000000000,-1372.623094,25096.926905,-8118.556527
2022-02-19T11:15:00.000000000,-1913.720831,24096.57778,-10649.065306
2022-02-19T11:30:00.000000000,-2576.748285,22856.902105,-12993.252124
2022-02-19T11:45:00.000000000,-3382.193523,21411.835476,-15110.204989
2022-02-19T12:00:00.000000000,-4343.898944,19800.36641,-16963.094555
2022-02-19T12:15:00.000000000,-5468.327389,18065.066363,-18519.834849
2022-02-19T12:30:00.000000000,-6754.130552,16250.493847,-19753.648073
2022-02-19T12:45:00.000000000,-8192.036391,14401.537992,-20643.523036
2022-02-19T13:00:00.000000000,-9765.058655,12561.768618,-21174.559756
2022-02-19T13:15:00.000000000,-11449.018224,10771.858721,-21338.195722
2022-02-19T13:30:00.000000000,-13213.35327,9068.141196,-21132.312261
2022-02-19T13:45:00.000000000,-15022.183888,7481.355136,-20561.222225
2022-02-19T14:00:00.000000000,-16835.587115,6035.628376,-19635.54268
2022-02-19T14:15:00.000000000,-18611.030727,4747.732685,-18371.958473
2022-02-19T14:30:00.000000000,-20304.908868,3626.636553,-16792.884356
2022-02-19T14:45:00.000000000,-21874.11965,2673.368539,-14926.034816
2022-02-19T15:00:00.000000000,-23277.624352,1881.191963,-12803.911827
2022-02-19T15:15:00.000000000,-24477.929616,1236.079928,-10463.221497
2022-02-19T15:30:00.000000000,-25442.437897,717.468694,-7944.231069
2022-02-19T15:45:00.000000000,-26144.617197,299.257483,-5290.077905
2022-02-19T16:00:00.000000000,-26564.948469,-48.985667,-2546.042063
2022-02-19T16:15:00.000000000,-26691.617649,-360.65918,241.206042
2022-02-19T16:30:00.000000000,-26520.928885,-670.656634,3024.371779
2022-02-19T16:45:00.000000000,-26057.425634,-1013.844297,5756.305437
2022-02-19T17:00:00.000000000,-25313.716738,-1423.544158,8390.764
2022-02-19T17:15:00.000000000,-24310.014939,-1930.078525,10883.1556
2022-02-19T17:30:00.000000000,-23073.405266,-2559.42974,13191.257156
2022-02-19T17:45:00.000000000,-21636.870082,-3332.064402,15275.896025
2022-02-19T18:00:00.000000000,-20038.105993,-4261.965686,17101.58688
2022-02-19T18:15:00.000000000,-18318.175115,-5355.910203,18637.115371
2022-02-19T18:30:00.000000000,-16520.039117,-6613.017372,19856.06038
2022-02-19T18:45:00.000000000,-14687.028862,-8024.589938,20737.247048
2022-02-19T19:00:00.000000000,-12861.305179,-9574.254105,21265.123068
2022-02-19T19:15:00.000000000,-11082.367204,-11238.397136,21430.051212
2022-02-19T19:30:00.000000000,-9385.663719,-12986.889531,21228.51158
2022-02-19T19:45:00.000000000,-7801.359981,-14784.068279,20663.207843
2022-02-19T20:00:00.000000000,-6353.30768,-16589.947587,19743.072672
2022-02-19T20:15:00.000000000,-5058.258905,-18361.614325,18483.168781
2022-02-19T20:30:00.000000000,-3925.356498,-20054.757494,16904.483514
2022-02-19T20:45:00.000000000,-2955.923236,-21625.274715,15033.616694
2022-02-19T21:00:00.000000000,-2143.560985,-23030.894522,12902.363541
2022-02-19T21:15:00.000000000,-1474.558956,-24232.751157,10547.196786
2022-02-19T21:30:00.000000000,-928.597725,-25196.849165,8008.654611
2022-02-19T21:45:00.000000000,-479.723361,-25895.358211,5330.643627
2022-02-19T22:00:00.000000000,-97.554401,-26307.684378,2559.668672
2022-02-19T22:15:00.000000000,251.325882,-26421.272541,-255.996391
2022-02-19T22:30:00.000000000,601.848019,-26232.104979,-3067.18059
2022-02-19T22:45:00.000000000,988.867923,-25744.873767,-5824.7125
2022-02-19T23:00:00.000000000,1445.577235,-24972.818107,-8480.322515
2022-02-19T23:15:00.000000000,2001.978699,-23937.231978,-10987.531067
2022-02-19T23:30:00.000000000,2683.490364,-22666.661618,-13302.503312
2022-02-19T23:45:00.000000000,3509.736979,-21195.825616,-15384.851534
2022-02-18T00:00:00.000000000,3912.708885,-20493.709928,-16222.57082
2022-02-18T00:15:00.000000000,4969.816968,-18805.472482,-17906.510201
2022-02-18T00:30:00.000000000,6189.850867,-17019.297474,-19278.049471
2022-02-18T00:45:00.000000000,7566.818164,-15180.129736,-20313.720819
2022-02-18T01:00:00.000000000,9086.887234,-13332.275088,-20996.037448
2022-02-18T01:15:00.000000000,10728.781181,-11517.785182,-21313.769643
2022-02-18T01:30:00.000000000,12464.471594,-9774.951538,-21262.101289
2022-02-18T01:45:00.000000000,14260.1423,-8136.96708,-20842.666858
2022-02-18T02:00:00.000000000,16077.382814,-6630.805669,-20063.471585
2022-02-18T02:15:00.000000000,17874.562781,-5276.360481,-18938.699819
2022-02-18T02:30:00.000000000,19608.332354,-4085.871005,-17488.418508
2022-02-18T02:45:00.000000000,21235.189582,-3063.656699,-15738.184425
2022-02-18T03:00:00.000000000,22713.054369,-2206.163078,-13718.564923
2022-02-18T03:15:00.000000000,24002.789392,-1502.314075,-11464.582946
2022-02-18T03:30:00.000000000,25069.611399,-934.153128,-9015.097574
2022-02-18T03:45:00.000000000,25884.341332,-477.745044,-6412.1317
2022-02-18T04:00:00.000000000,26424.448433,-104.301574,-3700.158477
2022-02-18T04:15:00.000000000,26674.851607,218.513851,-925.358076
2022-02-18T04:30:00.000000000,26628.450549,525.152613,1865.143938
2022-02-18T04:45:00.000000000,26286.369052,850.672984,4624.045727
2022-02-18T05:00:00.000000000,25657.903274,1229.214143,7304.635208
2022-02-18T05:15:00.000000000,24760.178137,1692.508669,9861.542902
2022-02-18T05:30:00.000000000,23617.525209,2268.48834,12251.471944
2022-02-18T05:45:00.000000000,22260.605067,2980.034515,14433.89587
2022-02-18T06:00:00.000000000,20725.30596,3843.919319,16371.715334
2022-02-18T06:15:00.000000000,19051.458377,4869.977179,18031.865095
2022-02-18T06:30:00.000000000,17281.411668,6060.53834,19385.862981
2022-02-18T06:45:00.000000000,15458.523901,7410.146985,20410.292858
2022-02-18T07:00:00.000000000,13625.619572,8905.576713,21087.213921
2022-02-18T07:15:00.000000000,11823.471475,10526.145672,21404.489079
2022-02-18T07:30:00.000000000,10089.362803,12244.322906,21356.025649
2022-02-18T07:45:00.000000000,8455.783454,14026.606778,20941.922317
2022-02-18T08:00:00.000000000,6949.310409,15834.645953,20168.517106
2022-02-18T08:15:00.000000000,5589.716096,17626.563855,19048.33227
2022-02-18T08:30:00.000000000,4389.340835,19358.439005,17599.913359
2022-02-18T08:45:00.000000000,3352.756094,20985.886638,15847.561435
2022-02-18T09:00:00.000000000,2476.734502,22465.681862,13820.959332
2022-02-18T09:15:00.000000000,1750.530791,23757.361653,11554.695108
2022-02-18T09:30:00.000000000,1156.465516,24824.742403,9087.688265
2022-02-18T09:45:00.000000000,670.790939,25637.291863,6462.526897
2022-02-18T10:00:00.000000000,264.806518,26171.299005,3724.726456
2022-02-18T10:15:00.000000000,-93.819492,26410.792673,921.923372
2022-02-18T10:30:00.000000000,-439.575103,26348.16957,-1896.981026
2022-02-18T10:45:00.000000000,-807.536341,25984.503819,-4682.708998
2022-02-18T11:00:00.000000000,-1231.770252,25329.523492,-7386.508538
2022-02-18T11:15:00.000000000,-1743.775577,24401.253585,-9961.0497
2022-02-18T11:30:00.000000000,-2371.026271,23225.339116,-12361.295485
2022-02-18T11:45:00.000000000,-3135.678779,21834.075768,-14545.328128
2022-02-18T12:00:00.000000000,-4053.497045,20265.187965,-16475.112905
2022-02-18T12:15:00.000000000,-5133.039759,18560.404892,-18117.183305
2022-02-18T12:30:00.000000000,-6375.142918,16763.893257,-19443.233673
2022-02-18T12:45:00.000000000,-7772.718094,14920.611096,-20430.608148
2022-02-18T13:00:00.000000000,-9310.873284,13074.649526,-21062.677551
2022-02-18T13:15:00.000000000,-10967.349712,11267.628923,-21329.098888
2022-02-18T13:30:00.000000000,-12713.255003,9537.212776,-21225.955135
2022-02-18T13:45:00.000000000,-14514.061363,7915.796543,-20755.775726
2022-02-18T14:00:00.000000000,-16330.827183,6429.420785,-19927.440796
2022-02-18T14:15:00.000000000,-18121.592326,5096.947961,-18755.974451
2022-02-18T14:30:00.000000000,-19842.891392,3929.531064,-17262.234317
2022-02-18T14:45:00.000000000,-21451.325669,2930.390441,-15472.506102
2022-02-18T15:00:00.000000000,-22905.133295,2094.902913,-13418.013156
2022-02-18T15:15:00.000000000,-24165.698349,1410.995406,-11134.351816
2022-02-18T15:30:00.000000000,-25198.942838,859.824031,-8660.863892
2022-02-18T15:45:00.000000000,-25976.550862,416.70934,-6039.957882
2022-02-18T16:00:00.000000000,-26476.981169,52.289537,-3316.390582
2022-02-18T16:15:00.000000000,-26686.23258,-266.1538,-536.520585
2022-02-18T16:30:00.000000000,-26598.33612,-573.248563,2252.45507
2022-02-18T16:45:00.000000000,-26215.557696,-904.018245,5003.270239
2022-02-18T17:00:00.000000000,-25548.305528,-1292.357883,7669.354489
2022-02-18T17:15:00.000000000,-24614.746957,-1769.556198,10205.583354
2022-02-18T17:30:00.000000000,-23440.149345,-2362.918401,12569.004405
2022-02-18T17:45:00.000000000,-22055.96934,-3094.540319,14719.529843
2022-02-18T18:00:00.000000000,-20498.723496,-3980.279225,16620.586769
2022-02-18T18:15:00.000000000,-18808.680818,-5028.959908,18239.716561
2022-02-18T18:30:00.000000000,-17028.424182,-6241.846416,19549.11509
2022-02-18T18:45:00.000000000,-15201.332387,-7612.400769,20526.105845
2022-02-18T19:00:00.000000000,-13370.037804,-9126.339995,21153.53838
2022-02-18T19:15:00.000000000,-11574.915982,-10761.992292,21420.104855
2022-02-18T19:30:00.000000000,-9852.663146,-12490.942406,21320.568039
2022-02-18T19:45:00.000000000,-8235.015062,-14278.945612,20855.894791
2022-02-18T20:00:00.000000000,-6747.65646,-16087.07941,20033.289914
2022-02-18T20:15:00.000000000,-5409.363942,-17873.092601,18866.126476
2022-02-18T20:30:00.000000000,-4231.41725,-19592.903088,17373.770048
2022-02-18T20:45:00.000000000,-3217.304243,-21202.188959,15581.296094
2022-02-18T21:00:00.000000000,-2362.733926,-22658.012571,13519.101695
2022-02-18T21:15:00.000000000,-1655.96004,-23920.414699,11222.415086
2022-02-18T21:30:00.000000000,-1078.405336,-24953.915599,8730.708937
2022-02-18T21:45:00.000000000,-605.564216,-25728.862291,6087.025868
2022-02-18T22:00:00.000000000,-208.149602,-26222.566482,3337.227289
2022-02-18T22:15:00.000000000,146.560853,-26420.185159,529.179092
2022-02-18T22:30:00.000000000,493.23314,-26315.305924,-2288.110061
2022-02-18T22:45:00.000000000,866.900657,-25910.211048,-5065.380319
2022-02-18T23:00:00.000000000,1301.368384,-25215.807543,-7754.023207
2022-02-18T23:15:00.000000000,1827.663877,-24251.224682,-10306.975634
2022-02-18T23:30:00.000000000,2472.599871,-23043.094643,-12679.585737
2022-02-18T23:45:00.000000000,3257.508594,-21624.545463,-14830.431534
2022-02-19T00:00:00.000000000,4197.200593,-20033.947831,-16722.074726
2022-02-19T00:15:00.000000000,5299.191103,-18313.46753,-18321.733752
2022-02-19T00:30:00.000000000,6563.225397,-16507.483216,-19601.86261
2022-02-19T00:45:00.000000000,7981.121523,-14660.934501,-20540.624593
2022-02-19T01:00:00.000000000,9536.935617,-12817.667204,-21122.253073
2022-02-19T01:15:00.000000000,11207.441169,-11018.842093,-21337.294396
2022-02-19T01:30:00.000000000,12962.901011,-9301.469643,-21182.730949
2022-02-19T01:45:00.000000000,14768.099144,-7697.127152,-20661.985212
2022-02-19T02:00:00.000000000,16583.589544,-6230.906225,-19784.808173
2022-02-19T02:15:00.000000000,18367.111253,-4920.628515,-18567.057678
2022-02-19T02:30:00.000000000,20075.113412,-3776.356295,-17030.374174
2022-02-19T02:45:00.000000000,21664.330623,-2800.212527,-15201.762805
2022-02-19T03:00:00.000000000,23093.348202,-1986.51286,-13113.091958
2022-02-19T03:15:00.000000000,24324.098355,-1322.200162,-10800.519137
2022-02-19T03:30:00.000000000,25323.231867,-787.56105,-8303.855595
2022-02-19T03:45:00.000000000,26063.315465,-357.193805,-5665.881314
2022-02-19T04:00:00.000000000,26523.812107,-1.188361,-2931.622001
2022-02-19T04:15:00.000000000,26691.809951,313.527973,-147.599551
2022-02-19T04:30:00.000000000,26562.475162,621.730745,2638.932781
2022-02-19T04:45:00.000000000,26139.213849,958.379639,5380.759716
2022-02-19T05:00:00.000000000,25433.538756,1357.097423,8031.467335
2022-02-19T05:15:00.000000000,24464.646769,1848.702792,10546.190524
2022-02-19T05:30:00.000000000,23258.723317,2459.85114,12882.334915
2022-02-19T05:45:00.000000000,21847.999208,3211.833305,15000.264098
2022-02-19T06:00:00.000000000,20269.593978,4119.576786,16863.943287
2022-02-19T06:15:00.000000000,18564.187336,5190.886922,18441.530925
2022-02-19T06:30:00.000000000,16774.566387,6425.957268,19705.910001
2022-02-19T06:45:00.000000000,14944.100931,7817.169116,20635.151206
2022-02-19T07:00:00.000000000,13115.202114,9349.190105,21212.900367
2022-02-19T07:15:00.000000000,11327.820864,10999.371219,21428.683046
2022-02-19T07:30:00.000000000,9618.041788,12738.430786,21278.119712
2022-02-19T07:45:00.000000000,8016.825554,14531.403424,20763.045639
2022-02-19T08:00:00.000000000,6548.94818,16338.821654,19891.530574
2022-02-19T08:15:00.000000000,5232.179157,18118.088648,18677.794433
2022-02-19T08:30:00.000000000,4076.73204,19824.992407,17142.016706
2022-02-19T08:45:00.000000000,3085.011415,21415.305134,15310.039065
2022-02-19T09:00:00.000000000,2251.669004,22846.407024,13212.962641
2022-02-19T09:15:00.000000000,1563.969705,24078.871345,10886.643787
2022-02-19T09:30:00.000000000,1002.455984,25077.947839,8371.094604
2022-02-19T09:45:00.000000000,541.886615,25814.884291,5709.797082
2022-02-19T10:00:00.000000000,152.414051,26268.031577,2948.942281
2022-02-19T10:15:00.000000000,-199.045805,26423.685491,136.608425
2022-02-19T10:30:00.000000000,-547.306456,26276.628944,-2678.106076
2022-02-19T10:45:00.000000000,-927.327871,25830.350273,-5445.976923
2022-02-19T11:00:00.000000000,-1372.623094,25096.926905,-8118.556527
2022-02-19T11:15:00.000000000,-1913.720831,24096.57778,-10649.065306
2022-02-19T11:30:00.000000000,-2576.748285,22856.902105,-12993.252124
2022-02-19T11:45:00.000000000,-3382.193523,21411.835476,-15110.204989
2022-02-19T12:00:00.000000000,-4343.898944,19800.36641,-16963.094555
2022-02-19T12:15:00.000000000,-5468.327389,18065.066363,-18519.834849
2022-02-19T12:30:00.000000000,-6754.130552,16250.493847,-19753.648073
2022-02-19T12:45:00.000000000,-8192.036391,14401.537992,-20643.523036
2022-02-19T13:00:00.000000000,-9765.058655,12561.768618,-21174.559756
2022-02-19T13:15:00.000000000,-11449.018224,10771.858721,-21338.195722
2022-02-19T13:30:00.000000000,-13213.35327,9068.141196,-21132.312261
2022-02-19T13:45:00.000000000,-15022.183888,7481.355136,-20561.222225
2022-02-19T14:00:00.000000000,-16835.587115,6035.628376,-19635.54268
2022-02-19T14:15:00.000000000,-18611.030727,4747.732685,-18371.958473
2022-02-19T14:30:00.000000000,-20304.908868,3626.636553,-16792.884356
2022-02-19T14:45:00.000000000,-21874.11965,2673.368539,-14926.034816
2022-02-19T15:00:00.000000000,-23277.624352,1881.191963,-12803.911827
2022-02-19T15:15:00.000000000,-24477.929616,1236.079928,-10463.221497
2022-02-19T15:30:00.000000000,-25442.437897,717.468694,-7944.231069
2022-02-19T15:45:00.000000000,-26144.617197,299.257483,-5290.077905
2022-02-19T16:00:00.000000000,-26564.948469,-48.985667,-2546.042063
2022-02-19T16:15:00.000000000,-26691.617649,-360.65918,241.206042
2022-02-19T16:30:00.000000000,-26520.928885,-670.656634,3024.371779
2022-02-19T16:45:00.000000000,-26057.425634,-1013.844297,5756.305437
2022-02-19T17:00:00.000000000,-25313.716738,-1423.544158,8390.764
2022-02-19T17:15:00.000000000,-24310.014939,-1930.078525,10883.1556
2022-02-19T17:30:00.000000000,-23073.405266,-2559.42974,13191.257156
2022-02-19T17:45:00.000000000,-21636.870082,-3332.064402,15275.896025
2022-02-19T18:00:00.000000000,-20038.105993,-4261.965686,17101.58688
2022-02-19T18:15:00.000000000,-18318.175115,-5355.910203,18637.115371
2022-02-19T18:30:00.000000000,-16520.039117,-6613.017372,19856.06038
2022-02-19T18:45:00.000000000,-14687.028862,-8024.589938,20737.247048
2022-02-19T19:00:00.000000000,-12861.305179,-9574.254105,21265.123068
2022-02-19T19:15:00.000000000,-11082.367204,-11238.397136,21430.051212
2022-02-19T19:30:00.000000000,-9385.663719,-12986.889531,21228.51158
2022-02-19T19:45:00.000000000,-7801.359981,-14784.068279,20663.207843
2022-02-19T20:00:00.000000000,-6353.30768,-16589.947587,19743.072672
2022-02-19T20:15:00.000000000,-5058.258905,-18361.614325,18483.168781
2022-02-19T20:30:00.000000000,-3925.356498,-20054.757494,16904.483514
2022-02-19T20:45:00.000000000,-2955.923236,-21625.274715,15033.616694
2022-02-19T21:00:00.000000000,-2143.560985,-23030.894522,12902.363541
2022-02-19T21:15:00.000000000,-1474.558956,-24232.751157,10547.196786
2022-02-19T21:30:00.000000000,-928.597725,-25196.849165,8008.654611
2022-02-19T21:45:00.000000000,-479.723361,-25895.358211,5330.643627
2022-02-19T22:00:00.000000000,-97.554401,-26307.684378,2559.668672
2022-02-19T22:15:00.000000000,251.325882,-26421.272541,-255.996391
2022-02-19T22:30:00.000000000,601.848019,-26232.104979,-3067.18059
2022-02-19T22:45:00.000000000,988.867923,-25744.873767,-5824.7125
2022-02-19T23:00:00.000000000,1445.577235,-24972.818107,-8480.322515
2022-02-19T23:15:00.000000000,2001.978699,-23937.231978,-10987.531067
2022-02-19T23:30:00.000000000,2683.490364,-22666.661618,-13302.503312
2022-02-19T23:45:00.000000000,3509.736979,-21195.825616,-15384.851534
2022-02-18T00:00:00.000000000,3912.708885,-20493.709928,-16222.57082
2022-02-18T00:15:00.000000000,4969.816968,-18805.472482,-17906.510201
2022-02-18T00:30:00.000000000,6189.850867,-17019.297474,-19278.049471
2022-02-18T00:45:00.000000000,7566.818164,-15180.129736,-20313.720819
2022-02-18T01:00:00.000000000,9086.887234,-13332.275088,-20996.037448
2022-02-18T01:15:00.000000000,10728.781181,-11517.785182,-21313.769643
2022-02-18T01:30:00.000000000,12464.471594,-9774.951538,-21262.101289
2022-02-18T01:45:00.000000000,14260.1423,-8136.96708,-20842.666858
2022-02-18T02:00:00.000000000,16077.382814,-6630.805669,-20063.471585
2022-02-18T02:15:00.000000000,17874.562781,-5276.360481,-18938.699819
2022-02-18T02:30:00.000000000,19608.332354,-4085.871005,-17488.418508
2022-02-18T02:45:00.000000000,21235.189582,-3063.656699,-15738.184425
2022-02-18T03:00:00.000000000,22713.054369,-2206.163078,-13718.564923
2022-02-18T03:15:00.000000000,24002.789392,-1502.314075,-11464.582946
2022-02-18T03:30:00.000000000,25069.611399,-934.153128,-9015.097574
2022-02-18T03:45:00.000000000,25884.341332,-477.745044,-6412.1317
2022-02-18T04:00:00.000000000,26424.448433,-104.301574,-3700.158477
2022-02-18T04:15:00.000000000,26674.851607,218.513851,-925.358076
2022-02-18T04:30:00.000000000,26628.450549,525.152613,1865.143938
2022-02-18T04:45:00.000000000,26286.369052,850.672984,4624.045727
2022-02-18T05:00:00.000000000,25657.903274,1229.214143,7304.635208
2022-02-18T05:15:00.000000000,24760.178137,1692.508669,9861.542902
2022-02-18T05:30:00.000000000,23617.525209,2268.48834,12251.471944
2022-02-18T05:45:00.000000000,22260.605067,2980.034515,14433.89587
2022-02-18T06:00:00.000000000,20725.30596,3843.919319,16371.715334
2022-02-18T06:15:00.000000000,19051.458377,4869.977179,18031.865095
2022-02-18T06:30:00.000000000,17281.411668,6060.53834,19385.862981
2022-02-18T06:45:00.000000000,15458.523901,7410.146985,20410.292858
2022-02-18T07:00:00.000000000,13625.619572,8905.576713,21087.213921
2022-02-18T07:15:00.000000000,11823.471475,10526.145672,21404.489079
2022-02-18T07:30:00.000000000,10089.362803,12244.322906,21356.025649
2022-02-18T07:45:00.000000000,8455.783454,14026.606778,20941.922317
2022-02-18T08:00:00.000000000,6949.310409,15834.645953,20168.517106
2022-02-18T08:15:00.000000000,5589.716096,17626.563855,19048.33227
2022-02-18T08:30:00.000000000,4389.340835,19358.439005,17599.913359
2022-02-18T08:45:00.000000000,3352.756094,20985.886638,15847.561435
2022-02-18T09:00:00.000000000,2476.734502,22465.681862,13820.959332
2022-02-18T09:15:00.000000000,1750.530791,23757.361653,11554.695108
2022-02-18T09:30:00.000000000,1156.465516,24824.742403,9087.688265
2022-02-18T09:45:00.000000000,670.790939,25637.291863,6462.526897
2022-02-18T10:00:00.000000000,264.806518,26171.299005,3724.726456
2022-02-18T10:15:00.000000000,-93.819492,26410.792673,921.923372
2022-02-18T10:30:00.000000000,-439.575103,26348.16957,-1896.981026
2022-02-18T10:45:00.000000000,-807.536341,25984.503819,-4682.708998
2022-02-18T11:00:00.000000000,-1231.770252,25329.523492,-7386.508538
2022-02-18T11:15:00.000000000,-1743.775577,24401.253585,-9961.0497
2022-02-18T11:30:00.000000000,-2371.026271,23225.339116,-12361.295485
2022-02-18T11:45:00.000000000,-3135.678779,21834.075768,-14545.328128
2022-02-18T12:00:00.000000000,-4053.497045,20265.187965,-16475.112905
2022-02-18T12:15:00.000000000,-5133.039759,18560.404892,-18117.183305
2022-02-18T12:30:00.000000000,-6375.142918,16763.893257,-19443.233673
2022-02-18T12:45:00.000000000,-7772.718094,14920.611096,-20430.608148
2022-02-18T13:00:00.000000000,-9310.873284,13074.649526,-21062.677551
2022-02-18T13:15:00.000000000,-10967.349712,11267.628923,-21329.098888
2022-02-18T13:30:00.000000000,-12713.255003,9537.212776,-21225.955135
2022-02-18T13:45:00.000000000,-14514.061363,7915.796543,-20755.775726
2022-02-18T14:00:00.000000000,-16330.827183,6429.420785,-19927.440796
2022-02-18T14:15:00.000000000,-18121.592326,5096.947961,-18755.974451
2022-02-18T14:30:00.000000000,-19842.891392,3929.531064,-17262.234317
2022-02-18T14:45:00.000000000,-21451.325669,2930.390441,-15472.506102
2022-02-18T15:00:00.000000000,-22905.133295,2094.902913,-13418.013156
2022-02-18T15:15:00.000000000,-24165.698349,1410.995406,-11134.351816
2022-02-18T15:30:00.000000000,-25198.942838,859.824031,-8660.863892
2022-02-18T15:45:00.000000000,-25976.550862,416.70934,-6039.957882
2022-02-18T16:00:00.000000000,-26476.981169,52.289537,-3316.390582
2022-02-18T16:15:00.000000000,-26686.23258,-266.1538,-536.520585
2022-02-18T16:30:00.000000000,-26598.33612,-573.248563,2252.45507
2022-02-18T16:45:00.000000000,-26215.557696,-904.018245,5003.270239
2022-02-18T17:00:00.000000000,-25548.305528,-1292.357883,7669.354489
2022-02-18T17:15:00.000000000,-24614.746957,-1769.556198,10205.583354
2022-02-18T17:30:00.000000000,-23440.149345,-2362.918401,12569.004405
2022-02-18T17:45:00.000000000,-22055.96934,-3094.540319,14719.529843
2022-02-18T18:00:00.000000000,-20498.723496,-3980.279225,16620.586769
2022-02-18T18:15:00.000000000,-18808.680818,-5028.959908,18239.716561
2022-02-18T18:30:00.000000000,-17028.424182,-6241.846416,19549.11509
2022-02-18T18:45:00.000000000,-15201.332387,-7612.400769,20526.105845
2022-02-18T19:00:00.000000000,-13370.037804,-9126.339995,21153.53838
2022-02-18T19:15:00.000000000,-11574.915982,-10761.992292,21420.104855
2022-02-18T19:30:00.000000000,-9852.663146,-12490.942406,21320.568039
2022-02-18T19:45:00.000000000,-8235.015062,-14278.945612,20855.894791
2022-02-18T20:00:00.000000000,-6747.65646,-16087.07941,20033.289914
2022-02-18T20:15:00.000000000,-5409.363942,-17873.092601,18866.126476
2022-02-18T20:30:00.000000000,-4231.41725,-19592.903088,17373.770048
2022-02-18T20:45:00.000000000,-3217.304243,-21202.188959,15581.296094
2022-02-18T21:00:00.000000000,-2362.733926,-22658.012571,13519.101695
2022-02-18T21:15:00.000000000,-1655.96004,-23920.414699,11222.415086
2022-02-18T21:30:00.000000000,-1078.405336,-24953.915599,8730.708937
2022-02-18T21:45:00.000000000,-605.564216,-25728.862291,6087.025868
2022-02-18T22:00:00.000000000,-208.149602,-26222.566482,3337.227289
2022-02-18T22:15:00.000000000,146.560853,-26420.185159,529.179092
2022-02-18T22:30:00.000000000,493.23314,-26315.305924,-2288.110061
2022-02-18T22:45:00.000000000,866.900657,-25910.211048,-5065.380319
2022-02-18T23:00:00.000000000,1301.368384,-25215.807543,-7754.023207
2022-02-18T23:15:00.000000000,1827.663877,-24251.224682,-10306.975634
2022-02-18T23:30:00.000000000,2472.599871,-23043.094643,-12679.585737
2022-02-18T23:45:00.000000000,3257.508594,-21624.545463,-14830.431534
2022-02-19T00:00:00.000000000,4197.200593,-20033.947831,-16722.074726
2022-02-19T00:15:00.000000000,5299.191103,-18313.46753,-18321.733752
2022-02-19T00:30:00.000000000,6563.225397,-16507.483216,-19601.86261
2022-02-19T00:45:00.000000000,7981.121523,-14660.934501,-20540.624593
2022-02-19T01:00:00.000000000,9536.935617,-12817.667204,-21122.253073
2022-02-19T01:15:00.000000000,11207.441169,-11018.842093,-21337.294396
2022-02-19T01:30:00.000000000,12962.901011,-9301.469643,-21182.730949
2022-02-19T01:45:00.000000000,14768.099144,-7697.127152,-20661.985212
2022-02-19T02:00:00.000000000,16583.589544,-6230.906225,-19784.808173
2022-02-19T02:15:00.000000000,18367.111253,-4920.628515,-18567.057678
2022-02-19T02:30:00.000000000,20075.113412,-3776.356295,-17030.374174
2022-02-19T02:45:00.000000000,21664.330623,-2800.212527,-15201.762805
2022-02-19T03:00:00.000000000,23093.348202,-1986.51286,-13113.091958
2022-02-19T03:15:00.000000000,24324.098355,-1322.200162,-10800.519137
2022-02-19T03:30:00.000000000,25323.231867,-787.56105,-8303.855595
2022-02-19T03:45:00.000000000,26063.315465,-357.193805,-5665.881314
2022-02-19T04:00:00.000000000,26523.812107,-1.188361,-2931.622001
2022-02-19T04:15:00.000000000,26691.809951,313.527973,-147.599551
2022-02-19T04:30:00.000000000,26562.475162,621.730745,2638.932781
2022-02-19T04:45:00.000000000,26139.213849,958.379639,5380.759716
2022-02-19T05:00:00.000000000,25433.538756,1357.097423,8031.467335
2022-02-19T05:15:00.000000000,24464.646769,1848.702792,10546.190524
2022-02-19T05:30:00.000000000,23258.723317,2459.85114,12882.334915
2022-02-19T05:45:00.000000000,21847.999208,3211.833305,15000.264098
2022-02-19T06:00:00.000000000,20269.593978,4119.576786,16863.943287
2022-02-19T06:15:00.000000000,18564.187336,5190.886922,18441.530925
2022-02-19T06:30:00.000000000,16774.566387,6425.957268,19705.910001
2022-02-19T06:45:00.000000000,14944.100931,7817.169116,20635.151206
2022-02-19T07:00:00.000000000,13115.202114,9349.190105,21212.900367
2022-02-19T07:15:00.000000000,11327.820864,10999.371219,21428.683046
2022-02-19T07:30:00.000000000,9618.041788,12738.430786,21278.119712
2022-02-19T07:45:00.000000000,8016.825554,14531.403424,20763.045639
2022-02-19T08:00:00.000000000,6548.94818,16338.821654,19891.530574
2022-02-19T08:15:00.000000000,5232.179157,18118.088648,18677.794433
2022-02-19T08:30:00.000000000,4076.73204,19824.992407,17142.016706
2022-02-19T08:45:00.000000000,3085.011415,21415.305134,15310.039065
2022-02-19T09:00:00.000000000,2251.669004,22846.407024,13212.962641
2022-02-19T09:15:00.000000000,1563.969705,24078.871345,10886.643787
2022-02-19T09:30:00.000000000,1002.455984,25077.947839,8371.094604
2022-02-19T09:45:00.000000000,541.886615,25814.884291,5709.797082
2022-02-19T10:00:00.000000000,152.414051,26268.031577,2948.942281
2022-02-19T10:15:00.000000000,-199.045805,26423.685491,136.608425
2022-02-19T10:30:00.000000000,-547.306456,26276.628944,-2678.106076
2022-02-19T10:45:00.000000000,-927.327871,25830.350273,-5445.976923
2022-02-19T11:00:00.000000000,-1372.623094,25096.926905,-8118.556527
2022-02-19T11:15:00.000000000,-1913.720831,24096.57778,-10649.065306
2022-02-19T11:30:00.000000000,-2576.748285,22856.902105,-12993.252124
2022-02-19T11:45:00.000000000,-3382.193523,21411.835476,-15110.204989
2022-02-19T12:00:00.000000000,-4343.898944,19800.36641,-16963.094555
2022-02-19T12:15:00.000000000,-5468.327389,18065.066363,-18519.834849
2022-02-19T12:30:00.000000000,-6754.130552,16250.493847,-19753.648073
2022-02-19T12:45:00.000000000,-8192.036391,14401.537992,-20643.523036
2022-02-19T13:00:00.000000000,-9765.058655,12561.768618,-21174.559756
2022-02-19T13:15:00.000000000,-11449.018224,10771.858721,-21338.195722
2022-02-19T13:30:00.000000000,-13213.35327,9068.141196,-21132.312261
2022-02-19T13:45:00.000000000,-15022.183888,7481.355136,-20561.222225
2022-02-19T14:00:00.000000000,-16835.587115,6035.628376,-19635.54268
2022-02-19T14:15:00.000000000,-18611.030727,4747.732685,-18371.958473
2022-02-19T14:30:00.000000000,-20304.908868,3626.636553,-16792.884356
2022-02-19T14:45:00.000000000,-21874.11965,2673.368539,-14926.034816
2022-02-19T15:00:00.000000000,-23277.624352,1881.191963,-12803.911827
2022-02-19T15:15:00.000000000,-24477.929616,1236.079928,-10463.221497
2022-02-19T15:30:00.000000000,-25442.437897,717.468694,-7944.231069
2022-02-19T15:45:00.000000000,-26144.617197,299.257483,-5290.077905
2022-02-19T16:00:00.000000000,-26564.948469,-48.985667,-2546.042063
2022-02-19T16:15:00.000000000,-26691.617649,-360.65918,241.206042
2022-02-19T16:30:00.000000000,-26520.928885,-670.656634,3024.371779
2022-02-19T16:45:00.000000000,-26057.425634,-1013.844297,5756.305437
2022-02-19T17:00:00.000000000,-25313.716738,-1423.544158,8390.764
2022-02-19T17:15:00.000000000,-24310.014939,-1930.078525,10883.1556
2022-02-19T17:30:00.000000000,-23073.405266,-2559.42974,13191.257156
2022-02-19T17:45:00.000000000,-21636.870082,-3332.064402,15275.896025
2022-02-19T18:00:00.000000000,-20038.105993,-4261.965686,17101.58688
2022-02-19T18:15:00.000000000,-18318.175115,-5355.910203,18637.115371
2022-02-19T18:30:00.000000000,-16520.039117,-6613.017372,19856.06038
2022-02-19T18:45:00.000000000,-14687.028862,-8024.589938,20737.247048
2022-02-19T19:00:00.000000000,-12861.305179,-9574.254105,21265.123068
2022-02-19T19:15:00.000000000,-11082.367204,-11238.397136,21430.051212
2022-02-19T19:30:00.000000000,-9385.663719,-12986.889531,21228.51158
2022-02-19T19:45:00.000000000,-7801.359981,-14784.068279,20663.207843
2022-02-19T20:00:00.000000000,-6353.30768,-16589.947587,19743.072672
2022-02-19T20:15:00.000000000,-5058.258905,-18361.614325,18483.168781
2022-02-19T20:30:00.000000000,-3925.356498,-20054.757494,16904.483514
2022-02-19T20:45:00.000000000,-2955.923236,-21625.274715,15033.616694
2022-02-19T21:00:00.000000000,-2143.560985,-23030.894522,12902.363541
2022-02-19T21:15:00.000000000,-1474.558956,-24232.751157,10547.196786
2022-02-19T21:30:00.000000000,-928.597725,-25196.849165,8008.654611
2022-02-19T21:45:00.000000000,-479.723361,-25895.358211,5330.643627
2022-02-19T22:00:00.000000000,-97.554401,-26307.684378,2559.668672
2022-02-19T22:15:00.000000000,251.325882,-26421.272541,-255.996391
2022-02-19T22:30:00.000000000,601.848019,-26232.104979,-3067.18059
2022-02-19T22:45:00.000000000,988.867923,-25744.873767,-5824.7125
2022-02-19T23:00:00.000000000,1445.577235,-24972.818107,-8480.322515
2022-02-19T23:15:00.000000000,2001.978699,-23937.231978,-10987.531067
2022-02-19T23:30:00.000000000,2683.490364,-22666.661618,-13302.503312
2022-02-19T23:45:00.000000000,3509.736979,-21195.825616,-15384.851534
