2022-02-19T00:00:00.000000000,7931.912066,13670.81679,-21540.824688
2022-02-19T00:15:00.000000000,6440.54998,15513.983932,-20724.230691
2022-02-19T00:30:00.000000000,5108.938165,17345.606814,-19555.6918
2022-02-19T00:45:00.000000000,3949.001944,19119.221319,-18053.463726
2022-02-19T01:00:00.000000000,2964.512118,20787.718094,-16241.655784
2022-02-19T01:15:00.000000000,2151.035651,22305.055199,-14149.937453
2022-02-19T01:30:00.000000000,1496.209383,23627.970735,-11813.135473
2022-02-19T01:45:00.000000000,980.334469,24717.628786,-9270.720433
2022-02-19T02:00:00.000000000,577.276174,25541.131377,-6566.184932
2022-02-19T02:15:00.000000000,255.640087,26072.831403,-3746.319092
2022-02-19T02:30:00.000000000,-19.817408,26295.386917,-860.39322
2022-02-19T02:45:00.000000000,-286.598656,26200.505887,2040.738221
2022-02-19T03:00:00.000000000,-582.758883,25789.342342,4905.593135
2022-02-19T03:15:00.000000000,-945.157174,25072.5194,7683.05681
2022-02-19T03:30:00.000000000,-1407.740754,24069.771335,10323.390475
2022-02-19T03:45:00.000000000,-1999.939476,22809.21461,12779.226443
2022-02-19T04:00:00.000000000,-2745.243707,21326.275814,15006.522215
2022-02-19T04:15:00.000000000,-3660.031014,19662.321318,16965.446481
2022-02-19T04:30:00.000000000,-4752.695619,17863.048273,18621.172018
2022-02-19T04:45:00.000000000,-6023.120122,15976.708194,19944.553777
2022-02-19T05:00:00.000000000,-7462.512338,14052.242164,20912.674705
2022-02-19T05:15:00.000000000,-9053.612526,12137.410056,21509.246993
2022-02-19T05:30:00.000000000,-10771.25867,10276.995131,21724.861871
2022-02-19T05:45:00.000000000,-12583.281025,8511.160141,21557.086549
2022-02-19T06:00:00.000000000,-14451.68277,6874.021984,21010.412086
2022-02-19T06:15:00.000000000,-16334.052018,5392.500038,20096.06054
2022-02-19T06:30:00.000000000,-18185.141983,4085.479269,18831.663482
2022-02-19T06:45:00.000000000,-19958.551257,2963.313937,17240.826812
2022-02-19T07:00:00.000000000,-21608.434554,2027.682301,15352.598594
2022-02-19T07:15:00.000000000,-23091.175914,1271.787874,13200.857569
2022-02-19T07:30:00.000000000,-24366.960787,680.889023,10823.64003
2022-02-19T07:45:00.000000000,-25401.190048,233.126837,8262.422044
2022-02-19T08:00:00.000000000,-26165.68743,-99.388746,5561.372868
2022-02-19T08:15:00.000000000,-26639.66143,-349.282198,2766.593735
2022-02-19T08:30:00.000000000,-26810.393079,-552.458187,-74.645558
2022-02-19T08:45:00.000000000,-26673.631473,-746.546165,-2914.661705
2022-02-19T09:00:00.000000000,-26233.689401,-969.301372,-5706.09583
2022-02-19T09:15:00.000000000,-25503.241431,-1257.019205,-8402.62721
2022-02-19T09:30:00.000000000,-24502.836173,-1643.017687,-10959.657015
2022-02-19T09:45:00.000000000,-23260.143042,-2156.239234,-13334.957441
2022-02-19T10:00:00.000000000,-21808.961531,-2820.018111,-15489.282409
2022-02-19T10:15:00.000000000,-20188.027735,-3651.054214,-17386.936403
2022-02-19T10:30:00.000000000,-18439.658602,-4658.627217,-18996.298218
2022-02-19T10:45:00.000000000,-16608.279014,-5844.077806,-20290.296235
2022-02-19T11:00:00.000000000,-14738.880436,-7200.574788,-21246.831427
2022-02-19T11:15:00.000000000,-12875.462268,-8713.178426,-21849.143758
2022-02-19T11:30:00.000000000,-11059.508262,-10359.201496,-22086.116936
2022-02-19T11:45:00.000000000,-9328.550346,-12108.860357,-21952.515725
2022-02-19T12:00:00.000000000,-7714.870675,-13926.198959,-21449.149396
2022-02-19T12:15:00.000000000,-6244.389808,-15770.259313,-20582.954335
2022-02-19T12:30:00.000000000,-4935.784321,-17596.46272,-19366.988641
2022-02-19T12:45:00.000000000,-3799.870934,-19358.157338,-17820.331669
2022-02-19T13:00:00.000000000,-2839.286241,-21008.279728,-15967.882162
2022-02-19T13:15:00.000000000,-2048.48156,-22501.071378,-13840.049826
2022-02-19T13:30:00.000000000,-1414.041234,-23793.786131,-11472.337151
2022-02-19T13:45:00.000000000,-915.320344,-24848.321654,-8904.810786
2022-02-19T14:00:00.000000000,-525.384595,-25632.707737,-6181.465065
2022-02-19T14:15:00.000000000,-212.221578,-26122.386955,-3349.483979
2022-02-19T14:30:00.000000000,59.82049,-26301.229084,-458.412002
2022-02-19T14:45:00.000000000,328.422378,-26162.229811,2440.751495
2022-02-19T15:00:00.000000000,631.577626,-25707.856549,5296.515488
2022-02-19T15:15:00.000000000,1005.843545,-24950.019015,8057.895744
2022-02-19T15:30:00.000000000,1484.636174,-23909.659141,10675.42316
2022-02-19T15:45:00.000000000,2096.645843,-22615.972756,13102.134878
2022-02-19T16:00:00.000000000,2864.445705,-21105.293371,15294.520542
2022-02-19T16:15:00.000000000,3803.357249,-19419.685103,17213.396852
2022-02-19T16:30:00.000000000,4920.624952,-17605.306145,18824.68578
2022-02-19T16:45:00.000000000,6214.937354,-15710.615369,20100.075289
2022-02-19T17:00:00.000000000,7676.315044,-13784.501779,21017.545776
2022-02-19T17:15:00.000000000,9286.368356,-11874.419392,21561.750652
2022-02-19T17:30:00.000000000,11018.910088,-10024.608367,21724.244964
2022-02-19T17:45:00.000000000,12840.892341,-8274.477503,21503.561364
2022-02-19T18:00:00.000000000,14713.622542,-6657.213641,20905.137918
2022-02-19T18:15:00.000000000,16594.202525,-5198.671303,19941.106639
2022-02-19T18:30:00.000000000,18437.126614,-3916.581553,18629.955304
2022-02-19T18:45:00.000000000,20195.970218,-2820.103833,16996.077776
2022-02-19T19:00:00.000000000,21825.099351,-1909.729038,15069.229752
2022-02-19T19:15:00.000000000,23281.333527,-1177.527408,12883.907641
2022-02-19T19:30:00.000000000,24525.499214,-607.721298,10478.668214
2022-02-19T19:45:00.000000000,25523.818009,-177.551215,7895.405869
2022-02-19T20:00:00.000000000,26249.082243,141.606027,5178.603179
2022-02-19T20:15:00.000000000,26681.580506,382.915634,2374.568645
2022-02-19T20:30:00.000000000,26809.745906,582.613277,-469.326159
2022-02-19T20:45:00.000000000,26630.510425,778.440283,-3305.399739
2022-02-19T21:00:00.000000000,26149.359143,1008.043171,-6086.395634
2022-02-19T21:15:00.000000000,25380.088006,1307.394262,-8766.192263
2022-02-19T21:30:00.000000000,24344.278103,1709.287692,-11300.482073
2022-02-19T21:45:00.000000000,23070.507898,2241.96143,-13647.415522
2022-02-19T22:00:00.000000000,21593.332393,2927.89093,-15768.206126
2022-02-19T22:15:00.000000000,19952.06483,3782.794203,-17627.693206
2022-02-19T22:30:00.000000000,18189.402074,4814.881373,-19194.859099
2022-02-19T22:45:00.000000000,16349.939377,6024.374391,-20443.297414
2022-02-19T23:00:00.000000000,14478.623618,7403.314531,-21351.628453
2022-02-19T23:15:00.000000000,12619.196414,8935.666863,-21903.857399
2022-02-19T23:30:00.000000000,10812.679535,10597.721922,-22089.670084
2022-02-19T23:45:00.000000000,9095.954834,12358.785591,-21904.660487
2022-02-19T00:00:00.000000000,7931.912066,13670.81679,-21540.824688
2022-02-19T00:15:00.000000000,6440.54998,15513.983932,-20724.230691
2022-02-19T00:30:00.000000000,5108.938165,17345.606814,-19555.6918
2022-02-19T00:45:00.000000000,3949.001944,19119.221319,-18053.463726
2022-02-19T01:00:00.000000000,2964.512118,20787.718094,-16241.655784
2022-02-19T01:15:00.000000000,2151.035651,22305.055199,-14149.937453
2022-02-19T01:30:00.000000000,1496.209383,23627.970735,-11813.135473
2022-02-19T01:45:00.000000000,980.334469,24717.628786,-9270.720433
2022-02-19T02:00:00.000000000,577.276174,25541.131377,-6566.184932
2022-02-19T02:15:00.000000000,255.640087,26072.831403,-3746.319092
2022-02-19T02:30:00.000000000,-19.817408,26295.386917,-860.39322
2022-02-19T02:45:00.000000000,-286.598656,26200.505887,2040.738221
2022-02-19T03:00:00.000000000,-582.758883,25789.342342,4905.593135
2022-02-19T03:15:00.000000000,-945.157174,25072.5194,7683.05681
2022-02-19T03:30:00.000000000,-1407.740754,24069.771335,10323.390475
2022-02-19T03:45:00.000000000,-1999.939476,22809.21461,12779.226443
2022-02-19T04:00:00.000000000,-2745.243707,21326.275814,15006.522215
2022-02-19T04:15:00.000000000,-3660.031014,19662.321318,16965.446481
2022-02-19T04:30:00.000000000,-4752.695619,17863.048273,18621.172018
2022-02-19T04:45:00.000000000,-6023.120122,15976.708194,19944.553777
2022-02-19T05:00:00.000000000,-7462.512338,14052.242164,20912.674705
2022-02-19T05:15:00.000000000,-9053.612526,12137.410056,21509.246993
2022-02-19T05:30:00.000000000,-10771.25867,10276.995131,21724.861871
2022-02-19T05:45:00.000000000,-12583.281025,8511.160141,21557.086549
2022-02-19T06:00:00.000000000,-14451.68277,6874.021984,21010.412086
2022-02-19T06:15:00.000000000,-16334.052018,5392.500038,20096.06054
2022-02-19T06:30:00.000000000,-18185.141983,4085.479269,18831.663482
2022-02-19T06:45:00.000000000,-19958.551257,2963.313937,17240.826812
2022-02-19T07:00:00.000000000,-21608.434554,2027.682301,15352.598594
2022-02-19T07:15:00.000000000,-23091.175914,1271.787874,13200.857569
2022-02-19T07:30:00.000000000,-24366.960787,680.889023,10823.64003
2022-02-19T07:45:00.000000000,-25401.190048,233.126837,8262.422044
2022-02-19T08:00:00.000000000,-26165.68743,-99.388746,5561.372868
2022-02-19T08:15:00.000000000,-26639.66143,-349.282198,2766.593735
2022-02-19T08:30:00.000000000,-26810.393079,-552.458187,-74.645558
2022-02-19T08:45:00.000000000,-26673.631473,-746.546165,-2914.661705
2022-02-19T09:00:00.000000000,-26233.689401,-969.301372,-5706.09583
2022-02-19T09:15:00.000000000,-25503.241431,-1257.019205,-8402.62721
2022-02-19T09:30:00.000000000,-24502.836173,-1643.017687,-10959.657015
2022-02-19T09:45:00.000000000,-23260.143042,-2156.239234,-13334.957441
2022-02-19T10:00:00.000000000,-21808.961531,-2820.018111,-15489.282409
2022-02-19T10:15:00.000000000,-20188.027735,-3651.054214,-17386.936403
2022-02-19T10:30:00.000000000,-18439.658602,-4658.627217,-18996.298218
2022-02-19T10:45:00.000000000,-16608.279014,-5844.077806,-20290.296235
2022-02-19T11:00:00.000000000,-14738.880436,-7200.574788,-21246.831427
2022-02-19T11:15:00.000000000,-12875.462268,-8713.178426,-21849.143758
2022-02-19T11:30:00.000000000,-11059.508262,-10359.201496,-22086.116936
2022-02-19T11:45:00.000000000,-9328.550346,-12108.860357,-21952.515725
2022-02-19T12:00:00.000000000,-7714.870675,-13926.198959,-21449.149396
2022-02-19T12:15:00.000000000,-6244.389808,-15770.259313,-20582.954335
2022-02-19T12:30:00.000000000,-4935.784321,-17596.46272,-19366.988641
2022-02-19T12:45:00.000000000,-3799.870934,-19358.157338,-17820.331669
2022-02-19T13:00:00.000000000,-2839.286241,-21008.279728,-15967.882162
2022-02-19T13:15:00.000000000,-2048.48156,-22501.071378,-13840.049826
2022-02-19T13:30:00.000000000,-1414.041234,-23793.786131,-11472.337151
2022-02-19T13:45:00.000000000,-915.320344,-24848.321654,-8904.810786
2022-02-19T14:00:00.000000000,-525.384595,-25632.707737,-6181.465065
2022-02-19T14:15:00.000000000,-212.221578,-26122.386955,-3349.483979
2022-02-19T14:30:00.000000000,59.82049,-26301.229084,-458.412002
2022-02-19T14:45:00.000000000,328.422378,-26162.229811,2440.751495
2022-02-19T15:00:00.000000000,631.577626,-25707.856549,5296.515488
2022-02-19T15:15:00.000000000,1005.843545,-24950.019015,8057.895744
2022-02-19T15:30:00.000000000,1484.636174,-23909.659141,10675.42316
2022-02-19T15:45:00.000000000,2096.645843,-22615.972756,13102.134878
2022-02-19T16:00:00.000000000,2864.445705,-21105.293371,15294.520542
2022-02-19T16:15:00.000000000,3803.357249,-19419.685103,17213.396852
2022-02-19T16:30:00.000000000,4920.624952,-17605.306145,18824.68578
2022-02-19T16:45:00.000000000,6214.937354,-15710.615369,20100.075289
2022-02-19T17:00:00.000000000,7676.315044,-13784.501779,21017.545776
2022-02-19T17:15:00.000000000,9286.368356,-11874.419392,21561.750652
2022-02-19T17:30:00.000000000,11018.910088,-10024.608367,21724.244964
2022-02-19T17:45:00.000000000,12840.892341,-8274.477503,21503.561364
2022-02-19T18:00:00.000000000,14713.622542,-6657.213641,20905.137918
2022-02-19T18:15:00.000000000,16594.202525,-5198.671303,19941.106639
2022-02-19T18:30:00.000000000,18437.126614,-3916.581553,18629.955304
2022-02-19T18:45:00.000000000,20195.970218,-2820.103833,16996.077776
2022-02-19T19:00:00.000000000,21825.099351,-1909.729038,15069.229752
2022-02-19T19:15:00.000000000,23281.333527,-1177.527408,12883.907641
2022-02-19T19:30:00.000000000,24525.499214,-607.721298,10478.668214
2022-02-19T19:45:00.000000000,25523.818009,-177.551215,7895.405869
2022-02-19T20:00:00.000000000,26249.082243,141.606027,5178.603179
2022-02-19T20:15:00.000000000,26681.580506,382.915634,2374.568645
2022-02-19T20:30:00.000000000,26809.745906,582.613277,-469.326159
2022-02-19T20:45:00.000000000,26630.510425,778.440283,-3305.399739
2022-02-19T21:00:00.000000000,26149.359143,1008.043171,-6086.395634
2022-02-19T21:15:00.000000000,25380.088006,1307.394262,-8766.192263
2022-02-19T21:30:00.000000000,24344.278103,1709.287692,-11300.482073
2022-02-19T21:45:00.000000000,23070.507898,2241.96143,-13647.415522
2022-02-19T22:00:00.000000000,21593.332393,2927.89093,-15768.206126
2022-02-19T22:15:00.000000000,19952.06483,3782.794203,-17627.693206
2022-02-19T22:30:00.000000000,18189.402074,4814.881373,-19194.859099
2022-02-19T22:45:00.000000000,16349.939377,6024.374391,-20443.297414
2022-02-19T23:00:00.000000000,14478.623618,7403.314531,-21351.628453
2022-02-19T23:15:00.000000000,12619.196414,8935.666863,-21903.857399
2022-02-19T23:30:00.000000000,10812.679535,10597.721922,-22089.670084
2022-02-19T23:45:00.000000000,9095.954834,12358.785591,-21904.660487
2022-02-19T00:00:00.000000000,7931.912066,13670.81679,-21540.824688
2022-02-19T00:15:00.000000000,6440.54998,15513.983932,-20724.230691
2022-02-19T00:30:00.000000000,5108.938165,17345.606814,-19555.6918
2022-02-19T00:45:00.000000000,3949.001944,19119.221319,-18053.463726
2022-02-19T01:00:00.000000000,2964.512118,20787.718094,-16241.655784
2022-02-19T01:15:00.000000000,2151.035651,22305.055199,-14149.937453
2022-02-19T01:30:00.000000000,1496.209383,23627.970735,-11813.135473
2022-02-19T01:45:00.000000000,980.334469,24717.628786,-9270.720433
2022-02-19T02:00:00.000000000,577.276174,25541.131377,-6566.184932
2022-02-19T02:15:00.000000000,255.640087,26072.831403,-3746.319092
2022-02-19T02:30:00.000000000,-19.817408,26295.386917,-860.39322
2022-02-19T02:45:00.000000000,-286.598656,26200.505887,2040.738221
2022-02-19T03:00:00.000000000,-582.758883,25789.342342,4905.593135
2022-02-19T03:15:00.000000000,-945.157174,25072.5194,7683.05681
2022-02-19T03:30:00.000000000,-1407.740754,24069.771335,10323.390475
2022-02-19T03:45:00.000000000,-1999.939476,22809.21461,12779.226443
2022-02-19T04:00:00.000000000,-2745.243707,21326.275814,15006.522215
2022-02-19T04:15:00.000000000,-3660.031014,19662.321318,16965.446481
2022-02-19T04:30:00.000000000,-4752.695619,17863.048273,18621.172018
2022-02-19T04:45:00.000000000,-6023.120122,15976.708194,19944.553777
2022-02-19T05:00:00.000000000,-7462.512338,14052.242164,20912.674705
2022-02-19T05:15:00.000000000,-9053.612526,12137.410056,21509.246993
2022-02-19T05:30:00.000000000,-10771.25867,10276.995131,21724.861871
2022-02-19T05:45:00.000000000,-12583.281025,8511.160141,21557.086549
2022-02-19T06:00:00.000000000,-14451.68277,6874.021984,21010.412086
2022-02-19T06:15:00.000000000,-16334.052018,5392.500038,20096.06054
2022-02-19T06:30:00.000000000,-18185.141983,4085.479269,18831.663482
2022-02-19T06:45:00.000000000,-19958.551257,2963.313937,17240.826812
2022-02-19T07:00:00.000000000,-21608.434554,2027.682301,15352.598594
2022-02-19T07:15:00.000000000,-23091.175914,1271.787874,13200.857569
2022-02-19T07:30:00.000000000,-24366.960787,680.889023,10823.64003
2022-02-19T07:45:00.000000000,-25401.190048,233.126837,8262.422044
2022-02-19T08:00:00.000000000,-26165.68743,-99.388746,5561.372868
2022-02-19T08:15:00.000000000,-26639.66143,-349.282198,2766.593735
2022-02-19T08:30:00.000000000,-26810.393079,-552.458187,-74.645558
2022-02-19T08:45:00.000000000,-26673.631473,-746.546165,-2914.661705
2022-02-19T09:00:00.000000000,-26233.689401,-969.301372,-5706.09583
2022-02-19T09:15:00.000000000,-25503.241431,-1257.019205,-8402.62721
2022-02-19T09:30:00.000000000,-24502.836173,-1643.017687,-10959.657015
2022-02-19T09:45:00.000000000,-23260.143042,-2156.239234,-13334.957441
2022-02-19T10:00:00.000000000,-21808.961531,-2820.018111,-15489.282409
2022-02-19T10:15:00.000000000,-20188.027735,-3651.054214,-17386.936403
2022-02-19T10:30:00.000000000,-18439.658602,-4658.627217,-18996.298218
2022-02-19T10:45:00.000000000,-16608.279014,-5844.077806,-20290.296235
2022-02-19T11:00:00.000000000,-14738.880436,-7200.574788,-21246.831427
2022-02-19T11:15:00.000000000,-12875.462268,-8713.178426,-21849.143758
2022-02-19T11:30:00.000000000,-11059.508262,-10359.201496,-22086.116936
2022-02-19T11:45:00.000000000,-9328.550346,-12108.860357,-21952.515725
2022-02-19T12:00:00.000000000,-7714.870675,-13926.198959,-21449.149396
2022-02-19T12:15:00.000000000,-6244.389808,-15770.259313,-20582.954335
2022-02-19T12:30:00.000000000,-4935.784321,-17596.46272,-19366.988641
2022-02-19T12:45:00.000000000,-3799.870934,-19358.157338,-17820.331669
2022-02-19T13:00:00.000000000,-2839.286241,-21008.279728,-15967.882162
2022-02-19T13:15:00.000000000,-2048.48156,-22501.071378,-13840.049826
2022-02-19T13:30:00.000000000,-1414.041234,-23793.786131,-11472.337151
2022-02-19T13:45:00.000000000,-915.320344,-24848.321654,-8904.810786
2022-02-19T14:00:00.000000000,-525.384595,-25632.707737,-6181.465065
2022-02-19T14:15:00.000000000,-212.221578,-26122.386955,-3349.483979
2022-02-19T14:30:00.000000000,59.82049,-26301.229084,-458.412002
2022-02-19T14:45:00.000000000,328.422378,-26162.229811,2440.751495
2022-02-19T15:00:00.000000000,631.577626,-25707.856549,5296.515488
2022-02-19T15:15:00.000000000,1005.843545,-24950.019015,8057.895744
2022-02-19T15:30:00.000000000,1484.636174,-23909.659141,10675.42316
2022-02-19T15:45:00.000000000,2096.645843,-22615.972756,13102.134878
2022-02-19T16:00:00.000000000,2864.445705,-21105.293371,15294.520542
2022-02-19T16:15:00.000000000,3803.357249,-19419.685103,17213.396852
2022-02-19T16:30:00.000000000,4920.624952,-17605.306145,18824.68578
2022-02-19T16:45:00.000000000,6214.937354,-15710.615369,20100.075289
2022-02-19T17:00:00.000000000,7676.315044,-13784.501779,21017.545776
2022-02-19T17:15:00.000000000,9286.368356,-11874.419392,21561.750652
2022-02-19T17:30:00.000000000,11018.910088,-10024.608367,21724.244964
2022-02-19T17:45:00.000000000,12840.892341,-8274.477503,21503.561364
2022-02-19T18:00:00.000000000,14713.622542,-6657.213641,20905.137918
2022-02-19T18:15:00.000000000,16594.202525,-5198.671303,19941.106639
2022-02-19T18:30:00.000000000,18437.126614,-3916.581553,18629.955304
2022-02-19T18:45:00.000000000,20195.970218,-2820.103833,16996.077776
2022-02-19T19:00:00.000000000,21825.099351,-1909.729038,15069.229752
2022-02-19T19:15:00.000000000,23281.333527,-1177.527408,12883.907641
2022-02-19T19:30:00.000000000,24525.499214,-607.721298,10478.668214
2022-02-19T19:45:00.000000000,25523.818009,-177.551215,7895.405869
2022-02-19T20:00:00.000000000,26249.082243,141.606027,5178.603179
2022-02-19T20:15:00.000000000,26681.580506,382.915634,2374.568645
2022-02-19T20:30:00.000000000,26809.745906,582.613277,-469.326159
2022-02-19T20:45:00.000000000,26630.510425,778.440283,-3305.399739
2022-02-19T21:00:00.000000000,26149.359143,1008.043171,-6086.395634
2022-02-19T21:15:00.000000000,25380.088006,1307.394262,-8766.192263
2022-02-19T21:30:00.000000000,24344.278103,1709.287692,-11300.482073
2022-02-19T21:45:00.000000000,23070.507898,2241.96143,-13647.415522
2022-02-19T22:00:00.000000000,21593.332393,2927.89093,-15768.206126
2022-02-19T22:15:00.000000000,19952.06483,3782.794203,-17627.693206
2022-02-19T22:30:00.000000000,18189.402074,4814.881373,-19194.859099
2022-02-19T22:45:00.000000000,16349.939377,6024.374391,-20443.297414
2022-02-19T23:00:00.000000000,14478.623618,7403.314531,-21351.628453
2022-02-19T23:15:00.000000000,12619.196414,8935.666863,-21903.857399
2022-02-19T23:30:00.000000000,10812.679535,10597.721922,-22089.670084
2022-02-19T23:45:00.000000000,9095.954834,12358.785591,-21904.660487
2022-02-19T00:00:00.000000000,7931.912066,13670.81679,-21540.824688
2022-02-19T00:15:00.000000000,6440.54998,15513.983932,-20724.230691
2022-02-19T00:30:00.000000000,5108.938165,17345.606814,-19555.6918
2022-02-19T00:45:00.000000000,3949.001944,19119.221319,-18053.463726
2022-02-19T01:00:00.000000000,2964.512118,20787.718094,-16241.655784
2022-02-19T01:15:00.000000000,2151.035651,22305.055199,-14149.937453
2022-02-19T01:30:00.000000000,1496.209383,23627.970735,-11813.135473
2022-02-19T01:45:00.000000000,980.334469,24717.628786,-9270.720433
2022-02-19T02:00:00.000000000,577.276174,25541.131377,-6566.184932
2022-02-19T02:15:00.000000000,255.640087,26072.831403,-3746.319092
2022-02-19T02:30:00.000000000,-19.817408,26295.386917,-860.39322
2022-02-19T02:45:00.000000000,-286.598656,26200.505887,2040.738221
2022-02-19T03:00:00.000000000,-582.758883,25789.342342,4905.593135
2022-02-19T03:15:00.000000000,-945.157174,25072.5194,7683.05681
2022-02-19T03:30:00.000000000,-1407.740754,24069.771335,10323.390475
2022-02-19T03:45:00.000000000,-1999.939476,22809.21461,12779.226443
2022-02-19T04:00:00.000000000,-2745.243707,21326.275814,15006.522215
2022-02-19T04:15:00.000000000,-3660.031014,19662.321318,16965.446481
2022-02-19T04:30:00.000000000,-4752.695619,17863.048273,18621.172018
2022-02-19T04:45:00.000000000,-6023.120122,15976.708194,19944.553777
2022-02-19T05:00:00.000000000,-7462.512338,14052.242164,20912.674705
2022-02-19T05:15:00.000000000,-9053.612526,12137.410056,21509.246993
2022-02-19T05:30:00.000000000,-10771.25867,10276.995131,21724.861871
2022-02-19T05:45:00.000000000,-12583.281025,8511.160141,21557.086549
2022-02-19T06:00:00.000000000,-14451.68277,6874.021984,21010.412086
2022-02-19T06:15:00.000000000,-16334.052018,5392.500038,20096.06054
2022-02-19T06:30:00.000000000,-18185.141983,4085.479269,18831.663482
2022-02-19T06:45:00.000000000,-19958.551257,2963.313937,17240.826812
2022-02-19T07:00:00.000000000,-21608.434554,2027.682301,15352.598594
2022-02-19T07:15:00.000000000,-23091.175914,1271.787874,13200.857569
2022-02-19T07:30:00.000000000,-24366.960787,680.889023,10823.64003
2022-02-19T07:45:00.000000000,-25401.190048,233.126837,8262.422044
2022-02-19T08:00:00.000000000,-26165.68743,-99.388746,5561.372868
2022-02-19T08:15:00.000000000,-26639.66143,-349.282198,2766.593735
2022-02-19T08:30:00.000000000,-26810.393079,-552.458187,-74.645558
2022-02-19T08:45:00.000000000,-26673.631473,-746.546165,-2914.661705
2022-02-19T09:00:00.000000000,-26233.689401,-969.301372,-5706.09583
2022-02-19T09:15:00.000000000,-25503.241431,-1257.019205,-8402.62721
2022-02-19T09:30:00.000000000,-24502.836173,-1643.017687,-10959.657015
2022-02-19T09:45:00.000000000,-23260.143042,-2156.239234,-13334.957441
2022-02-19T10:00:00.000000000,-21808.961531,-2820.018111,-15489.282409
2022-02-19T10:15:00.000000000,-20188.027735,-3651.054214,-17386.936403
2022-02-19T10:30:00.000000000,-18439.658602,-4658.627217,-18996.298218
2022-02-19T10:45:00.000000000,-16608.279014,-5844.077806,-20290.296235
2022-02-19T11:00:00.000000000,-14738.880436,-7200.574788,-21246.831427
2022-02-19T11:15:00.000000000,-12875.462268,-8713.178426,-21849.143758
2022-02-19T11:30:00.000000000,-11059.508262,-10359.201496,-22086.116936
2022-02-19T11:45:00.000000000,-9328.550346,-12108.860357,-21952.515725
2022-02-19T12:00:00.000000000,-7714.870675,-13926.198959,-21449.149396
2022-02-19T12:15:00.000000000,-6244.389808,-15770.259313,-20582.954335
2022-02-19T12:30:00.000000000,-4935.784321,-17596.46272,-19366.988641
2022-02-19T12:45:00.000000000,-3799.870934,-19358.157338,-17820.331669
2022-02-19T13:00:00.000000000,-2839.286241,-21008.279728,-15967.882162
2022-02-19T13:15:00.000000000,-2048.48156,-22501.071378,-13840.049826
2022-02-19T13:30:00.000000000,-1414.041234,-23793.786131,-11472.337151
2022-02-19T13:45:00.000000000,-915.320344,-24848.321654,-8904.810786
2022-02-19T14:00:00.000000000,-525.384595,-25632.707737,-6181.465065
2022-02-19T14:15:00.000000000,-212.221578,-26122.386955,-3349.483979
2022-02-19T14:30:00.000000000,59.82049,-26301.229084,-458.412002
2022-02-19T14:45:00.000000000,328.422378,-26162.229811,2440.751495
2022-02-19T15:00:00.000000000,631.577626,-25707.856549,5296.515488
2022-02-19T15:15:00.000000000,1005.843545,-24950.019015,8057.895744
2022-02-19T15:30:00.000000000,1484.636174,-23909.659141,10675.42316
2022-02-19T15:45:00.000000000,2096.645843,-22615.972756,13102.134878
2022-02-19T16:00:00.000000000,2864.445705,-21105.293371,15294.520542
2022-02-19T16:15:00.000000000,3803.357249,-19419.685103,17213.396852
2022-02-19T16:30:00.000000000,4920.624952,-17605.306145,18824.68578
2022-02-19T16:45:00.000000000,6214.937354,-15710.615369,20100.075289
2022-02-19T17:00:00.000000000,7676.315044,-13784.501779,21017.545776
2022-02-19T17:15:00.000000000,9286.368356,-11874.419392,21561.750652
2022-02-19T17:30:00.000000000,11018.910088,-10024.608367,21724.244964
2022-02-19T17:45:00.000000000,12840.892341,-8274.477503,21503.561364
2022-02-19T18:00:00.000000000,14713.622542,-6657.213641,20905.137918
2022-02-19T18:15:00.000000000,16594.202525,-5198.671303,19941.106639
2022-02-19T18:30:00.000000000,18437.126614,-3916.581553,18629.955304
2022-02-19T18:45:00.000000000,20195.970218,-2820.103833,16996.077776
2022-02-19T19:00:00.000000000,21825.099351,-1909.729038,15069.229752
2022-02-19T19:15:00.000000000,23281.333527,-1177.527408,12883.907641
2022-02-19T19:30:00.000000000,24525.499214,-607.721298,10478.668214
2022-02-19T19:45:00.000000000,25523.818009,-177.551215,7895.405869
2022-02-19T20:00:00.000000000,26249.082243,141.606027,5178.603179
2022-02-19T20:15:00.000000000,26681.580506,382.915634,2374.568645
2022-02-19T20:30:00.000000000,26809.745906,582.613277,-469.326159
2022-02-19T20:45:00.000000000,26630.510425,778.440283,-3305.399739
2022-02-19T21:00:00.000000000,26149.359143,1008.043171,-6086.395634
2022-02-19T21:15:00.000000000,25380.088006,1307.394262,-8766.192263
2022-02-19T21:30:00.000000000,24344.278103,1709.287692,-11300.482073
2022-02-19T21:45:00.000000000,23070.507898,2241.96143,-13647.415522
2022-02-19T22:00:00.000000000,21593.332393,2927.89093,-15768.206126
2022-02-19T22:15:00.000000000,19952.06483,3782.794203,-17627.693206
2022-02-19T22:30:00.000000000,18189.402074,4814.881373,-19194.859099
2022-02-19T22:45:00.000000000,16349.939377,6024.374391,-20443.297414
2022-02-19T23:00:00.000000000,14478.623618,7403.314531,-21351.628453
2022-02-19T23:15:00.000000000,12619.196414,8935.666863,-21903.857399
2022-02-19T23:30:00.000000000,10812.679535,10597.721922,-22089.670084
2022-02-19T23:45:00.000000000,9095.954834,12358.785591,-21904.660487
2022-02-19T00:00:00.000000000,7931.912066,13670.81679,-21540.824688
2022-02-19T00:15:00.000000000,6440.54998,15513.983932,-20724.230691
2022-02-19T00:30:00.000000000,5108.938165,17345.606814,-19555.6918
2022-02-19T00:45:00.000000000,3949.001944,19119.221319,-18053.463726
2022-02-19T01:00:00.000000000,2964.512118,20787.718094,-16241.655784
2022-02-19T01:15:00.000000000,2151.035651,22305.055199,-14149.937453
2022-02-19T01:30:00.000000000,1496.209383,23627.970735,-11813.135473
2022-02-19T01:45:00.000000000,980.334469,24717.628786,-9270.720433
2022-02-19T02:00:00.000000000,577.276174,25541.131377,-6566.184932
2022-02-19T02:15:00.000000000,255.640087,26072.831403,-3746.319092
2022-02-19T02:30:00.000000000,-19.817408,26295.386917,-860.39322
2022-02-19T02:45:00.000000000,-286.598656,26200.505887,2040.738221
2022-02-19T03:00:00.000000000,-582.758883,25789.342342,4905.593135
2022-02-19T03:15:00.000000000,-945.157174,25072.5194,7683.05681
2022-02-19T03:30:00.000000000,-1407.740754,24069.771335,10323.390475
2022-02-19T03:45:00.000000000,-1999.939476,22809.21461,12779.226443
2022-02-19T04:00:00.000000000,-2745.243707,21326.275814,15006.522215
2022-02-19T04:15:00.000000000,-3660.031014,19662.321318,16965.446481
2022-02-19T04:30:00.000000000,-4752.695619,17863.048273,18621.172018
2022-02-19T04:45:00.000000000,-6023.120122,15976.708194,19944.553777
2022-02-19T05:00:00.000000000,-7462.512338,14052.242164,20912.674705
2022-02-19T05:15:00.000000000,-9053.612526,12137.410056,21509.246993
2022-02-19T05:30:00.000000000,-10771.25867,10276.995131,21724.861871
2022-02-19T05:45:00.000000000,-12583.281025,8511.160141,21557.086549
2022-02-19T06:00:00.000000000,-14451.68277,6874.021984,21010.412086
2022-02-19T06:15:00.000000000,-16334.052018,5392.500038,20096.06054
2022-02-19T06:30:00.000000000,-18185.141983,4085.479269,18831.663482
2022-02-19T06:45:00.000000000,-19958.551257,2963.313937,17240.826812
2022-02-19T07:00:00.000000000,-21608.434554,2027.682301,15352.598594
2022-02-19T07:15:00.000000000,-23091.175914,1271.787874,13200.857569
2022-02-19T07:30:00.000000000,-24366.960787,680.889023,10823.64003
2022-02-19T07:45:00.000000000,-25401.190048,233.126837,8262.422044
2022-02-19T08:00:00.000000000,-26165.68743,-99.388746,5561.372868
2022-02-19T08:15:00.000000000,-26639.66143,-349.282198,2766.593735
2022-02-19T08:30:00.000000000,-26810.393079,-552.458187,-74.645558
2022-02-19T08:45:00.000000000,-26673.631473,-746.546165,-2914.661705
2022-02-19T09:00:00.000000000,-26233.689401,-969.301372,-5706.09583
2022-02-19T09:15:00.000000000,-25503.241431,-1257.019205,-8402.62721
2022-02-19T09:30:00.000000000,-24502.836173,-1643.017687,-10959.657015
2022-02-19T09:45:00.000000000,-23260.143042,-2156.239234,-13334.957441
2022-02-19T10:00:00.000000000,-21808.961531,-2820.018111,-15489.282409
2022-02-19T10:15:00.000000000,-20188.027735,-3651.054214,-17386.936403
2022-02-19T10:30:00.000000000,-18439.658602,-4658.627217,-18996.298218
2022-02-19T10:45:00.000000000,-16608.279014,-5844.077806,-20290.296235
2022-02-19T11:00:00.000000000,-14738.880436,-7200.574788,-21246.831427
2022-02-19T11:15:00.000000000,-12875.462268,-8713.178426,-21849.143758
2022-02-19T11:30:00.000000000,-11059.508262,-10359.201496,-22086.116936
2022-02-19T11:45:00.000000000,-9328.550346,-12108.860357,-21952.515725
2022-02-19T12:00:00.000000000,-7714.870675,-13926.198959,-21449.149396
2022-02-19T12:15:00.000000000,-6244.389808,-15770.259313,-20582.954335
2022-02-19T12:30:00.000000000,-4935.784321,-17596.46272,-19366.988641
2022-02-19T12:45:00.000000000,-3799.870934,-19358.157338,-17820.331669
2022-02-19T13:00:00.000000000,-2839.286241,-21008.279728,-15967.882162
2022-02-19T13:15:00.000000000,-2048.48156,-22501.071378,-13840.049826
2022-02-19T13:30:00.000000000,-1414.041234,-23793.786131,-11472.337151
2022-02-19T13:45:00.000000000,-915.320344,-24848.321654,-8904.810786
2022-02-19T14:00:00.000000000,-525.384595,-25632.707737,-6181.465065
2022-02-19T14:15:00.000000000,-212.221578,-26122.386955,-3349.483979
2022-02-19T14:30:00.000000000,59.82049,-26301.229084,-458.412002
2022-02-19T14:45:00.000000000,328.422378,-26162.229811,2440.751495
2022-02-19T15:00:00.000000000,631.577626,-25707.856549,5296.515488
2022-02-19T15:15:00.000000000,1005.843545,-24950.019015,8057.895744
2022-02-19T15:30:00.000000000,1484.636174,-23909.659141,10675.42316
2022-02-19T15:45:00.000000000,2096.645843,-22615.972756,13102.134878
2022-02-19T16:00:00.000000000,2864.445705,-21105.293371,15294.520542
2022-02-19T16:15:00.000000000,3803.357249,-19419.685103,17213.396852
2022-02-19T16:30:00.000000000,4920.624952,-17605.306145,18824.68578
2022-02-19T16:45:00.000000000,6214.937354,-15710.615369,20100.075289
2022-02-19T17:00:00.000000000,7676.315044,-13784.501779,21017.545776
2022-02-19T17:15:00.000000000,9286.368356,-11874.419392,21561.750652
2022-02-19T17:30:00.000000000,11018.910088,-10024.608367,21724.244964
2022-02-19T17:45:00.000000000,12840.892341,-8274.477503,21503.561364
2022-02-19T18:00:00.000000000,14713.622542,-6657.213641,20905.137918
2022-02-19T18:15:00.000000000,16594.202525,-5198.671303,19941.106639
2022-02-19T18:30:00.000000000,18437.126614,-3916.581553,18629.955304
2022-02-19T18:45:00.000000000,20195.970218,-2820.103833,16996.077776
2022-02-19T19:00:00.000000000,21825.099351,-1909.729038,15069.229752
2022-02-19T19:15:00.000000000,23281.333527,-1177.527408,12883.907641
2022-02-19T19:30:00.000000000,24525.499214,-607.721298,10478.668214
2022-02-19T19:45:00.000000000,25523.818009,-177.551215,7895.405869
2022-02-19T20:00:00.000000000,26249.082243,141.606027,5178.603179
2022-02-19T20:15:00.000000000,26681.580506,382.915634,2374.568645
2022-02-19T20:30:00.000000000,26809.745906,582.613277,-469.326159
2022-02-19T20:45:00.000000000,26630.510425,778.440283,-3305.399739
2022-02-19T21:00:00.000000000,26149.359143,1008.043171,-6086.395634
2022-02-19T21:15:00.000000000,25380.088006,1307.394262,-8766.192263
2022-02-19T21:30:00.000000000,24344.278103,1709.287692,-11300.482073
2022-02-19T21:45:00.000000000,23070.507898,2241.96143,-13647.415522
2022-02-19T22:00:00.000000000,21593.332393,2927.89093,-15768.206126
2022-02-19T22:15:00.000000000,19952.06483,3782.794203,-17627.693206
2022-02-19T22:30:00.000000000,18189.402074,4814.881373,-19194.859099
2022-02-19T22:45:00.000000000,16349.939377,6024.374391,-20443.297414
2022-02-19T23:00:00.000000000,14478.623618,7403.314531,-21351.628453
2022-02-19T23:15:00.000000000,12619.196414,8935.666863,-21903.857399
2022-02-19T23:30:00.000000000,10812.679535,10597.721922,-22089.670084
2022-02-19T23:45:00.000000000,9095.954834,12358.785591,-21904.660487
2022-02-19T00:00:00.000000000,7931.912066,13670.81679,-21540.824688
2022-02-19T00:15:00.000000000,6440.54998,15513.983932,-20724.230691
2022-02-19T00:30:00.000000000,5108.938165,17345.606814,-19555.6918
2022-02-19T00:45:00.000000000,3949.001944,19119.221319,-18053.463726
2022-02-19T01:00:00.000000000,2964.512118,20787.718094,-16241.655784
2022-02-19T01:15:00.000000000,2151.035651,22305.055199,-14149.937453
2022-02-19T01:30:00.000000000,1496.209383,23627.970735,-11813.135473
2022-02-19T01:45:00.000000000,980.334469,24717.628786,-9270.720433
2022-02-19T02:00:00.000000000,577.276174,25541.131377,-6566.184932
2022-02-19T02:15:00.000000000,255.640087,26072.831403,-3746.319092
2022-02-19T02:30:00.000000000,-19.817408,26295.386917,-860.39322
2022-02-19T02:45:00.000000000,-286.598656,26200.505887,2040.738221
2022-02-19T03:00:00.000000000,-582.758883,25789.342342,4905.593135
2022-02-19T03:15:00.000000000,-945.157174,25072.5194,7683.05681
2022-02-19T03:30:00.000000000,-1407.740754,24069.771335,10323.390475
2022-02-19T03:45:00.000000000,-1999.939476,22809.21461,12779.226443
2022-02-19T04:00:00.000000000,-2745.243707,21326.275814,15006.522215
2022-02-19T04:15:00.000000000,-3660.031014,19662.321318,16965.446481
2022-02-19T04:30:00.000000000,-4752.695619,17863.048273,18621.172018
2022-02-19T04:45:00.000000000,-6023.120122,15976.708194,19944.553777
2022-02-19T05:00:00.000000000,-7462.512338,14052.242164,20912.674705
2022-02-19T05:15:00.000000000,-9053.612526,12137.410056,21509.246993
2022-02-19T05:30:00.000000000,-10771.25867,10276.995131,21724.861871
2022-02-19T05:45:00.000000000,-12583.281025,8511.160141,21557.086549
2022-02-19T06:00:00.000000000,-14451.68277,6874.021984,21010.412086
2022-02-19T06:15:00.000000000,-16334.052018,5392.500038,20096.06054
2022-02-19T06:30:00.000000000,-18185.141983,4085.479269,18831.663482
2022-02-19T06:45:00.000000000,-19958.551257,2963.313937,17240.826812
2022-02-19T07:00:00.000000000,-21608.434554,2027.682301,15352.598594
2022-02-19T07:15:00.000000000,-23091.175914,1271.787874,13200.857569
2022-02-19T07:30:00.000000000,-24366.960787,680.889023,10823.64003
2022-02-19T07:45:00.000000000,-25401.190048,233.126837,8262.422044
2022-02-19T08:00:00.000000000,-26165.68743,-99.388746,5561.372868
2022-02-19T08:15:00.000000000,-26639.66143,-349.282198,2766.593735
2022-02-19T08:30:00.000000000,-26810.393079,-552.458187,-74.645558
2022-02-19T08:45:00.000000000,-26673.631473,-746.546165,-2914.661705
2022-02-19T09:00:00.000000000,-26233.689401,-969.301372,-5706.09583
2022-02-19T09:15:00.000000000,-25503.241431,-1257.019205,-8402.62721
2022-02-19T09:30:00.000000000,-24502.836173,-1643.017687,-10959.657015
2022-02-19T09:45:00.000000000,-23260.143042,-2156.239234,-13334.957441
2022-02-19T10:00:00.000000000,-21808.961531,-2820.018111,-15489.282409
2022-02-19T10:15:00.000000000,-20188.027735,-3651.054214,-17386.936403
2022-02-19T10:30:00.000000000,-18439.658602,-4658.627217,-18996.298218
2022-02-19T10:45:00.000000000,-16608.279014,-5844.077806,-20290.296235
2022-02-19T11:00:00.000000000,-14738.880436,-7200.574788,-21246.831427
2022-02-19T11:15:00.000000000,-12875.462268,-8713.178426,-21849.143758
2022-02-19T11:30:00.000000000,-11059.508262,-10359.201496,-22086.116936
2022-02-19T11:45:00.000000000,-9328.550346,-12108.860357,-21952.515725
2022-02-19T12:00:00.000000000,-7714.870675,-13926.198959,-21449.149396
2022-02-19T12:15:00.000000000,-6244.389808,-15770.259313,-20582.954335
2022-02-19T12:30:00.000000000,-4935.784321,-17596.46272,-19366.988641
2022-02-19T12:45:00.000000000,-3799.870934,-19358.157338,-17820.331669
2022-02-19T13:00:00.000000000,-2839.286241,-21008.279728,-15967.882162
2022-02-19T13:15:00.000000000,-2048.48156,-22501.071378,-13840.049826
2022-02-19T13:30:00.000000000,-1414.041234,-23793.786131,-11472.337151
2022-02-19T13:45:00.000000000,-915.320344,-24848.321654,-8904.810786
2022-02-19T14:00:00.000000000,-525.384595,-25632.707737,-6181.465065
2022-02-19T14:15:00.000000000,-212.221578,-26122.386955,-3349.483979
2022-02-19T14:30:00.000000000,59.82049,-26301.229084,-458.412002
2022-02-19T14:45:00.000000000,328.422378,-26162.229811,2440.751495
2022-02-19T15:00:00.000000000,631.577626,-25707.856549,5296.515488
2022-02-19T15:15:00.000000000,1005.843545,-24950.019015,8057.895744
2022-02-19T15:30:00.000000000,1484.636174,-23909.659141,10675.42316
2022-02-19T15:45:00.000000000,2096.645843,-22615.972756,13102.134878
2022-02-19T16:00:00.000000000,2864.445705,-21105.293371,15294.520542
2022-02-19T16:15:00.000000000,3803.357249,-19419.685103,17213.396852
2022-02-19T16:30:00.000000000,4920.624952,-17605.306145,18824.68578
2022-02-19T16:45:00.000000000,6214.937354,-15710.615369,20100.075289
2022-02-19T17:00:00.000000000,7676.315044,-13784.501779,21017.545776
2022-02-19T17:15:00.000000000,9286.368356,-11874.419392,21561.750652
2022-02-19T17:30:00.000000000,11018.910088,-10024.608367,21724.244964
2022-02-19T17:45:00.000000000,12840.892341,-8274.477503,21503.561364
2022-02-19T18:00:00.000000000,14713.622542,-6657.213641,20905.137918
2022-02-19T18:15:00.000000000,16594.202525,-5198.671303,19941.106639
2022-02-19T18:30:00.000000000,18437.126614,-3916.581553,18629.955304
2022-02-19T18:45:00.000000000,20195.970218,-2820.103833,16996.077776
2022-02-19T19:00:00.000000000,21825.099351,-1909.729038,15069.229752
2022-02-19T19:15:00.000000000,23281.333527,-1177.527408,12883.907641
2022-02-19T19:30:00.000000000,24525.499214,-607.721298,10478.668214
2022-02-19T19:45:00.000000000,25523.818009,-177.551215,7895.405869
2022-02-19T20:00:00.000000000,26249.082243,141.606027,5178.603179
2022-02-19T20:15:00.000000000,26681.580506,382.915634,2374.568645
2022-02-19T20:30:00.000000000,26809.745906,582.613277,-469.326159
2022-02-19T20:45:00.000000000,26630.510425,778.440283,-3305.399739
2022-02-19T21:00:00.000000000,26149.359143,1008.043171,-6086.395634
2022-02-19T21:15:00.000000000,25380.088006,1307.394262,-8766.192263
2022-02-19T21:30:00.000000000,24344.278103,1709.287692,-11300.482073
2022-02-19T21:45:00.000000000,23070.507898,2241.96143,-13647.415522
2022-02-19T22:00:00.000000000,21593.332393,2927.89093,-15768.206126
2022-02-19T22:15:00.000000000,19952.06483,3782.794203,-17627.693206
2022-02-19T22:30:00.000000000,18189.402074,4814.881373,-19194.859099
2022-02-19T22:45:00.000000000,16349.939377,6024.374391,-20443.297414
2022-02-19T23:00:00.000000000,14478.623618,7403.314531,-21351.628453
2022-02-19T23:15:00.000000000,12619.196414,8935.666863,-21903.857399
2022-02-19T23:30:00.000000000,10812.679535,10597.721922,-22089.670084
2022-02-19T23:45:00.000000000,9095.954834,12358.785591,-21904.660487
2022-02-19T00:00:00.000000000,7931.912066,13670.81679,-21540.824688
2022-02-19T00:15:00.000000000,6440.54998,15513.983932,-20724.230691
2022-02-19T00:30:00.000000000,5108.938165,17345.606814,-19555.6918
2022-02-19T00:45:00.000000000,3949.001944,19119.221319,-18053.463726
2022-02-19T01:00:00.000000000,2964.512118,20787.718094,-16241.655784
2022-02-19T01:15:00.000000000,2151.035651,22305.055199,-14149.937453
2022-02-19T01:30:00.000000000,1496.209383,23627.970735,-11813.135473
2022-02-19T01:45:00.000000000,980.334469,24717.628786,-9270.720433
2022-02-19T02:00:00.000000000,577.276174,25541.131377,-6566.184932
2022-02-19T02:15:00.000000000,255.640087,26072.831403,-3746.319092
2022-02-19T02:30:00.000000000,-19.817408,26295.386917,-860.39322
2022-02-19T02:45:00.000000000,-286.598656,26200.505887,2040.738221
2022-02-19T03:00:00.000000000,-582.758883,25789.342342,4905.593135
2022-02-19T03:15:00.000000000,-945.157174,25072.5194,7683.05681
2022-02-19T03:30:00.000000000,-1407.740754,24069.771335,10323.390475
2022-02-19T03:45:00.000000000,-1999.939476,22809.21461,12779.226443
2022-02-19T04:00:00.000000000,-2745.243707,21326.275814,15006.522215
2022-02-19T04:15:00.000000000,-3660.031014,19662.321318,16965.446481
2022-02-19T04:30:00.000000000,-4752.695619,17863.048273,18621.172018
2022-02-19T04:45:00.000000000,-6023.120122,15976.708194,19944.553777
2022-02-19T05:00:00.000000000,-7462.512338,14052.242164,20912.674705
2022-02-19T05:15:00.000000000,-9053.612526,12137.410056,21509.246993
2022-02-19T05:30:00.000000000,-10771.25867,10276.995131,21724.861871
2022-02-19T05:45:00.000000000,-12583.281025,8511.160141,21557.086549
2022-02-19T06:00:00.000000000,-14451.68277,6874.021984,21010.412086
2022-02-19T06:15:00.000000000,-16334.052018,5392.500038,20096.06054
2022-02-19T06:30:00.000000000,-18185.141983,4085.479269,18831.663482
2022-02-19T06:45:00.000000000,-19958.551257,2963.313937,17240.826812
2022-02-19T07:00:00.000000000,-21608.434554,2027.682301,15352.598594
2022-02-19T07:15:00.000000000,-23091.175914,1271.787874,13200.857569
2022-02-19T07:30:00.000000000,-24366.960787,680.889023,10823.64003
2022-02-19T07:45:00.000000000,-25401.190048,233.126837,8262.422044
2022-02-19T08:00:00.000000000,-26165.68743,-99.388746,5561.372868
2022-02-19T08:15:00.000000000,-26639.66143,-349.282198,2766.593735
2022-02-19T08:30:00.000000000,-26810.393079,-552.458187,-74.645558
2022-02-19T08:45:00.000000000,-26673.631473,-746.546165,-2914.661705
2022-02-19T09:00:00.000000000,-26233.689401,-969.301372,-5706.09583
2022-02-19T09:15:00.000000000,-25503.241431,-1257.019205,-8402.62721
2022-02-19T09:30:00.000000000,-24502.836173,-1643.017687,-10959.657015
2022-02-19T09:45:00.000000000,-23260.143042,-2156.239234,-13334.957441
2022-02-19T10:00:00.000000000,-21808.961531,-2820.018111,-15489.282409
2022-02-19T10:15:00.000000000,-20188.027735,-3651.054214,-17386.936403
2022-02-19T10:30:00.000000000,-18439.658602,-4658.627217,-18996.298218
2022-02-19T10:45:00.000000000,-16608.279014,-5844.077806,-20290.296235
2022-02-19T11:00:00.000000000,-14738.880436,-7200.574788,-21246.831427
2022-02-19T11:15:00.000000000,-12875.462268,-8713.178426,-21849.143758
2022-02-19T11:30:00.000000000,-11059.508262,-10359.201496,-22086.116936
2022-02-19T11:45:00.000000000,-9328.550346,-12108.860357,-21952.515725
2022-02-19T12:00:00.000000000,-7714.870675,-13926.198959,-21449.149396
2022-02-19T12:15:00.000000000,-6244.389808,-15770.259313,-20582.954335
2022-02-19T12:30:00.000000000,-4935.784321,-17596.46272,-19366.988641
2022-02-19T12:45:00.000000000,-3799.870934,-19358.157338,-17820.331669
2022-02-19T13:00:00.000000000,-2839.286241,-21008.279728,-15967.882162
2022-02-19T13:15:00.000000000,-2048.48156,-22501.071378,-13840.049826
2022-02-19T13:30:00.000000000,-1414.041234,-23793.786131,-11472.337151
2022-02-19T13:45:00.000000000,-915.320344,-24848.321654,-8904.810786
2022-02-19T14:00:00.000000000,-525.384595,-25632.707737,-6181.465065
2022-02-19T14:15:00.000000000,-212.221578,-26122.386955,-3349.483979
2022-02-19T14:30:00.000000000,59.82049,-26301.229084,-458.412002
2022-02-19T14:45:00.000000000,328.422378,-26162.229811,2440.751495
2022-02-19T15:00:00.000000000,631.577626,-25707.856549,5296.515488
2022-02-19T15:15:00.000000000,1005.843545,-24950.019015,8057.895744
2022-02-19T15:30:00.000000000,1484.636174,-23909.659141,10675.42316
2022-02-19T15:45:00.000000000,2096.645843,-22615.972756,13102.134878
2022-02-19T16:00:00.000000000,2864.445705,-21105.293371,15294.520542
2022-02-19T16:15:00.000000000,3803.357249,-19419.685103,17213.396852
2022-02-19T16:30:00.000000000,4920.624952,-17605.306145,18824.68578
2022-02-19T16:45:00.000000000,6214.937354,-15710.615369,20100.075289
2022-02-19T17:00:00.000000000,7676.315044,-13784.501779,21017.545776
2022-02-19T17:15:00.000000000,9286.368356,-11874.419392,21561.750652
2022-02-19T17:30:00.000000000,11018.910088,-10024.608367,21724.244964
2022-02-19T17:45:00.000000000,12840.892341,-8274.477503,21503.561364
2022-02-19T18:00:00.000000000,14713.622542,-6657.213641,20905.137918
2022-02-19T18:15:00.000000000,16594.202525,-5198.671303,19941.106639
2022-02-19T18:30:00.000000000,18437.126614,-3916.581553,18629.955304
2022-02-19T18:45:00.000000000,20195.970218,-2820.103833,16996.077776
2022-02-19T19:00:00.000000000,21825.099351,-1909.729038,15069.229752
2022-02-19T19:15:00.000000000,23281.333527,-1177.527408,12883.907641
2022-02-19T19:30:00.000000000,24525.499214,-607.721298,10478.668214
2022-02-19T19:45:00.000000000,25523.818009,-177.551215,7895.405869
2022-02-19T20:00:00.000000000,26249.082243,141.606027,5178.603179
2022-02-19T20:15:00.000000000,26681.580506,382.915634,2374.568645
2022-02-19T20:30:00.000000000,26809.745906,582.613277,-469.326159
2022-02-19T20:45:00.000000000,26630.510425,778.440283,-3305.399739
2022-02-19T21:00:00.000000000,26149.359143,1008.043171,-6086.395634
2022-02-19T21:15:00.000000000,25380.088006,1307.394262,-8766.192263
2022-02-19T21:30:00.000000000,24344.278103,1709.287692,-11300.482073
2022-02-19T21:45:00.000000000,23070.507898,2241.96143,-13647.415522
2022-02-19T22:00:00.000000000,21593.332393,2927.89093,-15768.206126
2022-02-19T22:15:00.000000000,19952.06483,3782.794203,-17627.693206
2022-02-19T22:30:00.000000000,18189.402074,4814.881373,-19194.859099
2022-02-19T22:45:00.000000000,16349.939377,6024.374391,-20443.297414
2022-02-19T23:00:00.000000000,14478.623618,7403.314531,-21351.628453
2022-02-19T23:15:00.000000000,12619.196414,8935.666863,-21903.857399
2022-02-19T23:30:00.000000000,10812.679535,10597.721922,-22089.670084
2022-02-19T23:45:00.000000000,9095.954834,12358.785591,-21904.660487
2022-02-18T00:00:00.000000000,8373.878082,13161.427198,-21703.452839
2022-02-18T00:15:00.000000000,6841.915213,15000.312528,-20986.770635
2022-02-18T00:30:00.000000000,5465.011254,16840.150003,-19914.140531
2022-02-18T00:45:00.000000000,4257.287415,18634.944029,-18502.159624
2022-02-18T01:00:00.000000000,3224.779332,20337.590114,-16773.341084
2022-02-18T01:15:00.000000000,2365.30002,21901.576234,-14755.850478
2022-02-18T01:30:00.000000000,1668.624265,23282.702077,-12483.133407
2022-02-18T01:45:00.000000000,1116.995676,24440.75017,-9993.432632
2022-02-18T02:00:00.000000000,685.944688,25341.041476,-7329.195849
2022-02-18T02:15:00.000000000,345.392303,25955.809484,-4536.378816
2022-02-18T02:30:00.000000000,61.000987,26265.33137,-1663.652471
2022-02-18T02:45:00.000000000,-204.278331,26258.762586,1238.472974
2022-02-18T03:00:00.000000000,-488.525189,25934.632254,4118.589883
2022-02-18T03:15:00.000000000,-829.104872,25300.970603,6925.379981
2022-02-18T03:30:00.000000000,-1260.935688,24375.055836,9608.621808
2022-02-18T03:45:00.000000000,-1814.845471,23182.785409,12120.192372
2022-02-18T04:00:00.000000000,-2516.091906,21757.694735,14415.035375
2022-02-18T04:15:00.000000000,-3383.114648,20139.66366,16452.068694
2022-02-18T04:30:00.000000000,-4426.576673,18373.366524,18195.005376
2022-02-18T04:45:00.000000000,-5648.738607,16506.534209,19613.065445
2022-02-18T05:00:00.000000000,-7043.193623,14588.105491,20681.559783
2022-02-18T05:15:00.000000000,-8594.973064,12666.349616,21382.332304
2022-02-18T05:30:00.000000000,-10281.015243,10787.042178,21704.052051
2022-02-18T05:45:00.000000000,-12070.972981,8991.77227,21642.352277
2022-02-18T06:00:00.000000000,-13928.320452,7316.450798,21199.818958
2022-02-18T06:15:00.000000000,-15811.70748,5790.078598,20385.835866
2022-02-18T06:30:00.000000000,-17676.500047,4433.819497,19216.297367
2022-02-18T06:45:00.000000000,-19476.439999,3260.408388,17713.203165
2022-02-18T07:00:00.000000000,-21165.354391,2273.908981,15904.151322
2022-02-18T07:15:00.000000000,-22698.845726,1469.820752,13821.747034
2022-02-18T07:30:00.000000000,-24035.898034,835.520549,11502.944907
2022-02-18T07:45:00.000000000,-25140.339834,351.011834,8988.34196
2022-02-18T08:00:00.000000000,-25982.11294,-10.055881,6321.437571
2022-02-18T08:15:00.000000000,-26538.3055,-279.14321,3547.875016
2022-02-18T08:30:00.000000000,-26793.917697,-491.404507,714.677517
2022-02-18T08:45:00.000000000,-26742.339132,-684.154538,-2130.510101
2022-02-18T09:00:00.000000000,-26385.52737,-895.275671,-4940.164921
2022-02-18T09:15:00.000000000,-25733.887285,-1161.622866,-7667.607068
2022-02-18T09:30:00.000000000,-24805.860415,-1517.481989,-10267.69234
2022-02-18T09:45:00.000000000,-23627.242374,-1993.133745,-12697.471425
2022-02-18T10:00:00.000000000,-22230.254298,-2613.571063,-14916.811694
2022-02-18T10:15:00.000000000,-20652.401332,-3397.412254,-16888.978033
2022-02-18T10:30:00.000000000,-18935.157151,-4356.045868,-18581.169473
2022-02-18T10:45:00.000000000,-17122.518467,-5493.036089,-19965.008301
2022-02-18T11:00:00.000000000,-15259.477384,-6803.809644,-21016.977972
2022-02-18T11:15:00.000000000,-13390.462195,-8275.636993,-21718.805677
2022-02-18T11:30:00.000000000,-11557.79878,-9887.911742,-22057.784704
2022-02-18T11:45:00.000000000,-9800.245101,-11612.723129,-22027.031025
2022-02-18T12:00:00.000000000,-8151.650165,-13415.707103,-21625.667855
2022-02-18T12:15:00.000000000,-6639.786319,-15257.152095,-20858.93133
2022-02-18T12:30:00.000000000,-5285.399634,-17093.326271,-19738.190161
2022-02-18T12:45:00.000000000,-4101.517303,-18877.984199,-18280.872156
2022-02-18T13:00:00.000000000,-3093.043548,-20564.002651,-16510.290985
2022-02-18T13:15:00.000000000,-2256.666308,-22105.088214,-14455.367668
2022-02-18T13:30:00.000000000,-1581.086301,-23457.493854,-12150.242968
2022-02-18T13:45:00.000000000,-1047.567884,-24581.678105,-9633.779236
2022-02-18T14:00:00.000000000,-630.798207,-25443.839474,-6948.953341
2022-02-18T14:15:00.000000000,-300.027562,-26017.260535,-4142.145886
2022-02-18T14:30:00.000000000,-20.450571,-26283.401162,-1262.33599
2022-02-18T14:45:00.000000000,245.224478,-26232.688601,1639.784876
2022-02-18T15:00:00.000000000,535.081498,-25864.963493,4512.762276
2022-02-18T15:15:00.000000000,886.249004,-25189.555213,7305.369959
2022-02-18T15:30:00.000000000,1333.17516,-24224.976267,9967.61812
2022-02-18T15:45:00.000000000,1906.002564,-22998.2432,12451.752079
2022-02-18T16:00:00.000000000,2629.116728,-21543.849514,14713.213703
2022-02-18T16:15:00.000000000,3519.934943,-19902.433178,16711.538385
2022-02-18T16:30:00.000000000,4587.991283,-18119.196499,18411.162218
2022-02-18T16:45:00.000000000,5834.359397,-16242.1482,19782.117101
2022-02-18T17:00:00.000000000,7251.438292,-14320.245914,20800.595725
2022-02-18T17:15:00.000000000,8823.108855,-12401.521317,21449.373365
2022-02-18T17:30:00.000000000,10525.251142,-10531.269641,21718.07885
2022-02-18T17:45:00.000000000,12326.595812,-8750.380648,21603.31256
2022-02-18T18:00:00.000000000,14189.868385,-7093.879577,21108.614548
2022-02-18T18:15:00.000000000,16073.172985,-5589.734961,20244.290561
2022-02-18T18:30:00.000000000,17931.553333,-4257.976438,19027.107555
2022-02-18T18:45:00.000000000,19718.663398,-3110.150521,17479.873319
2022-02-18T19:00:00.000000000,21388.478099,-2149.12685,15630.916742
2022-02-18T19:15:00.000000000,22896.975646,-1369.25244,13513.486273
2022-02-18T19:30:00.000000000,24203.727175,-756.837558,11165.084321
2022-02-18T19:45:00.000000000,25273.335698,-290.944647,8626.754711
2022-02-18T20:00:00.000000000,26076.674614,55.558446,5942.339206
2022-02-18T20:15:00.000000000,26591.885442,314.727698,3157.717539
2022-02-18T20:30:00.000000000,26805.104746,522.107066,320.043628
2022-02-18T20:45:00.000000000,26710.900657,715.183582,-2523.011221
2022-02-18T21:00:00.000000000,26312.409951,931.79091,-5323.999104
2022-02-18T21:15:00.000000000,25621.17666,1208.518503,-8036.413007
2022-02-18T21:30:00.000000000,24656.702698,1579.18151,-10615.375029
2022-02-18T21:45:00.000000000,23445.729703,2073.403185,-13018.290603
2022-02-18T22:00:00.000000000,22021.279077,2715.356914,-15205.464779
2022-02-18T22:15:00.000000000,20421.48413,3522.709358,-17140.677095
2022-02-18T22:30:00.000000000,18688.254038,4505.799697,-18791.711816
2022-02-18T22:45:00.000000000,16865.814186,5667.082752,-20130.84017
2022-02-18T23:00:00.000000000,14999.171183,7000.8559,-21135.25086
2022-02-18T23:15:00.000000000,13132.55343,8493.281309,-21787.424601
2022-02-18T23:30:00.000000000,11307.87953,10122.706252,-22075.447729
2022-02-18T23:45:00.000000000,9563.30695,11860.275035,-21993.259209
2022-02-19T00:00:00.000000000,7931.912066,13670.81679,-21540.824688
2022-02-19T00:15:00.000000000,6440.54998,15513.983932,-20724.230691
2022-02-19T00:30:00.000000000,5108.938165,17345.606814,-19555.6918
2022-02-19T00:45:00.000000000,3949.001944,19119.221319,-18053.463726
2022-02-19T01:00:00.000000000,2964.512118,20787.718094,-16241.655784
2022-02-19T01:15:00.000000000,2151.035651,22305.055199,-14149.937453
2022-02-19T01:30:00.000000000,1496.209383,23627.970735,-11813.135473
2022-02-19T01:45:00.000000000,980.334469,24717.628786,-9270.720433
2022-02-19T02:00:00.000000000,577.276174,25541.131377,-6566.184932
2022-02-19T02:15:00.000000000,255.640087,26072.831403,-3746.319092
2022-02-19T02:30:00.000000000,-19.817408,26295.386917,-860.39322
2022-02-19T02:45:00.000000000,-286.598656,26200.505887,2040.738221
2022-02-19T03:00:00.000000000,-582.758883,25789.342342,4905.593135
2022-02-19T03:15:00.000000000,-945.157174,25072.5194,7683.05681
2022-02-19T03:30:00.000000000,-1407.740754,24069.771335,10323.390475
2022-02-19T03:45:00.000000000,-1999.939476,22809.21461,12779.226443
2022-02-19T04:00:00.000000000,-2745.243707,21326.275814,15006.522215
2022-02-19T04:15:00.000000000,-3660.031014,19662.321318,16965.446481
2022-02-19T04:30:00.000000000,-4752.695619,17863.048273,18621.172018
2022-02-19T04:45:00.000000000,-6023.120122,15976.708194,19944.553777
2022-02-19T05:00:00.000000000,-7462.512338,14052.242164,20912.674705
2022-02-19T05:15:00.000000000,-9053.612526,12137.410056,21509.246993
2022-02-19T05:30:00.000000000,-10771.25867,10276.995131,21724.861871
2022-02-19T05:45:00.000000000,-12583.281025,8511.160141,21557.086549
2022-02-19T06:00:00.000000000,-14451.68277,6874.021984,21010.412086
2022-02-19T06:15:00.000000000,-16334.052018,5392.500038,20096.06054
2022-02-19T06:30:00.000000000,-18185.141983,4085.479269,18831.663482
2022-02-19T06:45:00.000000000,-19958.551257,2963.313937,17240.826812
2022-02-19T07:00:00.000000000,-21608.434554,2027.682301,15352.598594
2022-02-19T07:15:00.000000000,-23091.175914,1271.787874,13200.857569
2022-02-19T07:30:00.000000000,-24366.960787,680.889023,10823.64003
2022-02-19T07:45:00.000000000,-25401.190048,233.126837,8262.422044
2022-02-19T08:00:00.000000000,-26165.68743,-99.388746,5561.372868
2022-02-19T08:15:00.000000000,-26639.66143,-349.282198,2766.593735
2022-02-19T08:30:00.000000000,-26810.393079,-552.458187,-74.645558
2022-02-19T08:45:00.000000000,-26673.631473,-746.546165,-2914.661705
2022-02-19T09:00:00.000000000,-26233.689401,-969.301372,-5706.09583
2022-02-19T09:15:00.000000000,-25503.241431,-1257.019205,-8402.62721
2022-02-19T09:30:00.000000000,-24502.836173,-1643.017687,-10959.657015
2022-02-19T09:45:00.000000000,-23260.143042,-2156.239234,-13334.957441
2022-02-19T10:00:00.000000000,-21808.961531,-2820.018111,-15489.282409
2022-02-19T10:15:00.000000000,-20188.027735,-3651.054214,-17386.936403
2022-02-19T10:30:00.000000000,-18439.658602,-4658.627217,-18996.298218
2022-02-19T10:45:00.000000000,-16608.279014,-5844.077806,-20290.296235
2022-02-19T11:00:00.000000000,-14738.880436,-7200.574788,-21246.831427
2022-02-19T11:15:00.000000000,-12875.462268,-8713.178426,-21849.143758
2022-02-19T11:30:00.000000000,-11059.508262,-10359.201496,-22086.116936
2022-02-19T11:45:00.000000000,-9328.550346,-12108.860357,-21952.515725
2022-02-19T12:00:00.000000000,-7714.870675,-13926.198959,-21449.149396
2022-02-19T12:15:00.000000000,-6244.389808,-15770.259313,-20582.954335
2022-02-19T12:30:00.000000000,-4935.784321,-17596.46272,-19366.988641
2022-02-19T12:45:00.000000000,-3799.870934,-19358.157338,-17820.331669
2022-02-19T13:00:00.000000000,-2839.286241,-21008.279728,-15967.882162
2022-02-19T13:15:00.000000000,-2048.48156,-22501.071378,-13840.049826
2022-02-19T13:30:00.000000000,-1414.041234,-23793.786131,-11472.337151
2022-02-19T13:45:00.000000000,-915.320344,-24848.321654,-8904.810786
2022-02-19T14:00:00.000000000,-525.384595,-25632.707737,-6181.465065
2022-02-19T14:15:00.000000000,-212.221578,-26122.386955,-3349.483979
2022-02-19T14:30:00.000000000,59.82049,-26301.229084,-458.412002
2022-02-19T14:45:00.000000000,328.422378,-26162.229811,2440.751495
2022-02-19T15:00:00.000000000,631.577626,-25707.856549,5296.515488
2022-02-19T15:15:00.000000000,1005.843545,-24950.019015,8057.895744
2022-02-19T15:30:00.000000000,1484.636174,-23909.659141,10675.42316
2022-02-19T15:45:00.000000000,2096.645843,-22615.972756,13102.134878
2022-02-19T16:00:00.000000000,2864.445705,-21105.293371,15294.520542
2022-02-19T16:15:00.000000000,3803.357249,-19419.685103,17213.396852
2022-02-19T16:30:00.000000000,4920.624952,-17605.306145,18824.68578
2022-02-19T16:45:00.000000000,6214.937354,-15710.615369,20100.075289
2022-02-19T17:00:00.000000000,7676.315044,-13784.501779,21017.545776
2022-02-19T17:15:00.000000000,9286.368356,-11874.419392,21561.750652
2022-02-19T17:30:00.000000000,11018.910088,-10024.608367,21724.244964
2022-02-19T17:45:00.000000000,12840.892341,-8274.477503,21503.561364
2022-02-19T18:00:00.000000000,14713.622542,-6657.213641,20905.137918
2022-02-19T18:15:00.000000000,16594.202525,-5198.671303,19941.106639
2022-02-19T18:30:00.000000000,18437.126614,-3916.581553,18629.955304
2022-02-19T18:45:00.000000000,20195.970218,-2820.103833,16996.077776
2022-02-19T19:00:00.000000000,21825.099351,-1909.729038,15069.229752
2022-02-19T19:15:00.000000000,23281.333527,-1177.527408,12883.907641
2022-02-19T19:30:00.000000000,24525.499214,-607.721298,10478.668214
2022-02-19T19:45:00.000000000,25523.818009,-177.551215,7895.405869
2022-02-19T20:00:00.000000000,26249.082243,141.606027,5178.603179
2022-02-19T20:15:00.000000000,26681.580506,382.915634,2374.568645
2022-02-19T20:30:00.000000000,26809.745906,582.613277,-469.326159
2022-02-19T20:45:00.000000000,26630.510425,778.440283,-3305.399739
2022-02-19T21:00:00.000000000,26149.359143,1008.043171,-6086.395634
2022-02-19T21:15:00.000000000,25380.088006,1307.394262,-8766.192263
2022-02-19T21:30:00.000000000,24344.278103,1709.287692,-11300.482073
2022-02-19T21:45:00.000000000,23070.507898,2241.96143,-13647.415522
2022-02-19T22:00:00.000000000,21593.332393,2927.89093,-15768.206126
2022-02-19T22:15:00.000000000,19952.06483,3782.794203,-17627.693206
2022-02-19T22:30:00.000000000,18189.402074,4814.881373,-19194.859099
2022-02-19T22:45:00.000000000,16349.939377,6024.374391,-20443.297414
2022-02-19T23:00:00.000000000,14478.623618,7403.314531,-21351.628453
2022-02-19T23:15:00.000000000,12619.196414,8935.666863,-21903.857399
2022-02-19T23:30:00.000000000,10812.679535,10597.721922,-22089.670084
2022-02-19T23:45:00.000000000,9095.954834,12358.785591,-21904.660487
2022-02-18T00:00:00.000000000,8373.878082,13161.427198,-21703.452839
2022-02-18T00:15:00.000000000,6841.915213,15000.312528,-20986.770635
2022-02-18T00:30:00.000000000,5465.011254,16840.150003,-19914.140531
2022-02-18T00:45:00.000000000,4257.287415,18634.944029,-18502.159624
2022-02-18T01:00:00.000000000,3224.779332,20337.590114,-16773.341084
2022-02-18T01:15:00.000000000,2365.30002,21901.576234,-14755.850478
2022-02-18T01:30:00.000000000,1668.624265,23282.702077,-12483.133407
2022-02-18T01:45:00.000000000,1116.995676,24440.75017,-9993.432632
2022-02-18T02:00:00.000000000,685.944688,25341.041476,-7329.195849
2022-02-18T02:15:00.000000000,345.392303,25955.809484,-4536.378816
2022-02-18T02:30:00.000000000,61.000987,26265.33137,-1663.652471
2022-02-18T02:45:00.000000000,-204.278331,26258.762586,1238.472974
2022-02-18T03:00:00.000000000,-488.525189,25934.632254,4118.589883
2022-02-18T03:15:00.000000000,-829.104872,25300.970603,6925.379981
2022-02-18T03:30:00.000000000,-1260.935688,24375.055836,9608.621808
2022-02-18T03:45:00.000000000,-1814.845471,23182.785409,12120.192372
2022-02-18T04:00:00.000000000,-2516.091906,21757.694735,14415.035375
2022-02-18T04:15:00.000000000,-3383.114648,20139.66366,16452.068694
2022-02-18T04:30:00.000000000,-4426.576673,18373.366524,18195.005376
2022-02-18T04:45:00.000000000,-5648.738607,16506.534209,19613.065445
2022-02-18T05:00:00.000000000,-7043.193623,14588.105491,20681.559783
2022-02-18T05:15:00.000000000,-8594.973064,12666.349616,21382.332304
2022-02-18T05:30:00.000000000,-10281.015243,10787.042178,21704.052051
2022-02-18T05:45:00.000000000,-12070.972981,8991.77227,21642.352277
2022-02-18T06:00:00.000000000,-13928.320452,7316.450798,21199.818958
2022-02-18T06:15:00.000000000,-15811.70748,5790.078598,20385.835866
2022-02-18T06:30:00.000000000,-17676.500047,4433.819497,19216.297367
2022-02-18T06:45:00.000000000,-19476.439999,3260.408388,17713.203165
2022-02-18T07:00:00.000000000,-21165.354391,2273.908981,15904.151322
2022-02-18T07:15:00.000000000,-22698.845726,1469.820752,13821.747034
2022-02-18T07:30:00.000000000,-24035.898034,835.520549,11502.944907
2022-02-18T07:45:00.000000000,-25140.339834,351.011834,8988.34196
2022-02-18T08:00:00.000000000,-25982.11294,-10.055881,6321.437571
2022-02-18T08:15:00.000000000,-26538.3055,-279.14321,3547.875016
2022-02-18T08:30:00.000000000,-26793.917697,-491.404507,714.677517
2022-02-18T08:45:00.000000000,-26742.339132,-684.154538,-2130.510101
2022-02-18T09:00:00.000000000,-26385.52737,-895.275671,-4940.164921
2022-02-18T09:15:00.000000000,-25733.887285,-1161.622866,-7667.607068
2022-02-18T09:30:00.000000000,-24805.860415,-1517.481989,-10267.69234
2022-02-18T09:45:00.000000000,-23627.242374,-1993.133745,-12697.471425
2022-02-18T10:00:00.000000000,-22230.254298,-2613.571063,-14916.811694
2022-02-18T10:15:00.000000000,-20652.401332,-3397.412254,-16888.978033
2022-02-18T10:30:00.000000000,-18935.157151,-4356.045868,-18581.169473
2022-02-18T10:45:00.000000000,-17122.518467,-5493.036089,-19965.008301
2022-02-18T11:00:00.000000000,-15259.477384,-6803.809644,-21016.977972
2022-02-18T11:15:00.000000000,-13390.462195,-8275.636993,-21718.805677
2022-02-18T11:30:00.000000000,-11557.79878,-9887.911742,-22057.784704
2022-02-18T11:45:00.000000000,-9800.245101,-11612.723129,-22027.031025
2022-02-18T12:00:00.000000000,-8151.650165,-13415.707103,-21625.667855
2022-02-18T12:15:00.000000000,-6639.786319,-15257.152095,-20858.93133
2022-02-18T12:30:00.000000000,-5285.399634,-17093.326271,-19738.190161
2022-02-18T12:45:00.000000000,-4101.517303,-18877.984199,-18280.872156
2022-02-18T13:00:00.000000000,-3093.043548,-20564.002651,-16510.290985
2022-02-18T13:15:00.000000000,-2256.666308,-22105.088214,-14455.367668
2022-02-18T13:30:00.000000000,-1581.086301,-23457.493854,-12150.242968
2022-02-18T13:45:00.000000000,-1047.567884,-24581.678105,-9633.779236
2022-02-18T14:00:00.000000000,-630.798207,-25443.839474,-6948.953341
2022-02-18T14:15:00.000000000,-300.027562,-26017.260535,-4142.145886
2022-02-18T14:30:00.000000000,-20.450571,-26283.401162,-1262.33599
2022-02-18T14:45:00.000000000,245.224478,-26232.688601,1639.784876
2022-02-18T15:00:00.000000000,535.081498,-25864.963493,4512.762276
2022-02-18T15:15:00.000000000,886.249004,-25189.555213,7305.369959
2022-02-18T15:30:00.000000000,1333.17516,-24224.976267,9967.61812
2022-02-18T15:45:00.000000000,1906.002564,-22998.2432,12451.752079
2022-02-18T16:00:00.000000000,2629.116728,-21543.849514,14713.213703
2022-02-18T16:15:00.000000000,3519.934943,-19902.433178,16711.538385
2022-02-18T16:30:00.000000000,4587.991283,-18119.196499,18411.162218
2022-02-18T16:45:00.000000000,5834.359397,-16242.1482,19782.117101
2022-02-18T17:00:00.000000000,7251.438292,-14320.245914,20800.595725
2022-02-18T17:15:00.000000000,8823.108855,-12401.521317,21449.373365
2022-02-18T17:30:00.000000000,10525.251142,-10531.269641,21718.07885
2022-02-18T17:45:00.000000000,12326.595812,-8750.380648,21603.31256
2022-02-18T18:00:00.000000000,14189.868385,-7093.879577,21108.614548
2022-02-18T18:15:00.000000000,16073.172985,-5589.734961,20244.290561
2022-02-18T18:30:00.000000000,17931.553333,-4257.976438,19027.107555
2022-02-18T18:45:00.000000000,19718.663398,-3110.150521,17479.873319
2022-02-18T19:00:00.000000000,21388.478099,-2149.12685,15630.916742
2022-02-18T19:15:00.000000000,22896.975646,-1369.25244,13513.486273
2022-02-18T19:30:00.000000000,24203.727175,-756.837558,11165.084321
2022-02-18T19:45:00.000000000,25273.335698,-290.944647,8626.754711
2022-02-18T20:00:00.000000000,26076.674614,55.558446,5942.339206
2022-02-18T20:15:00.000000000,26591.885442,314.727698,3157.717539
2022-02-18T20:30:00.000000000,26805.104746,522.107066,320.043628
2022-02-18T20:45:00.000000000,26710.900657,715.183582,-2523.011221
2022-02-18T21:00:00.000000000,26312.409951,931.79091,-5323.999104
2022-02-18T21:15:00.000000000,25621.17666,1208.518503,-8036.413007
2022-02-18T21:30:00.000000000,24656.702698,1579.18151,-10615.375029
2022-02-18T21:45:00.000000000,23445.729703,2073.403185,-13018.290603
2022-02-18T22:00:00.000000000,22021.279077,2715.356914,-15205.464779
2022-02-18T22:15:00.000000000,20421.48413,3522.709358,-17140.677095
2022-02-18T22:30:00.000000000,18688.254038,4505.799697,-18791.711816
2022-02-18T22:45:00.000000000,16865.814186,5667.082752,-20130.84017
2022-02-18T23:00:00.000000000,14999.171183,7000.8559,-21135.25086
2022-02-18T23:15:00.000000000,13132.55343,8493.281309,-21787.424601
2022-02-18T23:30:00.000000000,11307.87953,10122.706252,-22075.447729
2022-02-18T23:45:00.000000000,9563.30695,11860.275035,-21993.259209
2022-02-19T00:00:00.000000000,7931.912066,13670.81679,-21540.824688
2022-02-19T00:15:00.000000000,6440.54998,15513.983932,-20724.230691
2022-02-19T00:30:00.000000000,5108.938165,17345.606814,-19555.6918
2022-02-19T00:45:00.000000000,3949.001944,19119.221319,-18053.463726
2022-02-19T01:00:00.000000000,2964.512118,20787.718094,-16241.655784
2022-02-19T01:15:00.000000000,2151.035651,22305.055199,-14149.937453
2022-02-19T01:30:00.000000000,1496.209383,23627.970735,-11813.135473
2022-02-19T01:45:00.000000000,980.334469,24717.628786,-9270.720433
2022-02-19T02:00:00.000000000,577.276174,25541.131377,-6566.184932
2022-02-19T02:15:00.000000000,255.640087,26072.831403,-3746.319092
2022-02-19T02:30:00.000000000,-19.817408,26295.386917,-860.39322
2022-02-19T02:45:00.000000000,-286.598656,26200.505887,2040.738221
2022-02-19T03:00:00.000000000,-582.758883,25789.342342,4905.593135
2022-02-19T03:15:00.000000000,-945.157174,25072.5194,7683.05681
2022-02-19T03:30:00.000000000,-1407.740754,24069.771335,10323.390475
2022-02-19T03:45:00.000000000,-1999.939476,22809.21461,12779.226443
2022-02-19T04:00:00.000000000,-2745.243707,21326.275814,15006.522215
2022-02-19T04:15:00.000000000,-3660.031014,19662.321318,16965.446481
2022-02-19T04:30:00.000000000,-4752.695619,17863.048273,18621.172018
2022-02-19T04:45:00.000000000,-6023.120122,15976.708194,19944.553777
2022-02-19T05:00:00.000000000,-7462.512338,14052.242164,20912.674705
2022-02-19T05:15:00.000000000,-9053.612526,12137.410056,21509.246993
2022-02-19T05:30:00.000000000,-10771.25867,10276.995131,21724.861871
2022-02-19T05:45:00.000000000,-12583.281025,8511.160141,21557.086549
2022-02-19T06:00:00.000000000,-14451.68277,6874.021984,21010.412086
2022-02-19T06:15:00.000000000,-16334.052018,5392.500038,20096.06054
2022-02-19T06:30:00.000000000,-18185.141983,4085.479269,18831.663482
2022-02-19T06:45:00.000000000,-19958.551257,2963.313937,17240.826812
2022-02-19T07:00:00.000000000,-21608.434554,2027.682301,15352.598594
2022-02-19T07:15:00.000000000,-23091.175914,1271.787874,13200.857569
2022-02-19T07:30:00.000000000,-24366.960787,680.889023,10823.64003
2022-02-19T07:45:00.000000000,-25401.190048,233.126837,8262.422044
2022-02-19T08:00:00.000000000,-26165.68743,-99.388746,5561.372868
2022-02-19T08:15:00.000000000,-26639.66143,-349.282198,2766.593735
2022-02-19T08:30:00.000000000,-26810.393079,-552.458187,-74.645558
2022-02-19T08:45:00.000000000,-26673.631473,-746.546165,-2914.661705
2022-02-19T09:00:00.000000000,-26233.689401,-969.301372,-5706.09583
2022-02-19T09:15:00.000000000,-25503.241431,-1257.019205,-8402.62721
2022-02-19T09:30:00.000000000,-24502.836173,-1643.017687,-10959.657015
2022-02-19T09:45:00.000000000,-23260.143042,-2156.239234,-13334.957441
2022-02-19T10:00:00.000000000,-21808.961531,-2820.018111,-15489.282409
2022-02-19T10:15:00.000000000,-20188.027735,-3651.054214,-17386.936403
2022-02-19T10:30:00.000000000,-18439.658602,-4658.627217,-18996.298218
2022-02-19T10:45:00.000000000,-16608.279014,-5844.077806,-20290.296235
2022-02-19T11:00:00.000000000,-14738.880436,-7200.574788,-21246.831427
2022-02-19T11:15:00.000000000,-12875.462268,-8713.178426,-21849.143758
2022-02-19T11:30:00.000000000,-11059.508262,-10359.201496,-22086.116936
2022-02-19T11:45:00.000000000,-9328.550346,-12108.860357,-21952.515725
2022-02-19T12:00:00.000000000,-7714.870675,-13926.198959,-21449.149396
2022-02-19T12:15:00.000000000,-6244.389808,-15770.259313,-20582.954335
2022-02-19T12:30:00.000000000,-4935.784321,-17596.46272,-19366.988641
2022-02-19T12:45:00.000000000,-3799.870934,-19358.157338,-17820.331669
2022-02-19T13:00:00.000000000,-2839.286241,-21008.279728,-15967.882162
2022-02-19T13:15:00.000000000,-2048.48156,-22501.071378,-13840.049826
2022-02-19T13:30:00.000000000,-1414.041234,-23793.786131,-11472.337151
2022-02-19T13:45:00.000000000,-915.320344,-24848.321654,-8904.810786
2022-02-19T14:00:00.000000000,-525.384595,-25632.707737,-6181.465065
2022-02-19T14:15:00.000000000,-212.221578,-26122.386955,-3349.483979
2022-02-19T14:30:00.000000000,59.82049,-26301.229084,-458.412002
2022-02-19T14:45:00.000000000,328.422378,-26162.229811,2440.751495
2022-02-19T15:00:00.000000000,631.577626,-25707.856549,5296.515488
2022-02-19T15:15:00.000000000,1005.843545,-24950.019015,8057.895744
2022-02-19T15:30:00.000000000,1484.636174,-23909.659141,10675.42316
2022-02-19T15:45:00.000000000,2096.645843,-22615.972756,13102.134878
2022-02-19T16:00:00.000000000,2864.445705,-21105.293371,15294.520542
2022-02-19T16:15:00.000000000,3803.357249,-19419.685103,17213.396852
2022-02-19T16:30:00.000000000,4920.624952,-17605.306145,18824.68578
2022-02-19T16:45:00.000000000,6214.937354,-15710.615369,20100.075289
2022-02-19T17:00:00.000000000,7676.315044,-13784.501779,21017.545776
2022-02-19T17:15:00.000000000,9286.368356,-11874.419392,21561.750652
2022-02-19T17:30:00.000000000,11018.910088,-10024.608367,21724.244964
2022-02-19T17:45:00.000000000,12840.892341,-8274.477503,21503.561364
2022-02-19T18:00:00.000000000,14713.622542,-6657.213641,20905.137918
2022-02-19T18:15:00.000000000,16594.202525,-5198.671303,19941.106639
2022-02-19T18:30:00.000000000,18437.126614,-3916.581553,18629.955304
2022-02-19T18:45:00.000000000,20195.970218,-2820.103833,16996.077776
2022-02-19T19:00:00.000000000,21825.099351,-1909.729038,15069.229752
2022-02-19T19:15:00.000000000,23281.333527,-1177.527408,12883.907641
2022-02-19T19:30:00.000000000,24525.499214,-607.721298,10478.668214
2022-02-19T19:45:00.000000000,25523.818009,-177.551215,7895.405869
2022-02-19T20:00:00.000000000,26249.082243,141.606027,5178.603179
2022-02-19T20:15:00.000000000,26681.580506,382.915634,2374.568645
2022-02-19T20:30:00.000000000,26809.745906,582.613277,-469.326159
2022-02-19T20:45:00.000000000,26630.510425,778.440283,-3305.399739
2022-02-19T21:00:00.000000000,26149.359143,1008.043171,-6086.395634
2022-02-19T21:15:00.000000000,25380.088006,1307.394262,-8766.192263
2022-02-19T21:30:00.000000000,24344.278103,1709.287692,-11300.482073
2022-02-19T21:45:00.000000000,23070.507898,2241.96143,-13647.415522
2022-02-19T22:00:00.000000000,21593.332393,2927.89093,-15768.206126
2022-02-19T22:15:00.000000000,19952.06483,3782.794203,-17627.693206
2022-02-19T22:30:00.000000000,18189.402074,4814.881373,-19194.859099
2022-02-19T22:45:00.000000000,16349.939377,6024.374391,-20443.297414
2022-02-19T23:00:00.000000000,14478.623618,7403.314531,-21351.628453
2022-02-19T23:15:00.000000000,12619.196414,8935.666863,-21903.857399
2022-02-19T23:30:00.000000000,10812.679535,10597.721922,-22089.670084
2022-02-19T23:45:00.000000000,9095.954834,12358.785591,-21904.660487
2022-02-18T00:00:00.000000000,8373.878082,13161.427198,-21703.452839
2022-02-18T00:15:00.000000000,6841.915213,15000.312528,-20986.770635
2022-02-18T00:30:00.000000000,5465.011254,16840.150003,-19914.140531
2022-02-18T00:45:00.000000000,4257.287415,18634.944029,-18502.159624
2022-02-18T01:00:00.000000000,3224.779332,20337.590114,-16773.341084
2022-02-18T01:15:00.000000000,2365.30002,21901.576234,-14755.850478
2022-02-18T01:30:00.000000000,1668.624265,23282.702077,-12483.133407
2022-02-18T01:45:00.000000000,1116.995676,24440.75017,-9993.432632
2022-02-18T02:00:00.000000000,685.944688,25341.041476,-7329.195849
2022-02-18T02:15:00.000000000,345.392303,25955.809484,-4536.378816
2022-02-18T02:30:00.000000000,61.000987,26265.33137,-1663.652471
2022-02-18T02:45:00.000000000,-204.278331,26258.762586,1238.472974
2022-02-18T03:00:00.000000000,-488.525189,25934.632254,4118.589883
2022-02-18T03:15:00.000000000,-829.104872,25300.970603,6925.379981
2022-02-18T03:30:00.000000000,-1260.935688,24375.055836,9608.621808
2022-02-18T03:45:00.000000000,-1814.845471,23182.785409,12120.192372
2022-02-18T04:00:00.000000000,-2516.091906,21757.694735,14415.035375
2022-02-18T04:15:00.000000000,-3383.114648,20139.66366,16452.068694
2022-02-18T04:30:00.000000000,-4426.576673,18373.366524,18195.005376
2022-02-18T04:45:00.000000000,-5648.738607,16506.534209,19613.065445
2022-02-18T05:00:00.000000000,-7043.193623,14588.105491,20681.559783
2022-02-18T05:15:00.000000000,-8594.973064,12666.349616,21382.332304
2022-02-18T05:30:00.000000000,-10281.015243,10787.042178,21704.052051
2022-02-18T05:45:00.000000000,-12070.972981,8991.77227,21642.352277
2022-02-18T06:00:00.000000000,-13928.320452,7316.450798,21199.818958
2022-02-18T06:15:00.000000000,-15811.70748,5790.078598,20385.835866
2022-02-18T06:30:00.000000000,-17676.500047,4433.819497,19216.297367
2022-02-18T06:45:00.000000000,-19476.439999,3260.408388,17713.203165
2022-02-18T07:00:00.000000000,-21165.354391,2273.908981,15904.151322
2022-02-18T07:15:00.000000000,-22698.845726,1469.820752,13821.747034
2022-02-18T07:30:00.000000000,-24035.898034,835.520549,11502.944907
2022-02-18T07:45:00.000000000,-25140.339834,351.011834,8988.34196
2022-02-18T08:00:00.000000000,-25982.11294,-10.055881,6321.437571
2022-02-18T08:15:00.000000000,-26538.3055,-279.14321,3547.875016
2022-02-18T08:30:00.000000000,-26793.917697,-491.404507,714.677517
2022-02-18T08:45:00.000000000,-26742.339132,-684.154538,-2130.510101
2022-02-18T09:00:00.000000000,-26385.52737,-895.275671,-4940.164921
2022-02-18T09:15:00.000000000,-25733.887285,-1161.622866,-7667.607068
2022-02-18T09:30:00.000000000,-24805.860415,-1517.481989,-10267.69234
2022-02-18T09:45:00.000000000,-23627.242374,-1993.133745,-12697.471425
2022-02-18T10:00:00.000000000,-22230.254298,-2613.571063,-14916.811694
2022-02-18T10:15:00.000000000,-20652.401332,-3397.412254,-16888.978033
2022-02-18T10:30:00.000000000,-18935.157151,-4356.045868,-18581.169473
2022-02-18T10:45:00.000000000,-17122.518467,-5493.036089,-19965.008301
2022-02-18T11:00:00.000000000,-15259.477384,-6803.809644,-21016.977972
2022-02-18T11:15:00.000000000,-13390.462195,-8275.636993,-21718.805677
2022-02-18T11:30:00.000000000,-11557.79878,-9887.911742,-22057.784704
2022-02-18T11:45:00.000000000,-9800.245101,-11612.723129,-22027.031025
2022-02-18T12:00:00.000000000,-8151.650165,-13415.707103,-21625.667855
2022-02-18T12:15:00.000000000,-6639.786319,-15257.152095,-20858.93133
2022-02-18T12:30:00.000000000,-5285.399634,-17093.326271,-19738.190161
2022-02-18T12:45:00.000000000,-4101.517303,-18877.984199,-18280.872156
2022-02-18T13:00:00.000000000,-3093.043548,-20564.002651,-16510.290985
2022-02-18T13:15:00.000000000,-2256.666308,-22105.088214,-14455.367668
2022-02-18T13:30:00.000000000,-1581.086301,-23457.493854,-12150.242968
2022-02-18T13:45:00.000000000,-1047.567884,-24581.678105,-9633.779236
2022-02-18T14:00:00.000000000,-630.798207,-25443.839474,-6948.953341
2022-02-18T14:15:00.000000000,-300.027562,-26017.260535,-4142.145886
2022-02-18T14:30:00.000000000,-20.450571,-26283.401162,-1262.33599
2022-02-18T14:45:00.000000000,245.224478,-26232.688601,1639.784876
2022-02-18T15:00:00.000000000,535.081498,-25864.963493,4512.762276
2022-02-18T15:15:00.000000000,886.249004,-25189.555213,7305.369959
2022-02-18T15:30:00.000000000,1333.17516,-24224.976267,9967.61812
2022-02-18T15:45:00.000000000,1906.002564,-22998.2432,12451.752079
2022-02-18T16:00:00.000000000,2629.116728,-21543.849514,14713.213703
2022-02-18T16:15:00.000000000,3519.934943,-19902.433178,16711.538385
2022-02-18T16:30:00.000000000,4587.991283,-18119.196499,18411.162218
2022-02-18T16:45:00.000000000,5834.359397,-16242.1482,19782.117101
2022-02-18T17:00:00.000000000,7251.438292,-14320.245914,20800.595725
2022-02-18T17:15:00.000000000,8823.108855,-12401.521317,21449.373365
2022-02-18T17:30:00.000000000,10525.251142,-10531.269641,21718.07885
2022-02-18T17:45:00.000000000,12326.595812,-8750.380648,21603.31256
2022-02-18T18:00:00.000000000,14189.868385,-7093.879577,21108.614548
2022-02-18T18:15:00.000000000,16073.172985,-5589.734961,20244.290561
2022-02-18T18:30:00.000000000,17931.553333,-4257.976438,19027.107555
2022-02-18T18:45:00.000000000,19718.663398,-3110.150521,17479.873319
2022-02-18T19:00:00.000000000,21388.478099,-2149.12685,15630.916742
2022-02-18T19:15:00.000000000,22896.975646,-1369.25244,13513.486273
2022-02-18T19:30:00.000000000,24203.727175,-756.837558,11165.084321
2022-02-18T19:45:00.000000000,25273.335698,-290.944647,8626.754711
2022-02-18T20:00:00.000000000,26076.674614,55.558446,5942.339206
2022-02-18T20:15:00.000000000,26591.885442,314.727698,3157.717539
2022-02-18T20:30:00.000000000,26805.104746,522.107066,320.043628
2022-02-18T20:45:00.000000000,26710.900657,715.183582,-2523.011221
2022-02-18T21:00:00.000000000,26312.409951,931.79091,-5323.999104
2022-02-18T21:15:00.000000000,25621.17666,1208.518503,-8036.413007
2022-02-18T21:30:00.000000000,24656.702698,1579.18151,-10615.375029
2022-02-18T21:45:00.000000000,23445.729703,2073.403185,-13018.290603
2022-02-18T22:00:00.000000000,22021.279077,2715.356914,-15205.464779
2022-02-18T22:15:00.000000000,20421.48413,3522.709358,-17140.677095
2022-02-18T22:30:00.000000000,18688.254038,4505.799697,-18791.711816
2022-02-18T22:45:00.000000000,16865.814186,5667.082752,-20130.84017
2022-02-18T23:00:00.000000000,14999.171183,7000.8559,-21135.25086
2022-02-18T23:15:00.000000000,13132.55343,8493.281309,-21787.424601
2022-02-18T23:30:00.000000000,11307.87953,10122.706252,-22075.447729
2022-02-18T23:45:00.000000000,9563.30695,11860.275035,-21993.259209
2022-02-19T00:00:00.000000000,7931.912066,13670.81679,-21540.824688
2022-02-19T00:15:00.000000000,6440.54998,15513.983932,-20724.230691
2022-02-19T00:30:00.000000000,5108.938165,17345.606814,-19555.6918
2022-02-19T00:45:00.000000000,3949.001944,19119.221319,-18053.463726
2022-02-19T01:00:00.000000000,2964.512118,20787.718094,-16241.655784
2022-02-19T01:15:00.000000000,2151.035651,22305.055199,-14149.937453
2022-02-19T01:30:00.000000000,1496.209383,23627.970735,-11813.135473
2022-02-19T01:45:00.000000000,980.334469,24717.628786,-9270.720433
2022-02-19T02:00:00.000000000,577.276174,25541.131377,-6566.184932
2022-02-19T02:15:00.000000000,255.640087,26072.831403,-3746.319092
2022-02-19T02:30:00.000000000,-19.817408,26295.386917,-860.39322
2022-02-19T02:45:00.000000000,-286.598656,26200.505887,2040.738221
2022-02-19T03:00:00.000000000,-582.758883,25789.342342,4905.593135
2022-02-19T03:15:00.000000000,-945.157174,25072.5194,7683.05681
2022-02-19T03:30:00.000000000,-1407.740754,24069.771335,10323.390475
2022-02-19T03:45:00.000000000,-1999.939476,22809.21461,12779.226443
2022-02-19T04:00:00.000000000,-2745.243707,21326.275814,15006.522215
2022-02-19T04:15:00.000000000,-3660.031014,19662.321318,16965.446481
2022-02-19T04:30:00.000000000,-4752.695619,17863.048273,18621.172018
2022-02-19T04:45:00.000000000,-6023.120122,15976.708194,19944.553777
2022-02-19T05:00:00.000000000,-7462.512338,14052.242164,20912.674705
2022-02-19T05:15:00.000000000,-9053.612526,12137.410056,21509.246993
2022-02-19T05:30:00.000000000,-10771.25867,10276.995131,21724.861871
2022-02-19T05:45:00.000000000,-12583.281025,8511.160141,21557.086549
2022-02-19T06:00:00.000000000,-14451.68277,6874.021984,21010.412086
2022-02-19T06:15:00.000000000,-16334.052018,5392.500038,20096.06054
2022-02-19T06:30:00.000000000,-18185.141983,4085.479269,18831.663482
2022-02-19T06:45:00.000000000,-19958.551257,2963.313937,17240.826812
2022-02-19T07:00:00.000000000,-21608.434554,2027.682301,15352.598594
2022-02-19T07:15:00.000000000,-23091.175914,1271.787874,13200.857569
2022-02-19T07:30:00.000000000,-24366.960787,680.889023,10823.64003
2022-02-19T07:45:00.000000000,-25401.190048,233.126837,8262.422044
2022-02-19T08:00:00.000000000,-26165.68743,-99.388746,5561.372868
2022-02-19T08:15:00.000000000,-26639.66143,-349.282198,2766.593735
2022-02-19T08:30:00.000000000,-26810.393079,-552.458187,-74.645558
2022-02-19T08:45:00.000000000,-26673.631473,-746.546165,-2914.661705
2022-02-19T09:00:00.000000000,-26233.689401,-969.301372,-5706.09583
2022-02-19T09:15:00.000000000,-25503.241431,-1257.019205,-8402.62721
2022-02-19T09:30:00.000000000,-24502.836173,-1643.017687,-10959.657015
2022-02-19T09:45:00.000000000,-23260.143042,-2156.239234,-13334.957441
2022-02-19T10:00:00.000000000,-21808.961531,-2820.018111,-15489.282409
2022-02-19T10:15:00.000000000,-20188.027735,-3651.054214,-17386.936403
2022-02-19T10:30:00.000000000,-18439.658602,-4658.627217,-18996.298218
2022-02-19T10:45:00.000000000,-16608.279014,-5844.077806,-20290.296235
2022-02-19T11:00:00.000000000,-14738.880436,-7200.574788,-21246.831427
2022-02-19T11:15:00.000000000,-12875.462268,-8713.178426,-21849.143758
2022-02-19T11:30:00.000000000,-11059.508262,-10359.201496,-22086.116936
2022-02-19T11:45:00.000000000,-9328.550346,-12108.860357,-21952.515725
2022-02-19T12:00:00.000000000,-7714.870675,-13926.198959,-21449.149396
2022-02-19T12:15:00.000000000,-6244.389808,-15770.259313,-20582.954335
2022-02-19T12:30:00.000000000,-4935.784321,-17596.46272,-19366.988641
2022-02-19T12:45:00.000000000,-3799.870934,-19358.157338,-17820.331669
2022-02-19T13:00:00.000000000,-2839.286241,-21008.279728,-15967.882162
2022-02-19T13:15:00.000000000,-2048.48156,-22501.071378,-13840.049826
2022-02-19T13:30:00.000000000,-1414.041234,-23793.786131,-11472.337151
2022-02-19T13:45:00.000000000,-915.320344,-24848.321654,-8904.810786
2022-02-19T14:00:00.000000000,-525.384595,-25632.707737,-6181.465065
2022-02-19T14:15:00.000000000,-212.221578,-26122.386955,-3349.483979
2022-02-19T14:30:00.000000000,59.82049,-26301.229084,-458.412002
2022-02-19T14:45:00.000000000,328.422378,-26162.229811,2440.751495
2022-02-19T15:00:00.000000000,631.577626,-25707.856549,5296.515488
2022-02-19T15:15:00.000000000,1005.843545,-24950.019015,8057.895744
2022-02-19T15:30:00.000000000,1484.636174,-23909.659141,10675.42316
2022-02-19T15:45:00.000000000,2096.645843,-22615.972756,13102.134878
2022-02-19T16:00:00.000000000,2864.445705,-21105.293371,15294.520542
2022-02-19T16:15:00.000000000,3803.357249,-19419.685103,17213.396852
2022-02-19T16:30:00.000000000,4920.624952,-17605.306145,18824.68578
2022-02-19T16:45:00.000000000,6214.937354,-15710.615369,20100.075289
2022-02-19T17:00:00.000000000,7676.315044,-13784.501779,21017.545776
2022-02-19T17:15:00.000000000,9286.368356,-11874.419392,21561.750652
2022-02-19T17:30:00.000000000,11018.910088,-10024.608367,21724.244964
2022-02-19T17:45:00.000000000,12840.892341,-8274.477503,21503.561364
2022-02-19T18:00:00.000000000,14713.622542,-6657.213641,20905.137918
2022-02-19T18:15:00.000000000,16594.202525,-5198.671303,19941.106639
2022-02-19T18:30:00.000000000,18437.126614,-3916.581553,18629.955304
2022-02-19T18:45:00.000000000,20195.970218,-2820.103833,16996.077776
2022-02-19T19:00:00.000000000,21825.099351,-1909.729038,15069.229752
2022-02-19T19:15:00.000000000,23281.333527,-1177.527408,12883.907641
2022-02-19T19:30:00.000000000,24525.499214,-607.721298,10478.668214
2022-02-19T19:45:00.000000000,25523.818009,-177.551215,7895.405869
2022-02-19T20:00:00.000000000,26249.082243,141.606027,5178.603179
2022-02-19T20:15:00.000000000,26681.580506,382.915634,2374.568645
2022-02-19T20:30:00.000000000,26809.745906,582.613277,-469.326159
2022-02-19T20:45:00.000000000,26630.510425,778.440283,-3305.399739
2022-02-19T21:00:00.000000000,26149.359143,1008.043171,-6086.395634
2022-02-19T21:15:00.000000000,25380.088006,1307.394262,-8766.192263
2022-02-19T21:30:00.000000000,24344.278103,1709.287692,-11300.482073
2022-02-19T21:45:00.000000000,23070.507898,2241.96143,-13647.415522
2022-02-19T22:00:00.000000000,21593.332393,2927.89093,-15768.206126
2022-02-19T22:15:00.000000000,19952.06483,3782.794203,-17627.693206
2022-02-19T22:30:00.000000000,18189.402074,4814.881373,-19194.859099
2022-02-19T22:45:00.000000000,16349.939377,6024.374391,-20443.297414
2022-02-19T23:00:00.000000000,14478.623618,7403.314531,-21351.628453
2022-02-19T23:15:00.000000000,12619.196414,8935.666863,-21903.857399
2022-02-19T23:30:00.000000000,10812.679535,10597.721922,-22089.670084
2022-02-19T23:45:00.000000000,9095.954834,12358.785591,-21904.660487
