2022-02-19T00:00:00.000000000,-10109.840294,12501.898588,-21123.901886
2022-02-19T00:15:00.000000000,-11265.617196,10342.298862,-21707.81237
2022-02-19T00:30:00.000000000,-12557.741781,8209.768225,-21917.939305
2022-02-19T00:45:00.000000000,-13963.218396,6148.425202,-21750.975404
2022-02-19T01:00:00.000000000,-15452.115402,4197.928904,-21210.096823
2022-02-19T01:15:00.000000000,-16988.62626,2392.129008,-20304.888
2022-02-19T01:30:00.000000000,-18532.365489,757.949246,-19051.158359
2022-02-19T01:45:00.000000000,-20039.849266,-685.454659,-17470.655199
2022-02-19T02:00:00.000000000,-21466.103702,-1927.232348,-15590.678601
2022-02-19T02:15:00.000000000,-22766.339298,-2965.053002,-13443.605601
2022-02-19T02:30:00.000000000,-23897.627883,-3804.990086,-11066.332053
2022-02-19T02:45:00.000000000,-24820.518468,-4461.082827,-8499.641777
2022-02-19T03:00:00.000000000,-25500.530972,-4954.59271,-5787.513487
2022-02-19T03:15:00.000000000,-25909.471505,-5312.984604,-2976.376783
2022-02-19T03:30:00.000000000,-26026.519657,-5568.672329,-114.32922
2022-02-19T03:45:00.000000000,-25839.046845,-5757.577217,2749.673127
2022-02-19T04:00:00.000000000,-25343.134811,-5917.555108,5566.638784
2022-02-19T04:15:00.000000000,-24543.774541,-6086.752112,8288.364698
2022-02-19T04:30:00.000000000,-23454.737804,-6301.952125,10868.247771
2022-02-19T04:45:00.000000000,-22098.125649,-6596.979451,13262.07126
2022-02-19T05:00:00.000000000,-20503.610314,-7001.217909,15428.753495
2022-02-19T05:15:00.000000000,-18707.398441,-7538.303563,17331.04684
2022-02-19T05:30:00.000000000,-16750.953983,-8225.041903,18936.175474
2022-02-19T05:45:00.000000000,-14679.528358,-9070.591986,20216.401297
2022-02-19T06:00:00.000000000,-12540.552793,-10075.950193,21149.508223
2022-02-19T06:15:00.000000000,-10381.953239,-11233.755089,21719.196211
2022-02-19T06:30:00.000000000,-8250.451524,-12528.422725,21915.377572
2022-02-19T06:45:00.000000000,-6189.917241,-13936.609226,21734.369512
2022-02-19T07:00:00.000000000,-4239.833336,-15427.984873,21178.978375
2022-02-19T07:15:00.000000000,-2433.934454,-16966.291759,20258.472719
2022-02-19T07:30:00.000000000,-799.070812,-18510.645839,18988.444223
2022-02-19T07:45:00.000000000,645.658019,-20017.034372,17390.557295
2022-02-19T08:00:00.000000000,1889.465199,-21439.951584,15492.19035
2022-02-19T08:15:00.000000000,2930.1121,-22734.109477,13325.973815
2022-02-19T08:30:00.000000000,3773.80744,-23856.15721,10929.23201
2022-02-19T08:45:00.000000000,4434.77359,-24766.341527,8343.33817
2022-02-19T09:00:00.000000000,4934.49692,-25430.042671,5612.993802
2022-02-19T09:15:00.000000000,5300.69178,-25819.124714,2785.44533
2022-02-19T09:30:00.000000000,5566.019324,-25913.046389,-90.347444
2022-02-19T09:45:00.000000000,5766.612446,-25699.687977,-2964.575431
2022-02-19T10:00:00.000000000,5940.465999,-25175.861043,-5787.460381
2022-02-19T10:15:00.000000000,6125.756943,-24347.48064,-8510.134174
2022-02-19T10:30:00.000000000,6359.1619,-23229.39314,-11085.500428
2022-02-19T10:45:00.000000000,6674.239561,-21844.866718,-13469.062078
2022-02-19T11:00:00.000000000,7099.942547,-20224.765031,-15619.699412
2022-02-19T11:15:00.000000000,7659.317933,-18406.437192,-17500.384329
2022-02-19T11:30:00.000000000,8368.447721,-16432.368236,-19078.818138
2022-02-19T11:45:00.000000000,9235.670743,-14348.643487,-20327.981968
2022-02-19T12:00:00.000000000,10261.116013,-12203.287163,-21226.590834
2022-02-19T12:15:00.000000000,11436.565082,-10044.539977,-21759.444463
2022-02-19T12:30:00.000000000,12745.647897,-7919.142381,-21917.67003
2022-02-19T12:45:00.000000000,14164.363629,-5870.689214,-21698.854045
2022-02-19T13:00:00.000000000,15661.905435,-3938.118255,-21107.062611
2022-02-19T13:15:00.000000000,17201.756469,-2154.389458,-20152.751153
2022-02-19T13:30:00.000000000,18743.014356,-545.403932,-18852.566539
2022-02-19T13:45:00.000000000,20241.892844,870.797829,-17229.0461
2022-02-19T14:00:00.000000000,21653.342903,2084.529777,-15310.219599
2022-02-19T14:15:00.000000000,22932.731354,3094.629332,-13129.121557
2022-02-19T14:30:00.000000000,24037.513196,3908.297115,-10723.222536
2022-02-19T14:45:00.000000000,24928.83426,4540.615201,-8133.789095
2022-02-19T15:00:00.000000000,25573.003703,5013.763801,-5405.18303
2022-02-19T15:15:00.000000000,25942.780795,5355.967458,-2584.111306
2022-02-19T15:30:00.000000000,26018.427558,5600.211865,281.161278
2022-02-19T15:45:00.000000000,25788.487588,5782.780908,3141.624167
2022-02-19T16:00:00.000000000,25250.261627,5941.67018,5948.34506
2022-02-19T16:15:00.000000000,24409.961763,6114.937793,8653.292832
2022-02-19T16:30:00.000000000,23282.538093,6339.055665,11210.14639
2022-02-19T16:45:00.000000000,21891.183891,6647.324513,13575.076661
2022-02-19T17:00:00.000000000,20266.537317,7068.413471,15707.489198
2022-02-19T17:15:00.000000000,18445.609097,7625.080744,17570.715416
2022-02-19T17:30:00.000000000,16470.475895,8333.125093,19132.64111
2022-02-19T17:45:00.000000000,14386.788062,9200.609382,20366.261686
2022-02-19T18:00:00.000000000,12242.147596,10227.38741,21250.154513
2022-02-19T18:15:00.000000000,10084.417265,11404.953857,21768.859885
2022-02-19T18:30:00.000000000,7960.024845,12716.625015,21913.163341
2022-02-19T18:45:00.000000000,5912.326888,14138.045364,21680.273495
2022-02-19T19:00:00.000000000,3980.094614,15638.002537,21073.891056
2022-02-19T19:15:00.000000000,2196.180226,17179.521105,20104.166468
2022-02-19T19:30:00.000000000,586.41542,18721.19459,18787.545358
2022-02-19T19:45:00.000000000,-831.214866,20218.705446,17146.503014
2022-02-19T20:00:00.000000000,-2047.090743,21626.47492,15209.171102
2022-02-19T20:15:00.000000000,-3060.146949,22899.379066,13008.861983
2022-02-19T20:30:00.000000000,-3877.725765,23994.464057,10583.49806
2022-02-19T20:45:00.000000000,-4515.098643,24872.593397,7974.955699
2022-02-19T21:00:00.000000000,-4994.675181,25499.961879,5228.335153
2022-02-19T21:15:00.000000000,-5344.930741,25849.416106,2391.169683
2022-02-19T21:30:00.000000000,-5599.09538,25901.528784,-487.411434
2022-02-19T21:45:00.000000000,-5793.656599,25645.383795,-3357.550217
2022-02-19T22:00:00.000000000,-5966.735969,25079.040528,-6169.54104
2022-02-19T22:15:00.000000000,-6156.404857,24209.658897,-8874.708518
2022-02-19T22:30:00.000000000,-6399.006867,23053.280114,-11426.265427
2022-02-19T22:45:00.000000000,-6727.554252,21634.272132,-13780.134389
2022-02-19T23:00:00.000000000,-7170.262284,19984.462097,-15895.717965
2022-02-19T23:15:00.000000000,-7749.279858,18141.99054,-17736.603111
2022-02-19T23:30:00.000000000,-8479.666373,16149.932871,-19271.187556
2022-02-19T23:45:00.000000000,-9368.654876,14054.74273,-20473.217403
2022-02-19T00:00:00.000000000,-10109.840294,12501.898588,-21123.901886
2022-02-19T00:15:00.000000000,-11265.617196,10342.298862,-21707.81237
2022-02-19T00:30:00.000000000,-12557.741781,8209.768225,-21917.939305
2022-02-19T00:45:00.000000000,-13963.218396,6148.425202,-21750.975404
2022-02-19T01:00:00.000000000,-15452.115402,4197.928904,-21210.096823
2022-02-19T01:15:00.000000000,-16988.62626,2392.129008,-20304.888
2022-02-19T01:30:00.000000000,-18532.365489,757.949246,-19051.158359
2022-02-19T01:45:00.000000000,-20039.849266,-685.454659,-17470.655199
2022-02-19T02:00:00.000000000,-21466.103702,-1927.232348,-15590.678601
2022-02-19T02:15:00.000000000,-22766.339298,-2965.053002,-13443.605601
2022-02-19T02:30:00.000000000,-23897.627883,-3804.990086,-11066.332053
2022-02-19T02:45:00.000000000,-24820.518468,-4461.082827,-8499.641777
2022-02-19T03:00:00.000000000,-25500.530972,-4954.59271,-5787.513487
2022-02-19T03:15:00.000000000,-25909.471505,-5312.984604,-2976.376783
2022-02-19T03:30:00.000000000,-26026.519657,-5568.672329,-114.32922
2022-02-19T03:45:00.000000000,-25839.046845,-5757.577217,2749.673127
2022-02-19T04:00:00.000000000,-25343.134811,-5917.555108,5566.638784
2022-02-19T04:15:00.000000000,-24543.774541,-6086.752112,8288.364698
2022-02-19T04:30:00.000000000,-23454.737804,-6301.952125,10868.247771
2022-02-19T04:45:00.000000000,-22098.125649,-6596.979451,13262.07126
2022-02-19T05:00:00.000000000,-20503.610314,-7001.217909,15428.753495
2022-02-19T05:15:00.000000000,-18707.398441,-7538.303563,17331.04684
2022-02-19T05:30:00.000000000,-16750.953983,-8225.041903,18936.175474
2022-02-19T05:45:00.000000000,-14679.528358,-9070.591986,20216.401297
2022-02-19T06:00:00.000000000,-12540.552793,-10075.950193,21149.508223
2022-02-19T06:15:00.000000000,-10381.953239,-11233.755089,21719.196211
2022-02-19T06:30:00.000000000,-8250.451524,-12528.422725,21915.377572
2022-02-19T06:45:00.000000000,-6189.917241,-13936.609226,21734.369512
2022-02-19T07:00:00.000000000,-4239.833336,-15427.984873,21178.978375
2022-02-19T07:15:00.000000000,-2433.934454,-16966.291759,20258.472719
2022-02-19T07:30:00.000000000,-799.070812,-18510.645839,18988.444223
2022-02-19T07:45:00.000000000,645.658019,-20017.034372,17390.557295
2022-02-19T08:00:00.000000000,1889.465199,-21439.951584,15492.19035
2022-02-19T08:15:00.000000000,2930.1121,-22734.109477,13325.973815
2022-02-19T08:30:00.000000000,3773.80744,-23856.15721,10929.23201
2022-02-19T08:45:00.000000000,4434.77359,-24766.341527,8343.33817
2022-02-19T09:00:00.000000000,4934.49692,-25430.042671,5612.993802
2022-02-19T09:15:00.000000000,5300.69178,-25819.124714,2785.44533
2022-02-19T09:30:00.000000000,5566.019324,-25913.046389,-90.347444
2022-02-19T09:45:00.000000000,5766.612446,-25699.687977,-2964.575431
2022-02-19T10:00:00.000000000,5940.465999,-25175.861043,-5787.460381
2022-02-19T10:15:00.000000000,6125.756943,-24347.48064,-8510.134174
2022-02-19T10:30:00.000000000,6359.1619,-23229.39314,-11085.500428
2022-02-19T10:45:00.000000000,6674.239561,-21844.866718,-13469.062078
2022-02-19T11:00:00.000000000,7099.942547,-20224.765031,-15619.699412
2022-02-19T11:15:00.000000000,7659.317933,-18406.437192,-17500.384329
2022-02-19T11:30:00.000000000,8368.447721,-16432.368236,-19078.818138
2022-02-19T11:45:00.000000000,9235.670743,-14348.643487,-20327.981968
2022-02-19T12:00:00.000000000,10261.116013,-12203.287163,-21226.590834
2022-02-19T12:15:00.000000000,11436.565082,-10044.539977,-21759.444463
2022-02-19T12:30:00.000000000,12745.647897,-7919.142381,-21917.67003
2022-02-19T12:45:00.000000000,14164.363629,-5870.689214,-21698.854045
2022-02-19T13:00:00.000000000,15661.905435,-3938.118255,-21107.062611
2022-02-19T13:15:00.000000000,17201.756469,-2154.389458,-20152.751153
2022-02-19T13:30:00.000000000,18743.014356,-545.403932,-18852.566539
2022-02-19T13:45:00.000000000,20241.892844,870.797829,-17229.0461
2022-02-19T14:00:00.000000000,21653.342903,2084.529777,-15310.219599
2022-02-19T14:15:00.000000000,22932.731354,3094.629332,-13129.121557
2022-02-19T14:30:00.000000000,24037.513196,3908.297115,-10723.222536
2022-02-19T14:45:00.000000000,24928.83426,4540.615201,-8133.789095
2022-02-19T15:00:00.000000000,25573.003703,5013.763801,-5405.18303
2022-02-19T15:15:00.000000000,25942.780795,5355.967458,-2584.111306
2022-02-19T15:30:00.000000000,26018.427558,5600.211865,281.161278
2022-02-19T15:45:00.000000000,25788.487588,5782.780908,3141.624167
2022-02-19T16:00:00.000000000,25250.261627,5941.67018,5948.34506
2022-02-19T16:15:00.000000000,24409.961763,6114.937793,8653.292832
2022-02-19T16:30:00.000000000,23282.538093,6339.055665,11210.14639
2022-02-19T16:45:00.000000000,21891.183891,6647.324513,13575.076661
2022-02-19T17:00:00.000000000,20266.537317,7068.413471,15707.489198
2022-02-19T17:15:00.000000000,18445.609097,7625.080744,17570.715416
2022-02-19T17:30:00.000000000,16470.475895,8333.125093,19132.64111
2022-02-19T17:45:00.000000000,14386.788062,9200.609382,20366.261686
2022-02-19T18:00:00.000000000,12242.147596,10227.38741,21250.154513
2022-02-19T18:15:00.000000000,10084.417265,11404.953857,21768.859885
2022-02-19T18:30:00.000000000,7960.024845,12716.625015,21913.163341
2022-02-19T18:45:00.000000000,5912.326888,14138.045364,21680.273495
2022-02-19T19:00:00.000000000,3980.094614,15638.002537,21073.891056
2022-02-19T19:15:00.000000000,2196.180226,17179.521105,20104.166468
2022-02-19T19:30:00.000000000,586.41542,18721.19459,18787.545358
2022-02-19T19:45:00.000000000,-831.214866,20218.705446,17146.503014
2022-02-19T20:00:00.000000000,-2047.090743,21626.47492,15209.171102
2022-02-19T20:15:00.000000000,-3060.146949,22899.379066,13008.861983
2022-02-19T20:30:00.000000000,-3877.725765,23994.464057,10583.49806
2022-02-19T20:45:00.000000000,-4515.098643,24872.593397,7974.955699
2022-02-19T21:00:00.000000000,-4994.675181,25499.961879,5228.335153
2022-02-19T21:15:00.000000000,-5344.930741,25849.416106,2391.169683
2022-02-19T21:30:00.000000000,-5599.09538,25901.528784,-487.411434
2022-02-19T21:45:00.000000000,-5793.656599,25645.383795,-3357.550217
2022-02-19T22:00:00.000000000,-5966.735969,25079.040528,-6169.54104
2022-02-19T22:15:00.000000000,-6156.404857,24209.658897,-8874.708518
2022-02-19T22:30:00.000000000,-6399.006867,23053.280114,-11426.265427
2022-02-19T22:45:00.000000000,-6727.554252,21634.272132,-13780.134389
2022-02-19T23:00:00.000000000,-7170.262284,19984.462097,-15895.717965
2022-02-19T23:15:00.000000000,-7749.279858,18141.99054,-17736.603111
2022-02-19T23:30:00.000000000,-8479.666373,16149.932871,-19271.187556
2022-02-19T23:45:00.000000000,-9368.654876,14054.74273,-20473.217403
2022-02-19T00:00:00.000000000,-10109.840294,12501.898588,-21123.901886
2022-02-19T00:15:00.000000000,-11265.617196,10342.298862,-21707.81237
2022-02-19T00:30:00.000000000,-12557.741781,8209.768225,-21917.939305
2022-02-19T00:45:00.000000000,-13963.218396,6148.425202,-21750.975404
2022-02-19T01:00:00.000000000,-15452.115402,4197.928904,-21210.096823
2022-02-19T01:15:00.000000000,-16988.62626,2392.129008,-20304.888
2022-02-19T01:30:00.000000000,-18532.365489,757.949246,-19051.158359
2022-02-19T01:45:00.000000000,-20039.849266,-685.454659,-17470.655199
2022-02-19T02:00:00.000000000,-21466.103702,-1927.232348,-15590.678601
2022-02-19T02:15:00.000000000,-22766.339298,-2965.053002,-13443.605601
2022-02-19T02:30:00.000000000,-23897.627883,-3804.990086,-11066.332053
2022-02-19T02:45:00.000000000,-24820.518468,-4461.082827,-8499.641777
2022-02-19T03:00:00.000000000,-25500.530972,-4954.59271,-5787.513487
2022-02-19T03:15:00.000000000,-25909.471505,-5312.984604,-2976.376783
2022-02-19T03:30:00.000000000,-26026.519657,-5568.672329,-114.32922
2022-02-19T03:45:00.000000000,-25839.046845,-5757.577217,2749.673127
2022-02-19T04:00:00.000000000,-25343.134811,-5917.555108,5566.638784
2022-02-19T04:15:00.000000000,-24543.774541,-6086.752112,8288.364698
2022-02-19T04:30:00.000000000,-23454.737804,-6301.952125,10868.247771
2022-02-19T04:45:00.000000000,-22098.125649,-6596.979451,13262.07126
2022-02-19T05:00:00.000000000,-20503.610314,-7001.217909,15428.753495
2022-02-19T05:15:00.000000000,-18707.398441,-7538.303563,17331.04684
2022-02-19T05:30:00.000000000,-16750.953983,-8225.041903,18936.175474
2022-02-19T05:45:00.000000000,-14679.528358,-9070.591986,20216.401297
2022-02-19T06:00:00.000000000,-12540.552793,-10075.950193,21149.508223
2022-02-19T06:15:00.000000000,-10381.953239,-11233.755089,21719.196211
2022-02-19T06:30:00.000000000,-8250.451524,-12528.422725,21915.377572
2022-02-19T06:45:00.000000000,-6189.917241,-13936.609226,21734.369512
2022-02-19T07:00:00.000000000,-4239.833336,-15427.984873,21178.978375
2022-02-19T07:15:00.000000000,-2433.934454,-16966.291759,20258.472719
2022-02-19T07:30:00.000000000,-799.070812,-18510.645839,18988.444223
2022-02-19T07:45:00.000000000,645.658019,-20017.034372,17390.557295
2022-02-19T08:00:00.000000000,1889.465199,-21439.951584,15492.19035
2022-02-19T08:15:00.000000000,2930.1121,-22734.109477,13325.973815
2022-02-19T08:30:00.000000000,3773.80744,-23856.15721,10929.23201
2022-02-19T08:45:00.000000000,4434.77359,-24766.341527,8343.33817
2022-02-19T09:00:00.000000000,4934.49692,-25430.042671,5612.993802
2022-02-19T09:15:00.000000000,5300.69178,-25819.124714,2785.44533
2022-02-19T09:30:00.000000000,5566.019324,-25913.046389,-90.347444
2022-02-19T09:45:00.000000000,5766.612446,-25699.687977,-2964.575431
2022-02-19T10:00:00.000000000,5940.465999,-25175.861043,-5787.460381
2022-02-19T10:15:00.000000000,6125.756943,-24347.48064,-8510.134174
2022-02-19T10:30:00.000000000,6359.1619,-23229.39314,-11085.500428
2022-02-19T10:45:00.000000000,6674.239561,-21844.866718,-13469.062078
2022-02-19T11:00:00.000000000,7099.942547,-20224.765031,-15619.699412
2022-02-19T11:15:00.000000000,7659.317933,-18406.437192,-17500.384329
2022-02-19T11:30:00.000000000,8368.447721,-16432.368236,-19078.818138
2022-02-19T11:45:00.000000000,9235.670743,-14348.643487,-20327.981968
2022-02-19T12:00:00.000000000,10261.116013,-12203.287163,-21226.590834
2022-02-19T12:15:00.000000000,11436.565082,-10044.539977,-21759.444463
2022-02-19T12:30:00.000000000,12745.647897,-7919.142381,-21917.67003
2022-02-19T12:45:00.000000000,14164.363629,-5870.689214,-21698.854045
2022-02-19T13:00:00.000000000,15661.905435,-3938.118255,-21107.062611
2022-02-19T13:15:00.000000000,17201.756469,-2154.389458,-20152.751153
2022-02-19T13:30:00.000000000,18743.014356,-545.403932,-18852.566539
2022-02-19T13:45:00.000000000,20241.892844,870.797829,-17229.0461
2022-02-19T14:00:00.000000000,21653.342903,2084.529777,-15310.219599
2022-02-19T14:15:00.000000000,22932.731354,3094.629332,-13129.121557
2022-02-19T14:30:00.000000000,24037.513196,3908.297115,-10723.222536
2022-02-19T14:45:00.000000000,24928.83426,4540.615201,-8133.789095
2022-02-19T15:00:00.000000000,25573.003703,5013.763801,-5405.18303
2022-02-19T15:15:00.000000000,25942.780795,5355.967458,-2584.111306
2022-02-19T15:30:00.000000000,26018.427558,5600.211865,281.161278
2022-02-19T15:45:00.000000000,25788.487588,5782.780908,3141.624167
2022-02-19T16:00:00.000000000,25250.261627,5941.67018,5948.34506
2022-02-19T16:15:00.000000000,24409.961763,6114.937793,8653.292832
2022-02-19T16:30:00.000000000,23282.538093,6339.055665,11210.14639
2022-02-19T16:45:00.000000000,21891.183891,6647.324513,13575.076661
2022-02-19T17:00:00.000000000,20266.537317,7068.413471,15707.489198
2022-02-19T17:15:00.000000000,18445.609097,7625.080744,17570.715416
2022-02-19T17:30:00.000000000,16470.475895,8333.125093,19132.64111
2022-02-19T17:45:00.000000000,14386.788062,9200.609382,20366.261686
2022-02-19T18:00:00.000000000,12242.147596,10227.38741,21250.154513
2022-02-19T18:15:00.000000000,10084.417265,11404.953857,21768.859885
2022-02-19T18:30:00.000000000,7960.024845,12716.625015,21913.163341
2022-02-19T18:45:00.000000000,5912.326888,14138.045364,21680.273495
2022-02-19T19:00:00.000000000,3980.094614,15638.002537,21073.891056
2022-02-19T19:15:00.000000000,2196.180226,17179.521105,20104.166468
2022-02-19T19:30:00.000000000,586.41542,18721.19459,18787.545358
2022-02-19T19:45:00.000000000,-831.214866,20218.705446,17146.503014
2022-02-19T20:00:00.000000000,-2047.090743,21626.47492,15209.171102
2022-02-19T20:15:00.000000000,-3060.146949,22899.379066,13008.861983
2022-02-19T20:30:00.000000000,-3877.725765,23994.464057,10583.49806
2022-02-19T20:45:00.000000000,-4515.098643,24872.593397,7974.955699
2022-02-19T21:00:00.000000000,-4994.675181,25499.961879,5228.335153
2022-02-19T21:15:00.000000000,-5344.930741,25849.416106,2391.169683
2022-02-19T21:30:00.000000000,-5599.09538,25901.528784,-487.411434
2022-02-19T21:45:00.000000000,-5793.656599,25645.383795,-3357.550217
2022-02-19T22:00:00.000000000,-5966.735969,25079.040528,-6169.54104
2022-02-19T22:15:00.000000000,-6156.404857,24209.658897,-8874.708518
2022-02-19T22:30:00.000000000,-6399.006867,23053.280114,-11426.265427
2022-02-19T22:45:00.000000000,-6727.554252,21634.272132,-13780.134389
2022-02-19T23:00:00.000000000,-7170.262284,19984.462097,-15895.717965
2022-02-19T23:15:00.000000000,-7749.279858,18141.99054,-17736.603111
2022-02-19T23:30:00.000000000,-8479.666373,16149.932871,-19271.187556
2022-02-19T23:45:00.000000000,-9368.654876,14054.74273,-20473.217403
2022-02-19T00:00:00.000000000,-10109.840294,12501.898588,-21123.901886
2022-02-19T00:15:00.000000000,-11265.617196,10342.298862,-21707.81237
2022-02-19T00:30:00.000000000,-12557.741781,8209.768225,-21917.939305
2022-02-19T00:45:00.000000000,-13963.218396,6148.425202,-21750.975404
2022-02-19T01:00:00.000000000,-15452.115402,4197.928904,-21210.096823
2022-02-19T01:15:00.000000000,-16988.62626,2392.129008,-20304.888
2022-02-19T01:30:00.000000000,-18532.365489,757.949246,-19051.158359
2022-02-19T01:45:00.000000000,-20039.849266,-685.454659,-17470.655199
2022-02-19T02:00:00.000000000,-21466.103702,-1927.232348,-15590.678601
2022-02-19T02:15:00.000000000,-22766.339298,-2965.053002,-13443.605601
2022-02-19T02:30:00.000000000,-23897.627883,-3804.990086,-11066.332053
2022-02-19T02:45:00.000000000,-24820.518468,-4461.082827,-8499.641777
2022-02-19T03:00:00.000000000,-25500.530972,-4954.59271,-5787.513487
2022-02-19T03:15:00.000000000,-25909.471505,-5312.984604,-2976.376783
2022-02-19T03:30:00.000000000,-26026.519657,-5568.672329,-114.32922
2022-02-19T03:45:00.000000000,-25839.046845,-5757.577217,2749.673127
2022-02-19T04:00:00.000000000,-25343.134811,-5917.555108,5566.638784
2022-02-19T04:15:00.000000000,-24543.774541,-6086.752112,8288.364698
2022-02-19T04:30:00.000000000,-23454.737804,-6301.952125,10868.247771
2022-02-19T04:45:00.000000000,-22098.125649,-6596.979451,13262.07126
2022-02-19T05:00:00.000000000,-20503.610314,-7001.217909,15428.753495
2022-02-19T05:15:00.000000000,-18707.398441,-7538.303563,17331.04684
2022-02-19T05:30:00.000000000,-16750.953983,-8225.041903,18936.175474
2022-02-19T05:45:00.000000000,-14679.528358,-9070.591986,20216.401297
2022-02-19T06:00:00.000000000,-12540.552793,-10075.950193,21149.508223
2022-02-19T06:15:00.000000000,-10381.953239,-11233.755089,21719.196211
2022-02-19T06:30:00.000000000,-8250.451524,-12528.422725,21915.377572
2022-02-19T06:45:00.000000000,-6189.917241,-13936.609226,21734.369512
2022-02-19T07:00:00.000000000,-4239.833336,-15427.984873,21178.978375
2022-02-19T07:15:00.000000000,-2433.934454,-16966.291759,20258.472719
2022-02-19T07:30:00.000000000,-799.070812,-18510.645839,18988.444223
2022-02-19T07:45:00.000000000,645.658019,-20017.034372,17390.557295
2022-02-19T08:00:00.000000000,1889.465199,-21439.951584,15492.19035
2022-02-19T08:15:00.000000000,2930.1121,-22734.109477,13325.973815
2022-02-19T08:30:00.000000000,3773.80744,-23856.15721,10929.23201
2022-02-19T08:45:00.000000000,4434.77359,-24766.341527,8343.33817
2022-02-19T09:00:00.000000000,4934.49692,-25430.042671,5612.993802
2022-02-19T09:15:00.000000000,5300.69178,-25819.124714,2785.44533
2022-02-19T09:30:00.000000000,5566.019324,-25913.046389,-90.347444
2022-02-19T09:45:00.000000000,5766.612446,-25699.687977,-2964.575431
2022-02-19T10:00:00.000000000,5940.465999,-25175.861043,-5787.460381
2022-02-19T10:15:00.000000000,6125.756943,-24347.48064,-8510.134174
2022-02-19T10:30:00.000000000,6359.1619,-23229.39314,-11085.500428
2022-02-19T10:45:00.000000000,6674.239561,-21844.866718,-13469.062078
2022-02-19T11:00:00.000000000,7099.942547,-20224.765031,-15619.699412
2022-02-19T11:15:00.000000000,7659.317933,-18406.437192,-17500.384329
2022-02-19T11:30:00.000000000,8368.447721,-16432.368236,-19078.818138
2022-02-19T11:45:00.000000000,9235.670743,-14348.643487,-20327.981968
2022-02-19T12:00:00.000000000,10261.116013,-12203.287163,-21226.590834
2022-02-19T12:15:00.000000000,11436.565082,-10044.539977,-21759.444463
2022-02-19T12:30:00.000000000,12745.647897,-7919.142381,-21917.67003
2022-02-19T12:45:00.000000000,14164.363629,-5870.689214,-21698.854045
2022-02-19T13:00:00.000000000,15661.905435,-3938.118255,-21107.062611
2022-02-19T13:15:00.000000000,17201.756469,-2154.389458,-20152.751153
2022-02-19T13:30:00.000000000,18743.014356,-545.403932,-18852.566539
2022-02-19T13:45:00.000000000,20241.892844,870.797829,-17229.0461
2022-02-19T14:00:00.000000000,21653.342903,2084.529777,-15310.219599
2022-02-19T14:15:00.000000000,22932.731354,3094.629332,-13129.121557
2022-02-19T14:30:00.000000000,24037.513196,3908.297115,-10723.222536
2022-02-19T14:45:00.000000000,24928.83426,4540.615201,-8133.789095
2022-02-19T15:00:00.000000000,25573.003703,5013.763801,-5405.18303
2022-02-19T15:15:00.000000000,25942.780795,5355.967458,-2584.111306
2022-02-19T15:30:00.000000000,26018.427558,5600.211865,281.161278
2022-02-19T15:45:00.000000000,25788.487588,5782.780908,3141.624167
2022-02-19T16:00:00.000000000,25250.261627,5941.67018,5948.34506
2022-02-19T16:15:00.000000000,24409.961763,6114.937793,8653.292832
2022-02-19T16:30:00.000000000,23282.538093,6339.055665,11210.14639
2022-02-19T16:45:00.000000000,21891.183891,6647.324513,13575.076661
2022-02-19T17:00:00.000000000,20266.537317,7068.413471,15707.489198
2022-02-19T17:15:00.000000000,18445.609097,7625.080744,17570.715416
2022-02-19T17:30:00.000000000,16470.475895,8333.125093,19132.64111
2022-02-19T17:45:00.000000000,14386.788062,9200.609382,20366.261686
2022-02-19T18:00:00.000000000,12242.147596,10227.38741,21250.154513
2022-02-19T18:15:00.000000000,10084.417265,11404.953857,21768.859885
2022-02-19T18:30:00.000000000,7960.024845,12716.625015,21913.163341
2022-02-19T18:45:00.000000000,5912.326888,14138.045364,21680.273495
2022-02-19T19:00:00.000000000,3980.094614,15638.002537,21073.891056
2022-02-19T19:15:00.000000000,2196.180226,17179.521105,20104.166468
2022-02-19T19:30:00.000000000,586.41542,18721.19459,18787.545358
2022-02-19T19:45:00.000000000,-831.214866,20218.705446,17146.503014
2022-02-19T20:00:00.000000000,-2047.090743,21626.47492,15209.171102
2022-02-19T20:15:00.000000000,-3060.146949,22899.379066,13008.861983
2022-02-19T20:30:00.000000000,-3877.725765,23994.464057,10583.49806
2022-02-19T20:45:00.000000000,-4515.098643,24872.593397,7974.955699
2022-02-19T21:00:00.000000000,-4994.675181,25499.961879,5228.335153
2022-02-19T21:15:00.000000000,-5344.930741,25849.416106,2391.169683
2022-02-19T21:30:00.000000000,-5599.09538,25901.528784,-487.411434
2022-02-19T21:45:00.000000000,-5793.656599,25645.383795,-3357.550217
2022-02-19T22:00:00.000000000,-5966.735969,25079.040528,-6169.54104
2022-02-19T22:15:00.000000000,-6156.404857,24209.658897,-8874.708518
2022-02-19T22:30:00.000000000,-6399.006867,23053.280114,-11426.265427
2022-02-19T22:45:00.000000000,-6727.554252,21634.272132,-13780.134389
2022-02-19T23:00:00.000000000,-7170.262284,19984.462097,-15895.717965
2022-02-19T23:15:00.000000000,-7749.279858,18141.99054,-17736.603111
2022-02-19T23:30:00.000000000,-8479.666373,16149.932871,-19271.187556
2022-02-19T23:45:00.000000000,-9368.654876,14054.74273,-20473.217403
2022-02-19T00:00:00.000000000,-10109.840294,12501.898588,-21123.901886
2022-02-19T00:15:00.000000000,-11265.617196,10342.298862,-21707.81237
2022-02-19T00:30:00.000000000,-12557.741781,8209.768225,-21917.939305
2022-02-19T00:45:00.000000000,-13963.218396,6148.425202,-21750.975404
2022-02-19T01:00:00.000000000,-15452.115402,4197.928904,-21210.096823
2022-02-19T01:15:00.000000000,-16988.62626,2392.129008,-20304.888
2022-02-19T01:30:00.000000000,-18532.365489,757.949246,-19051.158359
2022-02-19T01:45:00.000000000,-20039.849266,-685.454659,-17470.655199
2022-02-19T02:00:00.000000000,-21466.103702,-1927.232348,-15590.678601
2022-02-19T02:15:00.000000000,-22766.339298,-2965.053002,-13443.605601
2022-02-19T02:30:00.000000000,-23897.627883,-3804.990086,-11066.332053
2022-02-19T02:45:00.000000000,-24820.518468,-4461.082827,-8499.641777
2022-02-19T03:00:00.000000000,-25500.530972,-4954.59271,-5787.513487
2022-02-19T03:15:00.000000000,-25909.471505,-5312.984604,-2976.376783
2022-02-19T03:30:00.000000000,-26026.519657,-5568.672329,-114.32922
2022-02-19T03:45:00.000000000,-25839.046845,-5757.577217,2749.673127
2022-02-19T04:00:00.000000000,-25343.134811,-5917.555108,5566.638784
2022-02-19T04:15:00.000000000,-24543.774541,-6086.752112,8288.364698
2022-02-19T04:30:00.000000000,-23454.737804,-6301.952125,10868.247771
2022-02-19T04:45:00.000000000,-22098.125649,-6596.979451,13262.07126
2022-02-19T05:00:00.000000000,-20503.610314,-7001.217909,15428.753495
2022-02-19T05:15:00.000000000,-18707.398441,-7538.303563,17331.04684
2022-02-19T05:30:00.000000000,-16750.953983,-8225.041903,18936.175474
2022-02-19T05:45:00.000000000,-14679.528358,-9070.591986,20216.401297
2022-02-19T06:00:00.000000000,-12540.552793,-10075.950193,21149.508223
2022-02-19T06:15:00.000000000,-10381.953239,-11233.755089,21719.196211
2022-02-19T06:30:00.000000000,-8250.451524,-12528.422725,21915.377572
2022-02-19T06:45:00.000000000,-6189.917241,-13936.609226,21734.369512
2022-02-19T07:00:00.000000000,-4239.833336,-15427.984873,21178.978375
2022-02-19T07:15:00.000000000,-2433.934454,-16966.291759,20258.472719
2022-02-19T07:30:00.000000000,-799.070812,-18510.645839,18988.444223
2022-02-19T07:45:00.000000000,645.658019,-20017.034372,17390.557295
2022-02-19T08:00:00.000000000,1889.465199,-21439.951584,15492.19035
2022-02-19T08:15:00.000000000,2930.1121,-22734.109477,13325.973815
2022-02-19T08:30:00.000000000,3773.80744,-23856.15721,10929.23201
2022-02-19T08:45:00.000000000,4434.77359,-24766.341527,8343.33817
2022-02-19T09:00:00.000000000,4934.49692,-25430.042671,5612.993802
2022-02-19T09:15:00.000000000,5300.69178,-25819.124714,2785.44533
2022-02-19T09:30:00.000000000,5566.019324,-25913.046389,-90.347444
2022-02-19T09:45:00.000000000,5766.612446,-25699.687977,-2964.575431
2022-02-19T10:00:00.000000000,5940.465999,-25175.861043,-5787.460381
2022-02-19T10:15:00.000000000,6125.756943,-24347.48064,-8510.134174
2022-02-19T10:30:00.000000000,6359.1619,-23229.39314,-11085.500428
2022-02-19T10:45:00.000000000,6674.239561,-21844.866718,-13469.062078
2022-02-19T11:00:00.000000000,7099.942547,-20224.765031,-15619.699412
2022-02-19T11:15:00.000000000,7659.317933,-18406.437192,-17500.384329
2022-02-19T11:30:00.000000000,8368.447721,-16432.368236,-19078.818138
2022-02-19T11:45:00.000000000,9235.670743,-14348.643487,-20327.981968
2022-02-19T12:00:00.000000000,10261.116013,-12203.287163,-21226.590834
2022-02-19T12:15:00.000000000,11436.565082,-10044.539977,-21759.444463
2022-02-19T12:30:00.000000000,12745.647897,-7919.142381,-21917.67003
2022-02-19T12:45:00.000000000,14164.363629,-5870.689214,-21698.854045
2022-02-19T13:00:00.000000000,15661.905435,-3938.118255,-21107.062611
2022-02-19T13:15:00.000000000,17201.756469,-2154.389458,-20152.751153
2022-02-19T13:30:00.000000000,18743.014356,-545.403932,-18852.566539
2022-02-19T13:45:00.000000000,20241.892844,870.797829,-17229.0461
2022-02-19T14:00:00.000000000,21653.342903,2084.529777,-15310.219599
2022-02-19T14:15:00.000000000,22932.731354,3094.629332,-13129.121557
2022-02-19T14:30:00.000000000,24037.513196,3908.297115,-10723.222536
2022-02-19T14:45:00.000000000,24928.83426,4540.615201,-8133.789095
2022-02-19T15:00:00.000000000,25573.003703,5013.763801,-5405.18303
2022-02-19T15:15:00.000000000,25942.780795,5355.967458,-2584.111306
2022-02-19T15:30:00.000000000,26018.427558,5600.211865,281.161278
2022-02-19T15:45:00.000000000,25788.487588,5782.780908,3141.624167
2022-02-19T16:00:00.000000000,25250.261627,5941.67018,5948.34506
2022-02-19T16:15:00.000000000,24409.961763,6114.937793,8653.292832
2022-02-19T16:30:00.000000000,23282.538093,6339.055665,11210.14639
2022-02-19T16:45:00.000000000,21891.183891,6647.324513,13575.076661
2022-02-19T17:00:00.000000000,20266.537317,7068.413471,15707.489198
2022-02-19T17:15:00.000000000,18445.609097,7625.080744,17570.715416
2022-02-19T17:30:00.000000000,16470.475895,8333.125093,19132.64111
2022-02-19T17:45:00.000000000,14386.788062,9200.609382,20366.261686
2022-02-19T18:00:00.000000000,12242.147596,10227.38741,21250.154513
2022-02-19T18:15:00.000000000,10084.417265,11404.953857,21768.859885
2022-02-19T18:30:00.000000000,7960.024845,12716.625015,21913.163341
2022-02-19T18:45:00.000000000,5912.326888,14138.045364,21680.273495
2022-02-19T19:00:00.000000000,3980.094614,15638.002537,21073.891056
2022-02-19T19:15:00.000000000,2196.180226,17179.521105,20104.166468
2022-02-19T19:30:00.000000000,586.41542,18721.19459,18787.545358
2022-02-19T19:45:00.000000000,-831.214866,20218.705446,17146.503014
2022-02-19T20:00:00.000000000,-2047.090743,21626.47492,15209.171102
2022-02-19T20:15:00.000000000,-3060.146949,22899.379066,13008.861983
2022-02-19T20:30:00.000000000,-3877.725765,23994.464057,10583.49806
2022-02-19T20:45:00.000000000,-4515.098643,24872.593397,7974.955699
2022-02-19T21:00:00.000000000,-4994.675181,25499.961879,5228.335153
2022-02-19T21:15:00.000000000,-5344.930741,25849.416106,2391.169683
2022-02-19T21:30:00.000000000,-5599.09538,25901.528784,-487.411434
2022-02-19T21:45:00.000000000,-5793.656599,25645.383795,-3357.550217
2022-02-19T22:00:00.000000000,-5966.735969,25079.040528,-6169.54104
2022-02-19T22:15:00.000000000,-6156.404857,24209.658897,-8874.708518
2022-02-19T22:30:00.000000000,-6399.006867,23053.280114,-11426.265427
2022-02-19T22:45:00.000000000,-6727.554252,21634.272132,-13780.134389
2022-02-19T23:00:00.000000000,-7170.262284,19984.462097,-15895.717965
2022-02-19T23:15:00.000000000,-7749.279858,18141.99054,-17736.603111
2022-02-19T23:30:00.000000000,-8479.666373,16149.932871,-19271.187556
2022-02-19T23:45:00.000000000,-9368.654876,14054.74273,-20473.217403
2022-02-19T00:00:00.000000000,-10109.840294,12501.898588,-21123.901886
2022-02-19T00:15:00.000000000,-11265.617196,10342.298862,-21707.81237
2022-02-19T00:30:00.000000000,-12557.741781,8209.768225,-21917.939305
2022-02-19T00:45:00.000000000,-13963.218396,6148.425202,-21750.975404
2022-02-19T01:00:00.000000000,-15452.115402,4197.928904,-21210.096823
2022-02-19T01:15:00.000000000,-16988.62626,2392.129008,-20304.888
2022-02-19T01:30:00.000000000,-18532.365489,757.949246,-19051.158359
2022-02-19T01:45:00.000000000,-20039.849266,-685.454659,-17470.655199
2022-02-19T02:00:00.000000000,-21466.103702,-1927.232348,-15590.678601
2022-02-19T02:15:00.000000000,-22766.339298,-2965.053002,-13443.605601
2022-02-19T02:30:00.000000000,-23897.627883,-3804.990086,-11066.332053
2022-02-19T02:45:00.000000000,-24820.518468,-4461.082827,-8499.641777
2022-02-19T03:00:00.000000000,-25500.530972,-4954.59271,-5787.513487
2022-02-19T03:15:00.000000000,-25909.471505,-5312.984604,-2976.376783
2022-02-19T03:30:00.000000000,-26026.519657,-5568.672329,-114.32922
2022-02-19T03:45:00.000000000,-25839.046845,-5757.577217,2749.673127
2022-02-19T04:00:00.000000000,-25343.134811,-5917.555108,5566.638784
2022-02-19T04:15:00.000000000,-24543.774541,-6086.752112,8288.364698
2022-02-19T04:30:00.000000000,-23454.737804,-6301.952125,10868.247771
2022-02-19T04:45:00.000000000,-22098.125649,-6596.979451,13262.07126
2022-02-19T05:00:00.000000000,-20503.610314,-7001.217909,15428.753495
2022-02-19T05:15:00.000000000,-18707.398441,-7538.303563,17331.04684
2022-02-19T05:30:00.000000000,-16750.953983,-8225.041903,18936.175474
2022-02-19T05:45:00.000000000,-14679.528358,-9070.591986,20216.401297
2022-02-19T06:00:00.000000000,-12540.552793,-10075.950193,21149.508223
2022-02-19T06:15:00.000000000,-10381.953239,-11233.755089,21719.196211
2022-02-19T06:30:00.000000000,-8250.451524,-12528.422725,21915.377572
2022-02-19T06:45:00.000000000,-6189.917241,-13936.609226,21734.369512
2022-02-19T07:00:00.000000000,-4239.833336,-15427.984873,21178.978375
2022-02-19T07:15:00.000000000,-2433.934454,-16966.291759,20258.472719
2022-02-19T07:30:00.000000000,-799.070812,-18510.645839,18988.444223
2022-02-19T07:45:00.000000000,645.658019,-20017.034372,17390.557295
2022-02-19T08:00:00.000000000,1889.465199,-21439.951584,15492.19035
2022-02-19T08:15:00.000000000,2930.1121,-22734.109477,13325.973815
2022-02-19T08:30:00.000000000,3773.80744,-23856.15721,10929.23201
2022-02-19T08:45:00.000000000,4434.77359,-24766.341527,8343.33817
2022-02-19T09:00:00.000000000,4934.49692,-25430.042671,5612.993802
2022-02-19T09:15:00.000000000,5300.69178,-25819.124714,2785.44533
2022-02-19T09:30:00.000000000,5566.019324,-25913.046389,-90.347444
2022-02-19T09:45:00.000000000,5766.612446,-25699.687977,-2964.575431
2022-02-19T10:00:00.000000000,5940.465999,-25175.861043,-5787.460381
2022-02-19T10:15:00.000000000,6125.756943,-24347.48064,-8510.134174
2022-02-19T10:30:00.000000000,6359.1619,-23229.39314,-11085.500428
2022-02-19T10:45:00.000000000,6674.239561,-21844.866718,-13469.062078
2022-02-19T11:00:00.000000000,7099.942547,-20224.765031,-15619.699412
2022-02-19T11:15:00.000000000,7659.317933,-18406.437192,-17500.384329
2022-02-19T11:30:00.000000000,8368.447721,-16432.368236,-19078.818138
2022-02-19T11:45:00.000000000,9235.670743,-14348.643487,-20327.981968
2022-02-19T12:00:00.000000000,10261.116013,-12203.287163,-21226.590834
2022-02-19T12:15:00.000000000,11436.565082,-10044.539977,-21759.444463
2022-02-19T12:30:00.000000000,12745.647897,-7919.142381,-21917.67003
2022-02-19T12:45:00.000000000,14164.363629,-5870.689214,-21698.854045
2022-02-19T13:00:00.000000000,15661.905435,-3938.118255,-21107.062611
2022-02-19T13:15:00.000000000,17201.756469,-2154.389458,-20152.751153
2022-02-19T13:30:00.000000000,18743.014356,-545.403932,-18852.566539
2022-02-19T13:45:00.000000000,20241.892844,870.797829,-17229.0461
2022-02-19T14:00:00.000000000,21653.342903,2084.529777,-15310.219599
2022-02-19T14:15:00.000000000,22932.731354,3094.629332,-13129.121557
2022-02-19T14:30:00.000000000,24037.513196,3908.297115,-10723.222536
2022-02-19T14:45:00.000000000,24928.83426,4540.615201,-8133.789095
2022-02-19T15:00:00.000000000,25573.003703,5013.763801,-5405.18303
2022-02-19T15:15:00.000000000,25942.780795,5355.967458,-2584.111306
2022-02-19T15:30:00.000000000,26018.427558,5600.211865,281.161278
2022-02-19T15:45:00.000000000,25788.487588,5782.780908,3141.624167
2022-02-19T16:00:00.000000000,25250.261627,5941.67018,5948.34506
2022-02-19T16:15:00.000000000,24409.961763,6114.937793,8653.292832
2022-02-19T16:30:00.000000000,23282.538093,6339.055665,11210.14639
2022-02-19T16:45:00.000000000,21891.183891,6647.324513,13575.076661
2022-02-19T17:00:00.000000000,20266.537317,7068.413471,15707.489198
2022-02-19T17:15:00.000000000,18445.609097,7625.080744,17570.715416
2022-02-19T17:30:00.000000000,16470.475895,8333.125093,19132.64111
2022-02-19T17:45:00.000000000,14386.788062,9200.609382,20366.261686
2022-02-19T18:00:00.000000000,12242.147596,10227.38741,21250.154513
2022-02-19T18:15:00.000000000,10084.417265,11404.953857,21768.859885
2022-02-19T18:30:00.000000000,7960.024845,12716.625015,21913.163341
2022-02-19T18:45:00.000000000,5912.326888,14138.045364,21680.273495
2022-02-19T19:00:00.000000000,3980.094614,15638.002537,21073.891056
2022-02-19T19:15:00.000000000,2196.180226,17179.521105,20104.166468
2022-02-19T19:30:00.000000000,586.41542,18721.19459,18787.545358
2022-02-19T19:45:00.000000000,-831.214866,20218.705446,17146.503014
2022-02-19T20:00:00.000000000,-2047.090743,21626.47492,15209.171102
2022-02-19T20:15:00.000000000,-3060.146949,22899.379066,13008.861983
2022-02-19T20:30:00.000000000,-3877.725765,23994.464057,10583.49806
2022-02-19T20:45:00.000000000,-4515.098643,24872.593397,7974.955699
2022-02-19T21:00:00.000000000,-4994.675181,25499.961879,5228.335153
2022-02-19T21:15:00.000000000,-5344.930741,25849.416106,2391.169683
2022-02-19T21:30:00.000000000,-5599.09538,25901.528784,-487.411434
2022-02-19T21:45:00.000000000,-5793.656599,25645.383795,-3357.550217
2022-02-19T22:00:00.000000000,-5966.735969,25079.040528,-6169.54104
2022-02-19T22:15:00.000000000,-6156.404857,24209.658897,-8874.708518
2022-02-19T22:30:00.000000000,-6399.006867,23053.280114,-11426.265427
2022-02-19T22:45:00.000000000,-6727.554252,21634.272132,-13780.134389
2022-02-19T23:00:00.000000000,-7170.262284,19984.462097,-15895.717965
2022-02-19T23:15:00.000000000,-7749.279858,18141.99054,-17736.603111
2022-02-19T23:30:00.000000000,-8479.666373,16149.932871,-19271.187556
2022-02-19T23:45:00.000000000,-9368.654876,14054.74273,-20473.217403
2022-02-19T00:00:00.000000000,-10109.840294,12501.898588,-21123.901886
2022-02-19T00:15:00.000000000,-11265.617196,10342.298862,-21707.81237
2022-02-19T00:30:00.000000000,-12557.741781,8209.768225,-21917.939305
2022-02-19T00:45:00.000000000,-13963.218396,6148.425202,-21750.975404
2022-02-19T01:00:00.000000000,-15452.115402,4197.928904,-21210.096823
2022-02-19T01:15:00.000000000,-16988.62626,2392.129008,-20304.888
2022-02-19T01:30:00.000000000,-18532.365489,757.949246,-19051.158359
2022-02-19T01:45:00.000000000,-20039.849266,-685.454659,-17470.655199
2022-02-19T02:00:00.000000000,-21466.103702,-1927.232348,-15590.678601
2022-02-19T02:15:00.000000000,-22766.339298,-2965.053002,-13443.605601
2022-02-19T02:30:00.000000000,-23897.627883,-3804.990086,-11066.332053
2022-02-19T02:45:00.000000000,-24820.518468,-4461.082827,-8499.641777
2022-02-19T03:00:00.000000000,-25500.530972,-4954.59271,-5787.513487
2022-02-19T03:15:00.000000000,-25909.471505,-5312.984604,-2976.376783
2022-02-19T03:30:00.000000000,-26026.519657,-5568.672329,-114.32922
2022-02-19T03:45:00.000000000,-25839.046845,-5757.577217,2749.673127
2022-02-19T04:00:00.000000000,-25343.134811,-5917.555108,5566.638784
2022-02-19T04:15:00.000000000,-24543.774541,-6086.752112,8288.364698
2022-02-19T04:30:00.000000000,-23454.737804,-6301.952125,10868.247771
2022-02-19T04:45:00.000000000,-22098.125649,-6596.979451,13262.07126
2022-02-19T05:00:00.000000000,-20503.610314,-7001.217909,15428.753495
2022-02-19T05:15:00.000000000,-18707.398441,-7538.303563,17331.04684
2022-02-19T05:30:00.000000000,-16750.953983,-8225.041903,18936.175474
2022-02-19T05:45:00.000000000,-14679.528358,-9070.591986,20216.401297
2022-02-19T06:00:00.000000000,-12540.552793,-10075.950193,21149.508223
2022-02-19T06:15:00.000000000,-10381.953239,-11233.755089,21719.196211
2022-02-19T06:30:00.000000000,-8250.451524,-12528.422725,21915.377572
2022-02-19T06:45:00.000000000,-6189.917241,-13936.609226,21734.369512
2022-02-19T07:00:00.000000000,-4239.833336,-15427.984873,21178.978375
2022-02-19T07:15:00.000000000,-2433.934454,-16966.291759,20258.472719
2022-02-19T07:30:00.000000000,-799.070812,-18510.645839,18988.444223
2022-02-19T07:45:00.000000000,645.658019,-20017.034372,17390.557295
2022-02-19T08:00:00.000000000,1889.465199,-21439.951584,15492.19035
2022-02-19T08:15:00.000000000,2930.1121,-22734.109477,13325.973815
2022-02-19T08:30:00.000000000,3773.80744,-23856.15721,10929.23201
2022-02-19T08:45:00.000000000,4434.77359,-24766.341527,8343.33817
2022-02-19T09:00:00.000000000,4934.49692,-25430.042671,5612.993802
2022-02-19T09:15:00.000000000,5300.69178,-25819.124714,2785.44533
2022-02-19T09:30:00.000000000,5566.019324,-25913.046389,-90.347444
2022-02-19T09:45:00.000000000,5766.612446,-25699.687977,-2964.575431
2022-02-19T10:00:00.000000000,5940.465999,-25175.861043,-5787.460381
2022-02-19T10:15:00.000000000,6125.756943,-24347.48064,-8510.134174
2022-02-19T10:30:00.000000000,6359.1619,-23229.39314,-11085.500428
2022-02-19T10:45:00.000000000,6674.239561,-21844.866718,-13469.062078
2022-02-19T11:00:00.000000000,7099.942547,-20224.765031,-15619.699412
2022-02-19T11:15:00.000000000,7659.317933,-18406.437192,-17500.384329
2022-02-19T11:30:00.000000000,8368.447721,-16432.368236,-19078.818138
2022-02-19T11:45:00.000000000,9235.670743,-14348.643487,-20327.981968
2022-02-19T12:00:00.000000000,10261.116013,-12203.287163,-21226.590834
2022-02-19T12:15:00.000000000,11436.565082,-10044.539977,-21759.444463
2022-02-19T12:30:00.000000000,12745.647897,-7919.142381,-21917.67003
2022-02-19T12:45:00.000000000,14164.363629,-5870.689214,-21698.854045
2022-02-19T13:00:00.000000000,15661.905435,-3938.118255,-21107.062611
2022-02-19T13:15:00.000000000,17201.756469,-2154.389458,-20152.751153
2022-02-19T13:30:00.000000000,18743.014356,-545.403932,-18852.566539
2022-02-19T13:45:00.000000000,20241.892844,870.797829,-17229.0461
2022-02-19T14:00:00.000000000,21653.342903,2084.529777,-15310.219599
2022-02-19T14:15:00.000000000,22932.731354,3094.629332,-13129.121557
2022-02-19T14:30:00.000000000,24037.513196,3908.297115,-10723.222536
2022-02-19T14:45:00.000000000,24928.83426,4540.615201,-8133.789095
2022-02-19T15:00:00.000000000,25573.003703,5013.763801,-5405.18303
2022-02-19T15:15:00.000000000,25942.780795,5355.967458,-2584.111306
2022-02-19T15:30:00.000000000,26018.427558,5600.211865,281.161278
2022-02-19T15:45:00.000000000,25788.487588,5782.780908,3141.624167
2022-02-19T16:00:00.000000000,25250.261627,5941.67018,5948.34506
2022-02-19T16:15:00.000000000,24409.961763,6114.937793,8653.292832
2022-02-19T16:30:00.000000000,23282.538093,6339.055665,11210.14639
2022-02-19T16:45:00.000000000,21891.183891,6647.324513,13575.076661
2022-02-19T17:00:00.000000000,20266.537317,7068.413471,15707.489198
2022-02-19T17:15:00.000000000,18445.609097,7625.080744,17570.715416
2022-02-19T17:30:00.000000000,16470.475895,8333.125093,19132.64111
2022-02-19T17:45:00.000000000,14386.788062,9200.609382,20366.261686
2022-02-19T18:00:00.000000000,12242.147596,10227.38741,21250.154513
2022-02-19T18:15:00.000000000,10084.417265,11404.953857,21768.859885
2022-02-19T18:30:00.000000000,7960.024845,12716.625015,21913.163341
2022-02-19T18:45:00.000000000,5912.326888,14138.045364,21680.273495
2022-02-19T19:00:00.000000000,3980.094614,15638.002537,21073.891056
2022-02-19T19:15:00.000000000,2196.180226,17179.521105,20104.166468
2022-02-19T19:30:00.000000000,586.41542,18721.19459,18787.545358
2022-02-19T19:45:00.000000000,-831.214866,20218.705446,17146.503014
2022-02-19T20:00:00.000000000,-2047.090743,21626.47492,15209.171102
2022-02-19T20:15:00.000000000,-3060.146949,22899.379066,13008.861983
2022-02-19T20:30:00.000000000,-3877.725765,23994.464057,10583.49806
2022-02-19T20:45:00.000000000,-4515.098643,24872.593397,7974.955699
2022-02-19T21:00:00.000000000,-4994.675181,25499.961879,5228.335153
2022-02-19T21:15:00.000000000,-5344.930741,25849.416106,2391.169683
2022-02-19T21:30:00.000000000,-5599.09538,25901.528784,-487.411434
2022-02-19T21:45:00.000000000,-5793.656599,25645.383795,-3357.550217
2022-02-19T22:00:00.000000000,-5966.735969,25079.040528,-6169.54104
2022-02-19T22:15:00.000000000,-6156.404857,24209.658897,-8874.708518
2022-02-19T22:30:00.000000000,-6399.006867,23053.280114,-11426.265427
2022-02-19T22:45:00.000000000,-6727.554252,21634.272132,-13780.134389
2022-02-19T23:00:00.000000000,-7170.262284,19984.462097,-15895.717965
2022-02-19T23:15:00.000000000,-7749.279858,18141.99054,-17736.603111
2022-02-19T23:30:00.000000000,-8479.666373,16149.932871,-19271.187556
2022-02-19T23:45:00.000000000,-9368.654876,14054.74273,-20473.217403
2022-02-18T00:00:00.000000000,-9815.708443,13097.802108,-20897.82604
2022-02-18T00:15:00.000000000,-10931.281866,10939.175304,-21583.295165
2022-02-18T00:30:00.000000000,-12188.193306,8794.894388,-21897.037931
2022-02-18T00:45:00.000000000,-13565.501638,6710.038077,-21833.961437
2022-02-18T01:00:00.000000000,-15035.085509,4725.631295,-21395.45758
2022-02-18T01:15:00.000000000,-16562.632218,2877.239465,-20589.358256
2022-02-18T01:30:00.000000000,-18108.873808,1193.783376,-19429.781497
2022-02-18T01:45:00.000000000,-19631.022351,-303.381737,-17936.872427
2022-02-18T02:00:00.000000000,-21084.34908,-1601.089584,-16136.444466
2022-02-18T02:15:00.000000000,-22423.846899,-2694.666896,-14059.527657
2022-02-18T02:30:00.000000000,-23605.912948,-3587.90855,-11741.832248
2022-02-18T02:45:00.000000000,-24589.987356,-4292.726511,-9223.136829
2022-02-18T03:00:00.000000000,-25340.08625,-4828.487612,-6546.611267
2022-02-18T03:15:00.000000000,-25826.171188,-5221.066788,-3758.085557
2022-02-18T03:30:00.000000000,-26025.303435,-5501.65288,-905.2764
2022-02-18T03:45:00.000000000,-25922.539594,-5705.35336,1963.016165
2022-02-18T04:00:00.000000000,-25511.534848,-5869.651708,4797.729352
2022-02-18T04:15:00.000000000,-24794.8309,-6032.776636,7550.3625
2022-02-18T04:30:00.000000000,-23783.817505,-6232.045635,10173.793207
2022-02-18T04:45:00.000000000,-22498.368593,-6502.246336,12623.071871
2022-02-18T05:00:00.000000000,-20966.166147,-6874.117815,14856.18196
2022-02-18T05:15:00.000000000,-19221.736658,-7372.990355,16834.753817
2022-02-18T05:30:00.000000000,-17305.235777,-8017.636437,18524.72039
2022-02-18T05:45:00.000000000,-15261.026348,-8819.377907,19896.90395
2022-02-18T06:00:00.000000000,-13136.102899,-9781.484845,20927.523811
2022-02-18T06:15:00.000000000,-10978.421712,-10898.89078,21598.616065
2022-02-18T06:30:00.000000000,-8835.199417,-12158.237019,21898.357518
2022-02-18T06:45:00.000000000,-6751.244654,-13538.246371,21821.287387
2022-02-18T07:00:00.000000000,-4767.386408,-15010.413935,21368.421763
2022-02-18T07:15:00.000000000,-2919.059395,-16539.990289,20547.257526
2022-02-18T07:30:00.000000000,-1235.101219,-18087.220873,19371.664134
2022-02-18T07:45:00.000000000,263.191815,-19608.795106,17861.663674
2022-02-18T08:00:00.000000000,1562.713053,-21059.450091,16043.101539
2022-02-18T08:15:00.000000000,2658.872171,-22393.667243,13947.212214
2022-02-18T08:30:00.000000000,3555.5869,-23567.395942,11610.086759
2022-02-18T08:45:00.000000000,4264.939606,-24539.736705,9072.050705
2022-02-18T09:00:00.000000000,4806.51201,-25274.517492,6376.963017
2022-02-18T09:15:00.000000000,5206.42421,-25741.700592,3571.448656
2022-02-18T09:30:00.000000000,5496.116171,-25918.563989,704.078833
2022-02-18T09:45:00.000000000,5710.920389,-25790.609948,-2175.485653
2022-02-18T10:00:00.000000000,5888.482952,-25352.164397,-5017.371714
2022-02-18T10:15:00.000000000,6067.096388,-24606.643081,-7772.375084
2022-02-18T10:30:00.000000000,6284.011276,-23566.473892,-10392.82837
2022-02-18T10:45:00.000000000,6573.794349,-22252.678589,-12833.439518
2022-02-18T11:00:00.000000000,6966.798723,-20694.130813,-15052.08493
2022-02-18T11:15:00.000000000,7487.807204,-18926.520148,-17010.542607
2022-02-18T11:30:00.000000000,8154.902341,-16991.063536,-18675.152201
2022-02-18T11:45:00.000000000,8978.607571,-14933.015137,-20017.39052
2022-02-18T12:00:00.000000000,9961.332763,-12800.033285,-21014.35298
2022-02-18T12:15:00.000000000,11097.145223,-10640.468338,-21649.13353
2022-02-18T12:30:00.000000000,12371.874249,-8501.637813,-21911.097604
2022-02-18T12:45:00.000000000,13763.544297,-6428.155069,-21796.044789
2022-02-18T13:00:00.000000000,15243.119041,-4460.375172,-21306.259849
2022-02-18T13:15:00.000000000,16775.526745,-2633.01654,-20450.452728
2022-02-18T13:30:00.000000000,18320.926765,-974.00972,-19243.58994
2022-02-18T13:45:00.000000000,19836.168036,496.384406,-17706.621419
2022-02-18T14:00:00.000000000,21276.383363,1766.155189,-15866.108517
2022-02-18T14:15:00.000000000,22596.658516,2831.801409,-13753.760147
2022-02-18T14:30:00.000000000,23753.712587,3698.261161,-11405.885417
2022-02-18T14:45:00.000000000,24707.525874,4378.516902,-8862.772155
2022-02-18T15:00:00.000000000,25422.853783,4892.892313,-6168.001727
2022-02-18T15:15:00.000000000,25870.569655,5268.069097,-3367.711345
2022-02-18T15:30:00.000000000,26028.785932,5535.862213,-509.815773
2022-02-18T15:45:00.000000000,25883.711454,5731.800994,2356.799183
2022-02-18T16:00:00.000000000,25430.21251,5893.570763,5183.09865
2022-02-18T16:15:00.000000000,24672.056363,6059.374728,7920.723144
2022-02-18T16:30:00.000000000,23621.827756,6266.278908,10522.802519
2022-02-18T16:45:00.000000000,22300.521087,6548.60355,12944.74655
2022-02-18T17:00:00.000000000,20736.823049,6936.422774,15144.999539
2022-02-18T17:15:00.000000000,18966.112114,7454.230342,17085.746814
2022-02-18T17:30:00.000000000,17029.211874,8119.823324,18733.561585
2022-02-18T17:45:00.000000000,14970.944614,8943.447431,20059.98135
2022-02-18T18:00:00.000000000,12838.539156,9927.238122,21042.00399
2022-02-18T18:15:00.000000000,10679.952741,11064.980538,21662.494715
2022-02-18T18:30:00.000000000,8542.170298,12342.199333,21910.49624
2022-02-18T18:45:00.000000000,6469.545602,13736.576979,21781.435945
2022-02-18T19:00:00.000000000,4502.247682,15218.686441,21277.225242
2022-02-18T19:15:00.000000000,2674.87218,16753.011968,20406.248083
2022-02-18T19:30:00.000000000,1015.271443,18299.220257,19183.237294
2022-02-18T19:45:00.000000000,-456.351006,19813.63426,17629.039379
2022-02-18T20:00:00.000000000,-1728.045907,21250.85346,15770.27046
2022-02-18T20:15:00.000000000,-2796.399448,22565.458213,13638.868114
2022-02-18T20:30:00.000000000,-3666.478658,23713.731909,11271.545981
2022-02-18T20:45:00.000000000,-4351.442717,24655.333395,8709.16012
2022-02-18T21:00:00.000000000,-4871.835214,25354.853679,5995.998066
2022-02-18T21:15:00.000000000,-5254.585268,25783.195049,3179.003292
2022-02-18T21:30:00.000000000,-5531.757215,25918.717621,306.949423
2022-02-18T21:45:00.000000000,-5739.098848,25748.10739,-2570.420296
2022-02-18T22:00:00.000000000,-5914.446454,25266.931,-5403.271869
2022-02-18T22:15:00.000000000,-6096.050679,24479.855005,-8142.560913
2022-02-18T22:30:00.000000000,-6320.89047,23400.520889,-10740.897637
2022-02-18T22:45:00.000000000,-6623.042717,22051.080994,-13153.380018
2022-02-18T23:00:00.000000000,-7032.172744,20461.41407,-15338.379506
2022-02-18T23:15:00.000000000,-7572.205722,18668.051894,-17258.264858
2022-02-18T23:30:00.000000000,-8260.231544,16712.859709,-18880.051174
2022-02-18T23:45:00.000000000,-9105.686047,14641.522787,-20175.962943
2022-02-19T00:00:00.000000000,-10109.840294,12501.898588,-21123.901886
2022-02-19T00:15:00.000000000,-11265.617196,10342.298862,-21707.81237
2022-02-19T00:30:00.000000000,-12557.741781,8209.768225,-21917.939305
2022-02-19T00:45:00.000000000,-13963.218396,6148.425202,-21750.975404
2022-02-19T01:00:00.000000000,-15452.115402,4197.928904,-21210.096823
2022-02-19T01:15:00.000000000,-16988.62626,2392.129008,-20304.888
2022-02-19T01:30:00.000000000,-18532.365489,757.949246,-19051.158359
2022-02-19T01:45:00.000000000,-20039.849266,-685.454659,-17470.655199
2022-02-19T02:00:00.000000000,-21466.103702,-1927.232348,-15590.678601
2022-02-19T02:15:00.000000000,-22766.339298,-2965.053002,-13443.605601
2022-02-19T02:30:00.000000000,-23897.627883,-3804.990086,-11066.332053
2022-02-19T02:45:00.000000000,-24820.518468,-4461.082827,-8499.641777
2022-02-19T03:00:00.000000000,-25500.530972,-4954.59271,-5787.513487
2022-02-19T03:15:00.000000000,-25909.471505,-5312.984604,-2976.376783
2022-02-19T03:30:00.000000000,-26026.519657,-5568.672329,-114.32922
2022-02-19T03:45:00.000000000,-25839.046845,-5757.577217,2749.673127
2022-02-19T04:00:00.000000000,-25343.134811,-5917.555108,5566.638784
2022-02-19T04:15:00.000000000,-24543.774541,-6086.752112,8288.364698
2022-02-19T04:30:00.000000000,-23454.737804,-6301.952125,10868.247771
2022-02-19T04:45:00.000000000,-22098.125649,-6596.979451,13262.07126
2022-02-19T05:00:00.000000000,-20503.610314,-7001.217909,15428.753495
2022-02-19T05:15:00.000000000,-18707.398441,-7538.303563,17331.04684
2022-02-19T05:30:00.000000000,-16750.953983,-8225.041903,18936.175474
2022-02-19T05:45:00.000000000,-14679.528358,-9070.591986,20216.401297
2022-02-19T06:00:00.000000000,-12540.552793,-10075.950193,21149.508223
2022-02-19T06:15:00.000000000,-10381.953239,-11233.755089,21719.196211
2022-02-19T06:30:00.000000000,-8250.451524,-12528.422725,21915.377572
2022-02-19T06:45:00.000000000,-6189.917241,-13936.609226,21734.369512
2022-02-19T07:00:00.000000000,-4239.833336,-15427.984873,21178.978375
2022-02-19T07:15:00.000000000,-2433.934454,-16966.291759,20258.472719
2022-02-19T07:30:00.000000000,-799.070812,-18510.645839,18988.444223
2022-02-19T07:45:00.000000000,645.658019,-20017.034372,17390.557295
2022-02-19T08:00:00.000000000,1889.465199,-21439.951584,15492.19035
2022-02-19T08:15:00.000000000,2930.1121,-22734.109477,13325.973815
2022-02-19T08:30:00.000000000,3773.80744,-23856.15721,10929.23201
2022-02-19T08:45:00.000000000,4434.77359,-24766.341527,8343.33817
2022-02-19T09:00:00.000000000,4934.49692,-25430.042671,5612.993802
2022-02-19T09:15:00.000000000,5300.69178,-25819.124714,2785.44533
2022-02-19T09:30:00.000000000,5566.019324,-25913.046389,-90.347444
2022-02-19T09:45:00.000000000,5766.612446,-25699.687977,-2964.575431
2022-02-19T10:00:00.000000000,5940.465999,-25175.861043,-5787.460381
2022-02-19T10:15:00.000000000,6125.756943,-24347.48064,-8510.134174
2022-02-19T10:30:00.000000000,6359.1619,-23229.39314,-11085.500428
2022-02-19T10:45:00.000000000,6674.239561,-21844.866718,-13469.062078
2022-02-19T11:00:00.000000000,7099.942547,-20224.765031,-15619.699412
2022-02-19T11:15:00.000000000,7659.317933,-18406.437192,-17500.384329
2022-02-19T11:30:00.000000000,8368.447721,-16432.368236,-19078.818138
2022-02-19T11:45:00.000000000,9235.670743,-14348.643487,-20327.981968
2022-02-19T12:00:00.000000000,10261.116013,-12203.287163,-21226.590834
2022-02-19T12:15:00.000000000,11436.565082,-10044.539977,-21759.444463
2022-02-19T12:30:00.000000000,12745.647897,-7919.142381,-21917.67003
2022-02-19T12:45:00.000000000,14164.363629,-5870.689214,-21698.854045
2022-02-19T13:00:00.000000000,15661.905435,-3938.118255,-21107.062611
2022-02-19T13:15:00.000000000,17201.756469,-2154.389458,-20152.751153
2022-02-19T13:30:00.000000000,18743.014356,-545.403932,-18852.566539
2022-02-19T13:45:00.000000000,20241.892844,870.797829,-17229.0461
2022-02-19T14:00:00.000000000,21653.342903,2084.529777,-15310.219599
2022-02-19T14:15:00.000000000,22932.731354,3094.629332,-13129.121557
2022-02-19T14:30:00.000000000,24037.513196,3908.297115,-10723.222536
2022-02-19T14:45:00.000000000,24928.83426,4540.615201,-8133.789095
2022-02-19T15:00:00.000000000,25573.003703,5013.763801,-5405.18303
2022-02-19T15:15:00.000000000,25942.780795,5355.967458,-2584.111306
2022-02-19T15:30:00.000000000,26018.427558,5600.211865,281.161278
2022-02-19T15:45:00.000000000,25788.487588,5782.780908,3141.624167
2022-02-19T16:00:00.000000000,25250.261627,5941.67018,5948.34506
2022-02-19T16:15:00.000000000,24409.961763,6114.937793,8653.292832
2022-02-19T16:30:00.000000000,23282.538093,6339.055665,11210.14639
2022-02-19T16:45:00.000000000,21891.183891,6647.324513,13575.076661
2022-02-19T17:00:00.000000000,20266.537317,7068.413471,15707.489198
2022-02-19T17:15:00.000000000,18445.609097,7625.080744,17570.715416
2022-02-19T17:30:00.000000000,16470.475895,8333.125093,19132.64111
2022-02-19T17:45:00.000000000,14386.788062,9200.609382,20366.261686
2022-02-19T18:00:00.000000000,12242.147596,10227.38741,21250.154513
2022-02-19T18:15:00.000000000,10084.417265,11404.953857,21768.859885
2022-02-19T18:30:00.000000000,7960.024845,12716.625015,21913.163341
2022-02-19T18:45:00.000000000,5912.326888,14138.045364,21680.273495
2022-02-19T19:00:00.000000000,3980.094614,15638.002537,21073.891056
2022-02-19T19:15:00.000000000,2196.180226,17179.521105,20104.166468
2022-02-19T19:30:00.000000000,586.41542,18721.19459,18787.545358
2022-02-19T19:45:00.000000000,-831.214866,20218.705446,17146.503014
2022-02-19T20:00:00.000000000,-2047.090743,21626.47492,15209.171102
2022-02-19T20:15:00.000000000,-3060.146949,22899.379066,13008.861983
2022-02-19T20:30:00.000000000,-3877.725765,23994.464057,10583.49806
2022-02-19T20:45:00.000000000,-4515.098643,24872.593397,7974.955699
2022-02-19T21:00:00.000000000,-4994.675181,25499.961879,5228.335153
2022-02-19T21:15:00.000000000,-5344.930741,25849.416106,2391.169683
2022-02-19T21:30:00.000000000,-5599.09538,25901.528784,-487.411434
2022-02-19T21:45:00.000000000,-5793.656599,25645.383795,-3357.550217
2022-02-19T22:00:00.000000000,-5966.735969,25079.040528,-6169.54104
2022-02-19T22:15:00.000000000,-6156.404857,24209.658897,-8874.708518
2022-02-19T22:30:00.000000000,-6399.006867,23053.280114,-11426.265427
2022-02-19T22:45:00.000000000,-6727.554252,21634.272132,-13780.134389
2022-02-19T23:00:00.000000000,-7170.262284,19984.462097,-15895.717965
2022-02-19T23:15:00.000000000,-7749.279858,18141.99054,-17736.603111
2022-02-19T23:30:00.000000000,-8479.666373,16149.932871,-19271.187556
2022-02-19T23:45:00.000000000,-9368.654876,14054.74273,-20473.217403
2022-02-18T00:00:00.000000000,-9815.708443,13097.802108,-20897.82604
2022-02-18T00:15:00.000000000,-10931.281866,10939.175304,-21583.295165
2022-02-18T00:30:00.000000000,-12188.193306,8794.894388,-21897.037931
2022-02-18T00:45:00.000000000,-13565.501638,6710.038077,-21833.961437
2022-02-18T01:00:00.000000000,-15035.085509,4725.631295,-21395.45758
2022-02-18T01:15:00.000000000,-16562.632218,2877.239465,-20589.358256
2022-02-18T01:30:00.000000000,-18108.873808,1193.783376,-19429.781497
2022-02-18T01:45:00.000000000,-19631.022351,-303.381737,-17936.872427
2022-02-18T02:00:00.000000000,-21084.34908,-1601.089584,-16136.444466
2022-02-18T02:15:00.000000000,-22423.846899,-2694.666896,-14059.527657
2022-02-18T02:30:00.000000000,-23605.912948,-3587.90855,-11741.832248
2022-02-18T02:45:00.000000000,-24589.987356,-4292.726511,-9223.136829
2022-02-18T03:00:00.000000000,-25340.08625,-4828.487612,-6546.611267
2022-02-18T03:15:00.000000000,-25826.171188,-5221.066788,-3758.085557
2022-02-18T03:30:00.000000000,-26025.303435,-5501.65288,-905.2764
2022-02-18T03:45:00.000000000,-25922.539594,-5705.35336,1963.016165
2022-02-18T04:00:00.000000000,-25511.534848,-5869.651708,4797.729352
2022-02-18T04:15:00.000000000,-24794.8309,-6032.776636,7550.3625
2022-02-18T04:30:00.000000000,-23783.817505,-6232.045635,10173.793207
2022-02-18T04:45:00.000000000,-22498.368593,-6502.246336,12623.071871
2022-02-18T05:00:00.000000000,-20966.166147,-6874.117815,14856.18196
2022-02-18T05:15:00.000000000,-19221.736658,-7372.990355,16834.753817
2022-02-18T05:30:00.000000000,-17305.235777,-8017.636437,18524.72039
2022-02-18T05:45:00.000000000,-15261.026348,-8819.377907,19896.90395
2022-02-18T06:00:00.000000000,-13136.102899,-9781.484845,20927.523811
2022-02-18T06:15:00.000000000,-10978.421712,-10898.89078,21598.616065
2022-02-18T06:30:00.000000000,-8835.199417,-12158.237019,21898.357518
2022-02-18T06:45:00.000000000,-6751.244654,-13538.246371,21821.287387
2022-02-18T07:00:00.000000000,-4767.386408,-15010.413935,21368.421763
2022-02-18T07:15:00.000000000,-2919.059395,-16539.990289,20547.257526
2022-02-18T07:30:00.000000000,-1235.101219,-18087.220873,19371.664134
2022-02-18T07:45:00.000000000,263.191815,-19608.795106,17861.663674
2022-02-18T08:00:00.000000000,1562.713053,-21059.450091,16043.101539
2022-02-18T08:15:00.000000000,2658.872171,-22393.667243,13947.212214
2022-02-18T08:30:00.000000000,3555.5869,-23567.395942,11610.086759
2022-02-18T08:45:00.000000000,4264.939606,-24539.736705,9072.050705
2022-02-18T09:00:00.000000000,4806.51201,-25274.517492,6376.963017
2022-02-18T09:15:00.000000000,5206.42421,-25741.700592,3571.448656
2022-02-18T09:30:00.000000000,5496.116171,-25918.563989,704.078833
2022-02-18T09:45:00.000000000,5710.920389,-25790.609948,-2175.485653
2022-02-18T10:00:00.000000000,5888.482952,-25352.164397,-5017.371714
2022-02-18T10:15:00.000000000,6067.096388,-24606.643081,-7772.375084
2022-02-18T10:30:00.000000000,6284.011276,-23566.473892,-10392.82837
2022-02-18T10:45:00.000000000,6573.794349,-22252.678589,-12833.439518
2022-02-18T11:00:00.000000000,6966.798723,-20694.130813,-15052.08493
2022-02-18T11:15:00.000000000,7487.807204,-18926.520148,-17010.542607
2022-02-18T11:30:00.000000000,8154.902341,-16991.063536,-18675.152201
2022-02-18T11:45:00.000000000,8978.607571,-14933.015137,-20017.39052
2022-02-18T12:00:00.000000000,9961.332763,-12800.033285,-21014.35298
2022-02-18T12:15:00.000000000,11097.145223,-10640.468338,-21649.13353
2022-02-18T12:30:00.000000000,12371.874249,-8501.637813,-21911.097604
2022-02-18T12:45:00.000000000,13763.544297,-6428.155069,-21796.044789
2022-02-18T13:00:00.000000000,15243.119041,-4460.375172,-21306.259849
2022-02-18T13:15:00.000000000,16775.526745,-2633.01654,-20450.452728
2022-02-18T13:30:00.000000000,18320.926765,-974.00972,-19243.58994
2022-02-18T13:45:00.000000000,19836.168036,496.384406,-17706.621419
2022-02-18T14:00:00.000000000,21276.383363,1766.155189,-15866.108517
2022-02-18T14:15:00.000000000,22596.658516,2831.801409,-13753.760147
2022-02-18T14:30:00.000000000,23753.712587,3698.261161,-11405.885417
2022-02-18T14:45:00.000000000,24707.525874,4378.516902,-8862.772155
2022-02-18T15:00:00.000000000,25422.853783,4892.892313,-6168.001727
2022-02-18T15:15:00.000000000,25870.569655,5268.069097,-3367.711345
2022-02-18T15:30:00.000000000,26028.785932,5535.862213,-509.815773
2022-02-18T15:45:00.000000000,25883.711454,5731.800994,2356.799183
2022-02-18T16:00:00.000000000,25430.21251,5893.570763,5183.09865
2022-02-18T16:15:00.000000000,24672.056363,6059.374728,7920.723144
2022-02-18T16:30:00.000000000,23621.827756,6266.278908,10522.802519
2022-02-18T16:45:00.000000000,22300.521087,6548.60355,12944.74655
2022-02-18T17:00:00.000000000,20736.823049,6936.422774,15144.999539
2022-02-18T17:15:00.000000000,18966.112114,7454.230342,17085.746814
2022-02-18T17:30:00.000000000,17029.211874,8119.823324,18733.561585
2022-02-18T17:45:00.000000000,14970.944614,8943.447431,20059.98135
2022-02-18T18:00:00.000000000,12838.539156,9927.238122,21042.00399
2022-02-18T18:15:00.000000000,10679.952741,11064.980538,21662.494715
2022-02-18T18:30:00.000000000,8542.170298,12342.199333,21910.49624
2022-02-18T18:45:00.000000000,6469.545602,13736.576979,21781.435945
2022-02-18T19:00:00.000000000,4502.247682,15218.686441,21277.225242
2022-02-18T19:15:00.000000000,2674.87218,16753.011968,20406.248083
2022-02-18T19:30:00.000000000,1015.271443,18299.220257,19183.237294
2022-02-18T19:45:00.000000000,-456.351006,19813.63426,17629.039379
2022-02-18T20:00:00.000000000,-1728.045907,21250.85346,15770.27046
2022-02-18T20:15:00.000000000,-2796.399448,22565.458213,13638.868114
2022-02-18T20:30:00.000000000,-3666.478658,23713.731909,11271.545981
2022-02-18T20:45:00.000000000,-4351.442717,24655.333395,8709.16012
2022-02-18T21:00:00.000000000,-4871.835214,25354.853679,5995.998066
2022-02-18T21:15:00.000000000,-5254.585268,25783.195049,3179.003292
2022-02-18T21:30:00.000000000,-5531.757215,25918.717621,306.949423
2022-02-18T21:45:00.000000000,-5739.098848,25748.10739,-2570.420296
2022-02-18T22:00:00.000000000,-5914.446454,25266.931,-5403.271869
2022-02-18T22:15:00.000000000,-6096.050679,24479.855005,-8142.560913
2022-02-18T22:30:00.000000000,-6320.89047,23400.520889,-10740.897637
2022-02-18T22:45:00.000000000,-6623.042717,22051.080994,-13153.380018
2022-02-18T23:00:00.000000000,-7032.172744,20461.41407,-15338.379506
2022-02-18T23:15:00.000000000,-7572.205722,18668.051894,-17258.264858
2022-02-18T23:30:00.000000000,-8260.231544,16712.859709,-18880.051174
2022-02-18T23:45:00.000000000,-9105.686047,14641.522787,-20175.962943
2022-02-19T00:00:00.000000000,-10109.840294,12501.898588,-21123.901886
2022-02-19T00:15:00.000000000,-11265.617196,10342.298862,-21707.81237
2022-02-19T00:30:00.000000000,-12557.741781,8209.768225,-21917.939305
2022-02-19T00:45:00.000000000,-13963.218396,6148.425202,-21750.975404
2022-02-19T01:00:00.000000000,-15452.115402,4197.928904,-21210.096823
2022-02-19T01:15:00.000000000,-16988.62626,2392.129008,-20304.888
2022-02-19T01:30:00.000000000,-18532.365489,757.949246,-19051.158359
2022-02-19T01:45:00.000000000,-20039.849266,-685.454659,-17470.655199
2022-02-19T02:00:00.000000000,-21466.103702,-1927.232348,-15590.678601
2022-02-19T02:15:00.000000000,-22766.339298,-2965.053002,-13443.605601
2022-02-19T02:30:00.000000000,-23897.627883,-3804.990086,-11066.332053
2022-02-19T02:45:00.000000000,-24820.518468,-4461.082827,-8499.641777
2022-02-19T03:00:00.000000000,-25500.530972,-4954.59271,-5787.513487
2022-02-19T03:15:00.000000000,-25909.471505,-5312.984604,-2976.376783
2022-02-19T03:30:00.000000000,-26026.519657,-5568.672329,-114.32922
2022-02-19T03:45:00.000000000,-25839.046845,-5757.577217,2749.673127
2022-02-19T04:00:00.000000000,-25343.134811,-5917.555108,5566.638784
2022-02-19T04:15:00.000000000,-24543.774541,-6086.752112,8288.364698
2022-02-19T04:30:00.000000000,-23454.737804,-6301.952125,10868.247771
2022-02-19T04:45:00.000000000,-22098.125649,-6596.979451,13262.07126
2022-02-19T05:00:00.000000000,-20503.610314,-7001.217909,15428.753495
2022-02-19T05:15:00.000000000,-18707.398441,-7538.303563,17331.04684
2022-02-19T05:30:00.000000000,-16750.953983,-8225.041903,18936.175474
2022-02-19T05:45:00.000000000,-14679.528358,-9070.591986,20216.401297
2022-02-19T06:00:00.000000000,-12540.552793,-10075.950193,21149.508223
2022-02-19T06:15:00.000000000,-10381.953239,-11233.755089,21719.196211
2022-02-19T06:30:00.000000000,-8250.451524,-12528.422725,21915.377572
2022-02-19T06:45:00.000000000,-6189.917241,-13936.609226,21734.369512
2022-02-19T07:00:00.000000000,-4239.833336,-15427.984873,21178.978375
2022-02-19T07:15:00.000000000,-2433.934454,-16966.291759,20258.472719
2022-02-19T07:30:00.000000000,-799.070812,-18510.645839,18988.444223
2022-02-19T07:45:00.000000000,645.658019,-20017.034372,17390.557295
2022-02-19T08:00:00.000000000,1889.465199,-21439.951584,15492.19035
2022-02-19T08:15:00.000000000,2930.1121,-22734.109477,13325.973815
2022-02-19T08:30:00.000000000,3773.80744,-23856.15721,10929.23201
2022-02-19T08:45:00.000000000,4434.77359,-24766.341527,8343.33817
2022-02-19T09:00:00.000000000,4934.49692,-25430.042671,5612.993802
2022-02-19T09:15:00.000000000,5300.69178,-25819.124714,2785.44533
2022-02-19T09:30:00.000000000,5566.019324,-25913.046389,-90.347444
2022-02-19T09:45:00.000000000,5766.612446,-25699.687977,-2964.575431
2022-02-19T10:00:00.000000000,5940.465999,-25175.861043,-5787.460381
2022-02-19T10:15:00.000000000,6125.756943,-24347.48064,-8510.134174
2022-02-19T10:30:00.000000000,6359.1619,-23229.39314,-11085.500428
2022-02-19T10:45:00.000000000,6674.239561,-21844.866718,-13469.062078
2022-02-19T11:00:00.000000000,7099.942547,-20224.765031,-15619.699412
2022-02-19T11:15:00.000000000,7659.317933,-18406.437192,-17500.384329
2022-02-19T11:30:00.000000000,8368.447721,-16432.368236,-19078.818138
2022-02-19T11:45:00.000000000,9235.670743,-14348.643487,-20327.981968
2022-02-19T12:00:00.000000000,10261.116013,-12203.287163,-21226.590834
2022-02-19T12:15:00.000000000,11436.565082,-10044.539977,-21759.444463
2022-02-19T12:30:00.000000000,12745.647897,-7919.142381,-21917.67003
2022-02-19T12:45:00.000000000,14164.363629,-5870.689214,-21698.854045
2022-02-19T13:00:00.000000000,15661.905435,-3938.118255,-21107.062611
2022-02-19T13:15:00.000000000,17201.756469,-2154.389458,-20152.751153
2022-02-19T13:30:00.000000000,18743.014356,-545.403932,-18852.566539
2022-02-19T13:45:00.000000000,20241.892844,870.797829,-17229.0461
2022-02-19T14:00:00.000000000,21653.342903,2084.529777,-15310.219599
2022-02-19T14:15:00.000000000,22932.731354,3094.629332,-13129.121557
2022-02-19T14:30:00.000000000,24037.513196,3908.297115,-10723.222536
2022-02-19T14:45:00.000000000,24928.83426,4540.615201,-8133.789095
2022-02-19T15:00:00.000000000,25573.003703,5013.763801,-5405.18303
2022-02-19T15:15:00.000000000,25942.780795,5355.967458,-2584.111306
2022-02-19T15:30:00.000000000,26018.427558,5600.211865,281.161278
2022-02-19T15:45:00.000000000,25788.487588,5782.780908,3141.624167
2022-02-19T16:00:00.000000000,25250.261627,5941.67018,5948.34506
2022-02-19T16:15:00.000000000,24409.961763,6114.937793,8653.292832
2022-02-19T16:30:00.000000000,23282.538093,6339.055665,11210.14639
2022-02-19T16:45:00.000000000,21891.183891,6647.324513,13575.076661
2022-02-19T17:00:00.000000000,20266.537317,7068.413471,15707.489198
2022-02-19T17:15:00.000000000,18445.609097,7625.080744,17570.715416
2022-02-19T17:30:00.000000000,16470.475895,8333.125093,19132.64111
2022-02-19T17:45:00.000000000,14386.788062,9200.609382,20366.261686
2022-02-19T18:00:00.000000000,12242.147596,10227.38741,21250.154513
2022-02-19T18:15:00.000000000,10084.417265,11404.953857,21768.859885
2022-02-19T18:30:00.000000000,7960.024845,12716.625015,21913.163341
2022-02-19T18:45:00.000000000,5912.326888,14138.045364,21680.273495
2022-02-19T19:00:00.000000000,3980.094614,15638.002537,21073.891056
2022-02-19T19:15:00.000000000,2196.180226,17179.521105,20104.166468
2022-02-19T19:30:00.000000000,586.41542,18721.19459,18787.545358
2022-02-19T19:45:00.000000000,-831.214866,20218.705446,17146.503014
2022-02-19T20:00:00.000000000,-2047.090743,21626.47492,15209.171102
2022-02-19T20:15:00.000000000,-3060.146949,22899.379066,13008.861983
2022-02-19T20:30:00.000000000,-3877.725765,23994.464057,10583.49806
2022-02-19T20:45:00.000000000,-4515.098643,24872.593397,7974.955699
2022-02-19T21:00:00.000000000,-4994.675181,25499.961879,5228.335153
2022-02-19T21:15:00.000000000,-5344.930741,25849.416106,2391.169683
2022-02-19T21:30:00.000000000,-5599.09538,25901.528784,-487.411434
2022-02-19T21:45:00.000000000,-5793.656599,25645.383795,-3357.550217
2022-02-19T22:00:00.000000000,-5966.735969,25079.040528,-6169.54104
2022-02-19T22:15:00.000000000,-6156.404857,24209.658897,-8874.708518
2022-02-19T22:30:00.000000000,-6399.006867,23053.280114,-11426.265427
2022-02-19T22:45:00.000000000,-6727.554252,21634.272132,-13780.134389
2022-02-19T23:00:00.000000000,-7170.262284,19984.462097,-15895.717965
2022-02-19T23:15:00.000000000,-7749.279858,18141.99054,-17736.603111
2022-02-19T23:30:00.000000000,-8479.666373,16149.932871,-19271.187556
2022-02-19T23:45:00.000000000,-9368.654876,14054.74273,-20473.217403
2022-02-18T00:00:00.000000000,-9815.708443,13097.802108,-20897.82604
2022-02-18T00:15:00.000000000,-10931.281866,10939.175304,-21583.295165
2022-02-18T00:30:00.000000000,-12188.193306,8794.894388,-21897.037931
2022-02-18T00:45:00.000000000,-13565.501638,6710.038077,-21833.961437
2022-02-18T01:00:00.000000000,-15035.085509,4725.631295,-21395.45758
2022-02-18T01:15:00.000000000,-16562.632218,2877.239465,-20589.358256
2022-02-18T01:30:00.000000000,-18108.873808,1193.783376,-19429.781497
2022-02-18T01:45:00.000000000,-19631.022351,-303.381737,-17936.872427
2022-02-18T02:00:00.000000000,-21084.34908,-1601.089584,-16136.444466
2022-02-18T02:15:00.000000000,-22423.846899,-2694.666896,-14059.527657
2022-02-18T02:30:00.000000000,-23605.912948,-3587.90855,-11741.832248
2022-02-18T02:45:00.000000000,-24589.987356,-4292.726511,-9223.136829
2022-02-18T03:00:00.000000000,-25340.08625,-4828.487612,-6546.611267
2022-02-18T03:15:00.000000000,-25826.171188,-5221.066788,-3758.085557
2022-02-18T03:30:00.000000000,-26025.303435,-5501.65288,-905.2764
2022-02-18T03:45:00.000000000,-25922.539594,-5705.35336,1963.016165
2022-02-18T04:00:00.000000000,-25511.534848,-5869.651708,4797.729352
2022-02-18T04:15:00.000000000,-24794.8309,-6032.776636,7550.3625
2022-02-18T04:30:00.000000000,-23783.817505,-6232.045635,10173.793207
2022-02-18T04:45:00.000000000,-22498.368593,-6502.246336,12623.071871
2022-02-18T05:00:00.000000000,-20966.166147,-6874.117815,14856.18196
2022-02-18T05:15:00.000000000,-19221.736658,-7372.990355,16834.753817
2022-02-18T05:30:00.000000000,-17305.235777,-8017.636437,18524.72039
2022-02-18T05:45:00.000000000,-15261.026348,-8819.377907,19896.90395
2022-02-18T06:00:00.000000000,-13136.102899,-9781.484845,20927.523811
2022-02-18T06:15:00.000000000,-10978.421712,-10898.89078,21598.616065
2022-02-18T06:30:00.000000000,-8835.199417,-12158.237019,21898.357518
2022-02-18T06:45:00.000000000,-6751.244654,-13538.246371,21821.287387
2022-02-18T07:00:00.000000000,-4767.386408,-15010.413935,21368.421763
2022-02-18T07:15:00.000000000,-2919.059395,-16539.990289,20547.257526
2022-02-18T07:30:00.000000000,-1235.101219,-18087.220873,19371.664134
2022-02-18T07:45:00.000000000,263.191815,-19608.795106,17861.663674
2022-02-18T08:00:00.000000000,1562.713053,-21059.450091,16043.101539
2022-02-18T08:15:00.000000000,2658.872171,-22393.667243,13947.212214
2022-02-18T08:30:00.000000000,3555.5869,-23567.395942,11610.086759
2022-02-18T08:45:00.000000000,4264.939606,-24539.736705,9072.050705
2022-02-18T09:00:00.000000000,4806.51201,-25274.517492,6376.963017
2022-02-18T09:15:00.000000000,5206.42421,-25741.700592,3571.448656
2022-02-18T09:30:00.000000000,5496.116171,-25918.563989,704.078833
2022-02-18T09:45:00.000000000,5710.920389,-25790.609948,-2175.485653
2022-02-18T10:00:00.000000000,5888.482952,-25352.164397,-5017.371714
2022-02-18T10:15:00.000000000,6067.096388,-24606.643081,-7772.375084
2022-02-18T10:30:00.000000000,6284.011276,-23566.473892,-10392.82837
2022-02-18T10:45:00.000000000,6573.794349,-22252.678589,-12833.439518
2022-02-18T11:00:00.000000000,6966.798723,-20694.130813,-15052.08493
2022-02-18T11:15:00.000000000,7487.807204,-18926.520148,-17010.542607
2022-02-18T11:30:00.000000000,8154.902341,-16991.063536,-18675.152201
2022-02-18T11:45:00.000000000,8978.607571,-14933.015137,-20017.39052
2022-02-18T12:00:00.000000000,9961.332763,-12800.033285,-21014.35298
2022-02-18T12:15:00.000000000,11097.145223,-10640.468338,-21649.13353
2022-02-18T12:30:00.000000000,12371.874249,-8501.637813,-21911.097604
2022-02-18T12:45:00.000000000,13763.544297,-6428.155069,-21796.044789
2022-02-18T13:00:00.000000000,15243.119041,-4460.375172,-21306.259849
2022-02-18T13:15:00.000000000,16775.526745,-2633.01654,-20450.452728
2022-02-18T13:30:00.000000000,18320.926765,-974.00972,-19243.58994
2022-02-18T13:45:00.000000000,19836.168036,496.384406,-17706.621419
2022-02-18T14:00:00.000000000,21276.383363,1766.155189,-15866.108517
2022-02-18T14:15:00.000000000,22596.658516,2831.801409,-13753.760147
2022-02-18T14:30:00.000000000,23753.712587,3698.261161,-11405.885417
2022-02-18T14:45:00.000000000,24707.525874,4378.516902,-8862.772155
2022-02-18T15:00:00.000000000,25422.853783,4892.892313,-6168.001727
2022-02-18T15:15:00.000000000,25870.569655,5268.069097,-3367.711345
2022-02-18T15:30:00.000000000,26028.785932,5535.862213,-509.815773
2022-02-18T15:45:00.000000000,25883.711454,5731.800994,2356.799183
2022-02-18T16:00:00.000000000,25430.21251,5893.570763,5183.09865
2022-02-18T16:15:00.000000000,24672.056363,6059.374728,7920.723144
2022-02-18T16:30:00.000000000,23621.827756,6266.278908,10522.802519
2022-02-18T16:45:00.000000000,22300.521087,6548.60355,12944.74655
2022-02-18T17:00:00.000000000,20736.823049,6936.422774,15144.999539
2022-02-18T17:15:00.000000000,18966.112114,7454.230342,17085.746814
2022-02-18T17:30:00.000000000,17029.211874,8119.823324,18733.561585
2022-02-18T17:45:00.000000000,14970.944614,8943.447431,20059.98135
2022-02-18T18:00:00.000000000,12838.539156,9927.238122,21042.00399
2022-02-18T18:15:00.000000000,10679.952741,11064.980538,21662.494715
2022-02-18T18:30:00.000000000,8542.170298,12342.199333,21910.49624
2022-02-18T18:45:00.000000000,6469.545602,13736.576979,21781.435945
2022-02-18T19:00:00.000000000,4502.247682,15218.686441,21277.225242
2022-02-18T19:15:00.000000000,2674.87218,16753.011968,20406.248083
2022-02-18T19:30:00.000000000,1015.271443,18299.220257,19183.237294
2022-02-18T19:45:00.000000000,-456.351006,19813.63426,17629.039379
2022-02-18T20:00:00.000000000,-1728.045907,21250.85346,15770.27046
2022-02-18T20:15:00.000000000,-2796.399448,22565.458213,13638.868114
2022-02-18T20:30:00.000000000,-3666.478658,23713.731909,11271.545981
2022-02-18T20:45:00.000000000,-4351.442717,24655.333395,8709.16012
2022-02-18T21:00:00.000000000,-4871.835214,25354.853679,5995.998066
2022-02-18T21:15:00.000000000,-5254.585268,25783.195049,3179.003292
2022-02-18T21:30:00.000000000,-5531.757215,25918.717621,306.949423
2022-02-18T21:45:00.000000000,-5739.098848,25748.10739,-2570.420296
2022-02-18T22:00:00.000000000,-5914.446454,25266.931,-5403.271869
2022-02-18T22:15:00.000000000,-6096.050679,24479.855005,-8142.560913
2022-02-18T22:30:00.000000000,-6320.89047,23400.520889,-10740.897637
2022-02-18T22:45:00.000000000,-6623.042717,22051.080994,-13153.380018
2022-02-18T23:00:00.000000000,-7032.172744,20461.41407,-15338.379506
2022-02-18T23:15:00.000000000,-7572.205722,18668.051894,-17258.264858
2022-02-18T23:30:00.000000000,-8260.231544,16712.859709,-18880.051174
2022-02-18T23:45:00.000000000,-9105.686047,14641.522787,-20175.962943
2022-02-19T00:00:00.000000000,-10109.840294,12501.898588,-21123.901886
2022-02-19T00:15:00.000000000,-11265.617196,10342.298862,-21707.81237
2022-02-19T00:30:00.000000000,-12557.741781,8209.768225,-21917.939305
2022-02-19T00:45:00.000000000,-13963.218396,6148.425202,-21750.975404
2022-02-19T01:00:00.000000000,-15452.115402,4197.928904,-21210.096823
2022-02-19T01:15:00.000000000,-16988.62626,2392.129008,-20304.888
2022-02-19T01:30:00.000000000,-18532.365489,757.949246,-19051.158359
2022-02-19T01:45:00.000000000,-20039.849266,-685.454659,-17470.655199
2022-02-19T02:00:00.000000000,-21466.103702,-1927.232348,-15590.678601
2022-02-19T02:15:00.000000000,-22766.339298,-2965.053002,-13443.605601
2022-02-19T02:30:00.000000000,-23897.627883,-3804.990086,-11066.332053
2022-02-19T02:45:00.000000000,-24820.518468,-4461.082827,-8499.641777
2022-02-19T03:00:00.000000000,-25500.530972,-4954.59271,-5787.513487
2022-02-19T03:15:00.000000000,-25909.471505,-5312.984604,-2976.376783
2022-02-19T03:30:00.000000000,-26026.519657,-5568.672329,-114.32922
2022-02-19T03:45:00.000000000,-25839.046845,-5757.577217,2749.673127
2022-02-19T04:00:00.000000000,-25343.134811,-5917.555108,5566.638784
2022-02-19T04:15:00.000000000,-24543.774541,-6086.752112,8288.364698
2022-02-19T04:30:00.000000000,-23454.737804,-6301.952125,10868.247771
2022-02-19T04:45:00.000000000,-22098.125649,-6596.979451,13262.07126
2022-02-19T05:00:00.000000000,-20503.610314,-7001.217909,15428.753495
2022-02-19T05:15:00.000000000,-18707.398441,-7538.303563,17331.04684
2022-02-19T05:30:00.000000000,-16750.953983,-8225.041903,18936.175474
2022-02-19T05:45:00.000000000,-14679.528358,-9070.591986,20216.401297
2022-02-19T06:00:00.000000000,-12540.552793,-10075.950193,21149.508223
2022-02-19T06:15:00.000000000,-10381.953239,-11233.755089,21719.196211
2022-02-19T06:30:00.000000000,-8250.451524,-12528.422725,21915.377572
2022-02-19T06:45:00.000000000,-6189.917241,-13936.609226,21734.369512
2022-02-19T07:00:00.000000000,-4239.833336,-15427.984873,21178.978375
2022-02-19T07:15:00.000000000,-2433.934454,-16966.291759,20258.472719
2022-02-19T07:30:00.000000000,-799.070812,-18510.645839,18988.444223
2022-02-19T07:45:00.000000000,645.658019,-20017.034372,17390.557295
2022-02-19T08:00:00.000000000,1889.465199,-21439.951584,15492.19035
2022-02-19T08:15:00.000000000,2930.1121,-22734.109477,13325.973815
2022-02-19T08:30:00.000000000,3773.80744,-23856.15721,10929.23201
2022-02-19T08:45:00.000000000,4434.77359,-24766.341527,8343.33817
2022-02-19T09:00:00.000000000,4934.49692,-25430.042671,5612.993802
2022-02-19T09:15:00.000000000,5300.69178,-25819.124714,2785.44533
2022-02-19T09:30:00.000000000,5566.019324,-25913.046389,-90.347444
2022-02-19T09:45:00.000000000,5766.612446,-25699.687977,-2964.575431
2022-02-19T10:00:00.000000000,5940.465999,-25175.861043,-5787.460381
2022-02-19T10:15:00.000000000,6125.756943,-24347.48064,-8510.134174
2022-02-19T10:30:00.000000000,6359.1619,-23229.39314,-11085.500428
2022-02-19T10:45:00.000000000,6674.239561,-21844.866718,-13469.062078
2022-02-19T11:00:00.000000000,7099.942547,-20224.765031,-15619.699412
2022-02-19T11:15:00.000000000,7659.317933,-18406.437192,-17500.384329
2022-02-19T11:30:00.000000000,8368.447721,-16432.368236,-19078.818138
2022-02-19T11:45:00.000000000,9235.670743,-14348.643487,-20327.981968
2022-02-19T12:00:00.000000000,10261.116013,-12203.287163,-21226.590834
2022-02-19T12:15:00.000000000,11436.565082,-10044.539977,-21759.444463
2022-02-19T12:30:00.000000000,12745.647897,-7919.142381,-21917.67003
2022-02-19T12:45:00.000000000,14164.363629,-5870.689214,-21698.854045
2022-02-19T13:00:00.000000000,15661.905435,-3938.118255,-21107.062611
2022-02-19T13:15:00.000000000,17201.756469,-2154.389458,-20152.751153
2022-02-19T13:30:00.000000000,18743.014356,-545.403932,-18852.566539
2022-02-19T13:45:00.000000000,20241.892844,870.797829,-17229.0461
2022-02-19T14:00:00.000000000,21653.342903,2084.529777,-15310.219599
2022-02-19T14:15:00.000000000,22932.731354,3094.629332,-13129.121557
2022-02-19T14:30:00.000000000,24037.513196,3908.297115,-10723.222536
2022-02-19T14:45:00.000000000,24928.83426,4540.615201,-8133.789095
2022-02-19T15:00:00.000000000,25573.003703,5013.763801,-5405.18303
2022-02-19T15:15:00.000000000,25942.780795,5355.967458,-2584.111306
2022-02-19T15:30:00.000000000,26018.427558,5600.211865,281.161278
2022-02-19T15:45:00.000000000,25788.487588,5782.780908,3141.624167
2022-02-19T16:00:00.000000000,25250.261627,5941.67018,5948.34506
2022-02-19T16:15:00.000000000,24409.961763,6114.937793,8653.292832
2022-02-19T16:30:00.000000000,23282.538093,6339.055665,11210.14639
2022-02-19T16:45:00.000000000,21891.183891,6647.324513,13575.076661
2022-02-19T17:00:00.000000000,20266.537317,7068.413471,15707.489198
2022-02-19T17:15:00.000000000,18445.609097,7625.080744,17570.715416
2022-02-19T17:30:00.000000000,16470.475895,8333.125093,19132.64111
2022-02-19T17:45:00.000000000,14386.788062,9200.609382,20366.261686
2022-02-19T18:00:00.000000000,12242.147596,10227.38741,21250.154513
2022-02-19T18:15:00.000000000,10084.417265,11404.953857,21768.859885
2022-02-19T18:30:00.000000000,7960.024845,12716.625015,21913.163341
2022-02-19T18:45:00.000000000,5912.326888,14138.045364,21680.273495
2022-02-19T19:00:00.000000000,3980.094614,15638.002537,21073.891056
2022-02-19T19:15:00.000000000,2196.180226,17179.521105,20104.166468
2022-02-19T19:30:00.000000000,586.41542,18721.19459,18787.545358
2022-02-19T19:45:00.000000000,-831.214866,20218.705446,17146.503014
2022-02-19T20:00:00.000000000,-2047.090743,21626.47492,15209.171102
2022-02-19T20:15:00.000000000,-3060.146949,22899.379066,13008.861983
2022-02-19T20:30:00.000000000,-3877.725765,23994.464057,10583.49806
2022-02-19T20:45:00.000000000,-4515.098643,24872.593397,7974.955699
2022-02-19T21:00:00.000000000,-4994.675181,25499.961879,5228.335153
2022-02-19T21:15:00.000000000,-5344.930741,25849.416106,2391.169683
2022-02-19T21:30:00.000000000,-5599.09538,25901.528784,-487.411434
2022-02-19T21:45:00.000000000,-5793.656599,25645.383795,-3357.550217
2022-02-19T22:00:00.000000000,-5966.735969,25079.040528,-6169.54104
2022-02-19T22:15:00.000000000,-6156.404857,24209.658897,-8874.708518
2022-02-19T22:30:00.000000000,-6399.006867,23053.280114,-11426.265427
2022-02-19T22:45:00.000000000,-6727.554252,21634.272132,-13780.134389
2022-02-19T23:00:00.000000000,-7170.262284,19984.462097,-15895.717965
2022-02-19T23:15:00.000000000,-7749.279858,18141.99054,-17736.603111
2022-02-19T23:30:00.000000000,-8479.666373,16149.932871,-19271.187556
2022-02-19T23:45:00.000000000,-9368.654876,14054.74273,-20473.217403
