2022-02-19T00:00:00.000000000,17030.350917,12413.855963,-16599.46317
2022-02-19T00:15:00.000000000,15079.899364,12459.039155,-18344.907261
2022-02-19T00:30:00.000000000,12955.264242,12617.09,-19783.629555
2022-02-19T00:45:00.000000000,10698.554173,12905.848791,-20891.073529
2022-02-19T01:00:00.000000000,8355.402286,13335.647318,-21648.002111
2022-02-19T01:15:00.000000000,5973.443996,13908.80242,-22040.838056
2022-02-19T01:30:00.000000000,3600.71641,14619.410225,-22061.931576
2022-02-19T01:45:00.000000000,1284.034318,15453.452851,-21709.748854
2022-02-19T02:00:00.000000000,-932.600082,16389.219098,-20988.974908
2022-02-19T02:15:00.000000000,-3009.496222,17398.029827,-19910.52438
2022-02-19T02:30:00.000000000,-4912.626805,18445.247649,-18491.454255
2022-02-19T02:45:00.000000000,-6614.779287,19491.53942,-16754.773377
2022-02-19T03:00:00.000000000,-8096.459958,20494.34943,-14729.144988
2022-02-19T03:15:00.000000000,-9346.511019,21409.531379,-12448.480415
2022-02-19T03:30:00.000000000,-10362.410696,22193.078867,-9951.424469
2022-02-19T03:45:00.000000000,-11150.238076,22802.887695,-7280.736054
2022-02-19T04:00:00.000000000,-11724.297417,23200.47932,-4482.57081
2022-02-19T04:15:00.000000000,-12106.410851,23352.613707,-1605.676256
2022-02-19T04:30:00.000000000,-12324.902979,23232.722102,1299.486509
2022-02-19T04:45:00.000000000,-12413.31517,22822.095819,4181.676966
2022-02-19T05:00:00.000000000,-12408.900383,22110.776268,6989.844568
2022-02-19T05:15:00.000000000,-12350.960618,21098.103538,9674.110343
2022-02-19T05:30:00.000000000,-12279.097446,19792.895634,12186.736216
2022-02-19T05:45:00.000000000,-12231.451153,18213.247065,14483.057025
2022-02-19T06:00:00.000000000,-12243.005394,16385.952955,16522.350913
2022-02-19T06:15:00.000000000,-12344.031594,14345.58222,18268.625513
2022-02-19T06:30:00.000000000,-12558.740873,12133.239662,19691.300095
2022-02-19T06:45:00.000000000,-12904.201413,9795.070879,20765.767488
2022-02-19T07:00:00.000000000,-13389.566458,7380.575207,21473.823789
2022-02-19T07:15:00.000000000,-14015.643344,4940.799615,21803.958427
2022-02-19T07:30:00.000000000,-14774.818123,2526.490479,21751.501761
2022-02-19T07:45:00.000000000,-15651.334179,186.280216,21318.631836
2022-02-19T08:00:00.000000000,-16621.907827,-2035.017683,20514.245867
2022-02-19T08:15:00.000000000,-17656.649893,-4097.938558,19353.705463
2022-02-19T08:30:00.000000000,-18720.250254,-5969.66415,17858.467284
2022-02-19T08:45:00.000000000,-19773.372924,-7625.042015,16055.612783
2022-02-19T09:00:00.000000000,-20774.202453,-9047.293789,13977.2919
2022-02-19T09:15:00.000000000,-21680.078517,-10228.392677,11660.096078
2022-02-19T09:30:00.000000000,-22449.154332,-11169.1039,9144.37592
2022-02-19T09:45:00.000000000,-23042.015895,-11878.694756,6473.518233
2022-02-19T10:00:00.000000000,-23423.202596,-12374.332745,3693.196246
2022-02-19T10:15:00.000000000,-23562.575302,-12680.200741,850.605659
2022-02-19T10:30:00.000000000,-23436.484891,-12826.36709,-2006.302191
2022-02-19T10:45:00.000000000,-23028.702565,-12847.455811,-4829.580072
2022-02-19T11:00:00.000000000,-22331.082161,-12781.167535,-7572.028803
2022-02-19T11:15:00.000000000,-21343.934445,-12666.705538,-10187.917835
2022-02-19T11:30:00.000000000,-20076.102933,-12543.163164,-12633.67589
2022-02-19T11:45:00.000000000,-18544.740644,-12447.929228,-14868.545798
2022-02-19T12:00:00.000000000,-16774.796599,-12415.166743,-16855.198192
2022-02-19T12:15:00.000000000,-14798.230099,-12474.41762,-18560.299028
2022-02-19T12:30:00.000000000,-12652.979272,-12649.381828,-19955.025887
2022-02-19T12:45:00.000000000,-10381.718224,-12956.914116,-21015.527954
2022-02-19T13:00:00.000000000,-8030.444018,-13406.274785,-21723.32427
2022-02-19T13:15:00.000000000,-5646.940696,-13998.663292,-22065.6345
2022-02-19T13:30:00.000000000,-3279.172268,-14727.054699,-22035.636104
2022-02-19T13:45:00.000000000,-973.659997,-15576.349405,-21632.641516
2022-02-19T14:00:00.000000000,1226.098707,-16523.836219,-20862.188788
2022-02-19T14:15:00.000000000,3281.112373,-17539.957979,-19736.039324
2022-02-19T14:30:00.000000000,5158.222718,-18589.357815,-18272.076778
2022-02-19T14:45:00.000000000,6831.22492,-19632.173053,-16494.102161
2022-02-19T15:00:00.000000000,8281.734611,-20625.533284,-14431.521603
2022-02-19T15:15:00.000000000,9499.763164,-21525.209422,-12118.925189
2022-02-19T15:30:00.000000000,10483.972834,-22287.352505,-9595.557812
2022-02-19T15:45:00.000000000,11241.595107,-22870.254849,-6904.685974
2022-02-19T16:00:00.000000000,11788.008923,-23236.062541,-4092.867843
2022-02-19T16:15:00.000000000,12145.989642,-23352.367689,-1209.137503
2022-02-19T16:30:00.000000000,12344.654272,-23193.611448,1695.882028
2022-02-19T16:45:00.000000000,12418.142591,-22742.235026,4570.919013
2022-02-19T17:00:00.000000000,12404.086683,-21989.525326,7365.02543
2022-02-19T17:15:00.000000000,12341.93227,-20936.11444,10028.558377
2022-02-19T17:30:00.000000000,12271.183224,-19592.107253,12514.145788
2022-02-19T17:45:00.000000000,12229.645178,-17976.828203,14777.611492
2022-02-19T18:00:00.000000000,12251.745016,-16118.195743,16778.835443
2022-02-19T18:15:00.000000000,12366.99981,-14051.750395,18482.526867
2022-02-19T18:30:00.000000000,12598.701841,-11819.37826,19858.890924
2022-02-19T18:45:00.000000000,12962.876033,-9467.785665,20884.173245
2022-02-19T19:00:00.000000000,13467.553082,-7046.791375,21541.070938
2022-02-19T19:15:00.000000000,14112.386559,-4607.510131,21819.003285
2022-02-19T19:30:00.000000000,14888.626336,-2200.504639,21714.239906
2022-02-19T19:45:00.000000000,15779.44458,126.017238,21229.888586
2022-02-19T20:00:00.000000000,16760.595292,2327.887319,20375.74886
2022-02-19T20:15:00.000000000,17801.374576,4366.478416,19168.040766
2022-02-19T20:30:00.000000000,18865.837241,6209.966328,17629.020787
2022-02-19T20:45:00.000000000,19914.216143,7834.308378,15786.498852
2022-02-19T21:00:00.000000000,20904.484402,9223.907306,13673.271372
2022-02-19T21:15:00.000000000,21793.996992,10371.942736,11326.485719
2022-02-19T21:30:00.000000000,22541.14741,11280.365769,8786.951431
2022-02-19T21:45:00.000000000,23106.976769,11959.565039,6098.41276
2022-02-19T22:00:00.000000000,23456.676533,12427.724223,3306.79623
2022-02-19T22:15:00.000000000,23560.931861,12709.901298,459.445663
2022-02-19T22:30:00.000000000,23397.059611,12836.868523,-2395.644208
2022-02-19T22:45:00.000000000,22949.90352,12843.759196,-5210.58577
2022-02-19T23:00:00.000000000,22212.4581,12768.572383,-7938.339648
2022-02-19T23:15:00.000000000,21186.202524,12650.590403,-10533.431513
2022-02-19T23:30:00.000000000,19881.135407,12528.765432,-12952.638122
2022-02-19T23:45:00.000000000,18315.511191,12440.131784,-15155.63679
2022-02-19T00:00:00.000000000,17030.350917,12413.855963,-16599.46317
2022-02-19T00:15:00.000000000,15079.899364,12459.039155,-18344.907261
2022-02-19T00:30:00.000000000,12955.264242,12617.09,-19783.629555
2022-02-19T00:45:00.000000000,10698.554173,12905.848791,-20891.073529
2022-02-19T01:00:00.000000000,8355.402286,13335.647318,-21648.002111
2022-02-19T01:15:00.000000000,5973.443996,13908.80242,-22040.838056
2022-02-19T01:30:00.000000000,3600.71641,14619.410225,-22061.931576
2022-02-19T01:45:00.000000000,1284.034318,15453.452851,-21709.748854
2022-02-19T02:00:00.000000000,-932.600082,16389.219098,-20988.974908
2022-02-19T02:15:00.000000000,-3009.496222,17398.029827,-19910.52438
2022-02-19T02:30:00.000000000,-4912.626805,18445.247649,-18491.454255
2022-02-19T02:45:00.000000000,-6614.779287,19491.53942,-16754.773377
2022-02-19T03:00:00.000000000,-8096.459958,20494.34943,-14729.144988
2022-02-19T03:15:00.000000000,-9346.511019,21409.531379,-12448.480415
2022-02-19T03:30:00.000000000,-10362.410696,22193.078867,-9951.424469
2022-02-19T03:45:00.000000000,-11150.238076,22802.887695,-7280.736054
2022-02-19T04:00:00.000000000,-11724.297417,23200.47932,-4482.57081
2022-02-19T04:15:00.000000000,-12106.410851,23352.613707,-1605.676256
2022-02-19T04:30:00.000000000,-12324.902979,23232.722102,1299.486509
2022-02-19T04:45:00.000000000,-12413.31517,22822.095819,4181.676966
2022-02-19T05:00:00.000000000,-12408.900383,22110.776268,6989.844568
2022-02-19T05:15:00.000000000,-12350.960618,21098.103538,9674.110343
2022-02-19T05:30:00.000000000,-12279.097446,19792.895634,12186.736216
2022-02-19T05:45:00.000000000,-12231.451153,18213.247065,14483.057025
2022-02-19T06:00:00.000000000,-12243.005394,16385.952955,16522.350913
2022-02-19T06:15:00.000000000,-12344.031594,14345.58222,18268.625513
2022-02-19T06:30:00.000000000,-12558.740873,12133.239662,19691.300095
2022-02-19T06:45:00.000000000,-12904.201413,9795.070879,20765.767488
2022-02-19T07:00:00.000000000,-13389.566458,7380.575207,21473.823789
2022-02-19T07:15:00.000000000,-14015.643344,4940.799615,21803.958427
2022-02-19T07:30:00.000000000,-14774.818123,2526.490479,21751.501761
2022-02-19T07:45:00.000000000,-15651.334179,186.280216,21318.631836
2022-02-19T08:00:00.000000000,-16621.907827,-2035.017683,20514.245867
2022-02-19T08:15:00.000000000,-17656.649893,-4097.938558,19353.705463
2022-02-19T08:30:00.000000000,-18720.250254,-5969.66415,17858.467284
2022-02-19T08:45:00.000000000,-19773.372924,-7625.042015,16055.612783
2022-02-19T09:00:00.000000000,-20774.202453,-9047.293789,13977.2919
2022-02-19T09:15:00.000000000,-21680.078517,-10228.392677,11660.096078
2022-02-19T09:30:00.000000000,-22449.154332,-11169.1039,9144.37592
2022-02-19T09:45:00.000000000,-23042.015895,-11878.694756,6473.518233
2022-02-19T10:00:00.000000000,-23423.202596,-12374.332745,3693.196246
2022-02-19T10:15:00.000000000,-23562.575302,-12680.200741,850.605659
2022-02-19T10:30:00.000000000,-23436.484891,-12826.36709,-2006.302191
2022-02-19T10:45:00.000000000,-23028.702565,-12847.455811,-4829.580072
2022-02-19T11:00:00.000000000,-22331.082161,-12781.167535,-7572.028803
2022-02-19T11:15:00.000000000,-21343.934445,-12666.705538,-10187.917835
2022-02-19T11:30:00.000000000,-20076.102933,-12543.163164,-12633.67589
2022-02-19T11:45:00.000000000,-18544.740644,-12447.929228,-14868.545798
2022-02-19T12:00:00.000000000,-16774.796599,-12415.166743,-16855.198192
2022-02-19T12:15:00.000000000,-14798.230099,-12474.41762,-18560.299028
2022-02-19T12:30:00.000000000,-12652.979272,-12649.381828,-19955.025887
2022-02-19T12:45:00.000000000,-10381.718224,-12956.914116,-21015.527954
2022-02-19T13:00:00.000000000,-8030.444018,-13406.274785,-21723.32427
2022-02-19T13:15:00.000000000,-5646.940696,-13998.663292,-22065.6345
2022-02-19T13:30:00.000000000,-3279.172268,-14727.054699,-22035.636104
2022-02-19T13:45:00.000000000,-973.659997,-15576.349405,-21632.641516
2022-02-19T14:00:00.000000000,1226.098707,-16523.836219,-20862.188788
2022-02-19T14:15:00.000000000,3281.112373,-17539.957979,-19736.039324
2022-02-19T14:30:00.000000000,5158.222718,-18589.357815,-18272.076778
2022-02-19T14:45:00.000000000,6831.22492,-19632.173053,-16494.102161
2022-02-19T15:00:00.000000000,8281.734611,-20625.533284,-14431.521603
2022-02-19T15:15:00.000000000,9499.763164,-21525.209422,-12118.925189
2022-02-19T15:30:00.000000000,10483.972834,-22287.352505,-9595.557812
2022-02-19T15:45:00.000000000,11241.595107,-22870.254849,-6904.685974
2022-02-19T16:00:00.000000000,11788.008923,-23236.062541,-4092.867843
2022-02-19T16:15:00.000000000,12145.989642,-23352.367689,-1209.137503
2022-02-19T16:30:00.000000000,12344.654272,-23193.611448,1695.882028
2022-02-19T16:45:00.000000000,12418.142591,-22742.235026,4570.919013
2022-02-19T17:00:00.000000000,12404.086683,-21989.525326,7365.02543
2022-02-19T17:15:00.000000000,12341.93227,-20936.11444,10028.558377
2022-02-19T17:30:00.000000000,12271.183224,-19592.107253,12514.145788
2022-02-19T17:45:00.000000000,12229.645178,-17976.828203,14777.611492
2022-02-19T18:00:00.000000000,12251.745016,-16118.195743,16778.835443
2022-02-19T18:15:00.000000000,12366.99981,-14051.750395,18482.526867
2022-02-19T18:30:00.000000000,12598.701841,-11819.37826,19858.890924
2022-02-19T18:45:00.000000000,12962.876033,-9467.785665,20884.173245
2022-02-19T19:00:00.000000000,13467.553082,-7046.791375,21541.070938
2022-02-19T19:15:00.000000000,14112.386559,-4607.510131,21819.003285
2022-02-19T19:30:00.000000000,14888.626336,-2200.504639,21714.239906
2022-02-19T19:45:00.000000000,15779.44458,126.017238,21229.888586
2022-02-19T20:00:00.000000000,16760.595292,2327.887319,20375.74886
2022-02-19T20:15:00.000000000,17801.374576,4366.478416,19168.040766
2022-02-19T20:30:00.000000000,18865.837241,6209.966328,17629.020787
2022-02-19T20:45:00.000000000,19914.216143,7834.308378,15786.498852
2022-02-19T21:00:00.000000000,20904.484402,9223.907306,13673.271372
2022-02-19T21:15:00.000000000,21793.996992,10371.942736,11326.485719
2022-02-19T21:30:00.000000000,22541.14741,11280.365769,8786.951431
2022-02-19T21:45:00.000000000,23106.976769,11959.565039,6098.41276
2022-02-19T22:00:00.000000000,23456.676533,12427.724223,3306.79623
2022-02-19T22:15:00.000000000,23560.931861,12709.901298,459.445663
2022-02-19T22:30:00.000000000,23397.059611,12836.868523,-2395.644208
2022-02-19T22:45:00.000000000,22949.90352,12843.759196,-5210.58577
2022-02-19T23:00:00.000000000,22212.4581,12768.572383,-7938.339648
2022-02-19T23:15:00.000000000,21186.202524,12650.590403,-10533.431513
2022-02-19T23:30:00.000000000,19881.135407,12528.765432,-12952.638122
2022-02-19T23:45:00.000000000,18315.511191,12440.131784,-15155.63679
2022-02-19T00:00:00.000000000,17030.350917,12413.855963,-16599.46317
2022-02-19T00:15:00.000000000,15079.899364,12459.039155,-18344.907261
2022-02-19T00:30:00.000000000,12955.264242,12617.09,-19783.629555
2022-02-19T00:45:00.000000000,10698.554173,12905.848791,-20891.073529
2022-02-19T01:00:00.000000000,8355.402286,13335.647318,-21648.002111
2022-02-19T01:15:00.000000000,5973.443996,13908.80242,-22040.838056
2022-02-19T01:30:00.000000000,3600.71641,14619.410225,-22061.931576
2022-02-19T01:45:00.000000000,1284.034318,15453.452851,-21709.748854
2022-02-19T02:00:00.000000000,-932.600082,16389.219098,-20988.974908
2022-02-19T02:15:00.000000000,-3009.496222,17398.029827,-19910.52438
2022-02-19T02:30:00.000000000,-4912.626805,18445.247649,-18491.454255
2022-02-19T02:45:00.000000000,-6614.779287,19491.53942,-16754.773377
2022-02-19T03:00:00.000000000,-8096.459958,20494.34943,-14729.144988
2022-02-19T03:15:00.000000000,-9346.511019,21409.531379,-12448.480415
2022-02-19T03:30:00.000000000,-10362.410696,22193.078867,-9951.424469
2022-02-19T03:45:00.000000000,-11150.238076,22802.887695,-7280.736054
2022-02-19T04:00:00.000000000,-11724.297417,23200.47932,-4482.57081
2022-02-19T04:15:00.000000000,-12106.410851,23352.613707,-1605.676256
2022-02-19T04:30:00.000000000,-12324.902979,23232.722102,1299.486509
2022-02-19T04:45:00.000000000,-12413.31517,22822.095819,4181.676966
2022-02-19T05:00:00.000000000,-12408.900383,22110.776268,6989.844568
2022-02-19T05:15:00.000000000,-12350.960618,21098.103538,9674.110343
2022-02-19T05:30:00.000000000,-12279.097446,19792.895634,12186.736216
2022-02-19T05:45:00.000000000,-12231.451153,18213.247065,14483.057025
2022-02-19T06:00:00.000000000,-12243.005394,16385.952955,16522.350913
2022-02-19T06:15:00.000000000,-12344.031594,14345.58222,18268.625513
2022-02-19T06:30:00.000000000,-12558.740873,12133.239662,19691.300095
2022-02-19T06:45:00.000000000,-12904.201413,9795.070879,20765.767488
2022-02-19T07:00:00.000000000,-13389.566458,7380.575207,21473.823789
2022-02-19T07:15:00.000000000,-14015.643344,4940.799615,21803.958427
2022-02-19T07:30:00.000000000,-14774.818123,2526.490479,21751.501761
2022-02-19T07:45:00.000000000,-15651.334179,186.280216,21318.631836
2022-02-19T08:00:00.000000000,-16621.907827,-2035.017683,20514.245867
2022-02-19T08:15:00.000000000,-17656.649893,-4097.938558,19353.705463
2022-02-19T08:30:00.000000000,-18720.250254,-5969.66415,17858.467284
2022-02-19T08:45:00.000000000,-19773.372924,-7625.042015,16055.612783
2022-02-19T09:00:00.000000000,-20774.202453,-9047.293789,13977.2919
2022-02-19T09:15:00.000000000,-21680.078517,-10228.392677,11660.096078
2022-02-19T09:30:00.000000000,-22449.154332,-11169.1039,9144.37592
2022-02-19T09:45:00.000000000,-23042.015895,-11878.694756,6473.518233
2022-02-19T10:00:00.000000000,-23423.202596,-12374.332745,3693.196246
2022-02-19T10:15:00.000000000,-23562.575302,-12680.200741,850.605659
2022-02-19T10:30:00.000000000,-23436.484891,-12826.36709,-2006.302191
2022-02-19T10:45:00.000000000,-23028.702565,-12847.455811,-4829.580072
2022-02-19T11:00:00.000000000,-22331.082161,-12781.167535,-7572.028803
2022-02-19T11:15:00.000000000,-21343.934445,-12666.705538,-10187.917835
2022-02-19T11:30:00.000000000,-20076.102933,-12543.163164,-12633.67589
2022-02-19T11:45:00.000000000,-18544.740644,-12447.929228,-14868.545798
2022-02-19T12:00:00.000000000,-16774.796599,-12415.166743,-16855.198192
2022-02-19T12:15:00.000000000,-14798.230099,-12474.41762,-18560.299028
2022-02-19T12:30:00.000000000,-12652.979272,-12649.381828,-19955.025887
2022-02-19T12:45:00.000000000,-10381.718224,-12956.914116,-21015.527954
2022-02-19T13:00:00.000000000,-8030.444018,-13406.274785,-21723.32427
2022-02-19T13:15:00.000000000,-5646.940696,-13998.663292,-22065.6345
2022-02-19T13:30:00.000000000,-3279.172268,-14727.054699,-22035.636104
2022-02-19T13:45:00.000000000,-973.659997,-15576.349405,-21632.641516
2022-02-19T14:00:00.000000000,1226.098707,-16523.836219,-20862.188788
2022-02-19T14:15:00.000000000,3281.112373,-17539.957979,-19736.039324
2022-02-19T14:30:00.000000000,5158.222718,-18589.357815,-18272.076778
2022-02-19T14:45:00.000000000,6831.22492,-19632.173053,-16494.102161
2022-02-19T15:00:00.000000000,8281.734611,-20625.533284,-14431.521603
2022-02-19T15:15:00.000000000,9499.763164,-21525.209422,-12118.925189
2022-02-19T15:30:00.000000000,10483.972834,-22287.352505,-9595.557812
2022-02-19T15:45:00.000000000,11241.595107,-22870.254849,-6904.685974
2022-02-19T16:00:00.000000000,11788.008923,-23236.062541,-4092.867843
2022-02-19T16:15:00.000000000,12145.989642,-23352.367689,-1209.137503
2022-02-19T16:30:00.000000000,12344.654272,-23193.611448,1695.882028
2022-02-19T16:45:00.000000000,12418.142591,-22742.235026,4570.919013
2022-02-19T17:00:00.000000000,12404.086683,-21989.525326,7365.02543
2022-02-19T17:15:00.000000000,12341.93227,-20936.11444,10028.558377
2022-02-19T17:30:00.000000000,12271.183224,-19592.107253,12514.145788
2022-02-19T17:45:00.000000000,12229.645178,-17976.828203,14777.611492
2022-02-19T18:00:00.000000000,12251.745016,-16118.195743,16778.835443
2022-02-19T18:15:00.000000000,12366.99981,-14051.750395,18482.526867
2022-02-19T18:30:00.000000000,12598.701841,-11819.37826,19858.890924
2022-02-19T18:45:00.000000000,12962.876033,-9467.785665,20884.173245
2022-02-19T19:00:00.000000000,13467.553082,-7046.791375,21541.070938
2022-02-19T19:15:00.000000000,14112.386559,-4607.510131,21819.003285
2022-02-19T19:30:00.000000000,14888.626336,-2200.504639,21714.239906
2022-02-19T19:45:00.000000000,15779.44458,126.017238,21229.888586
2022-02-19T20:00:00.000000000,16760.595292,2327.887319,20375.74886
2022-02-19T20:15:00.000000000,17801.374576,4366.478416,19168.040766
2022-02-19T20:30:00.000000000,18865.837241,6209.966328,17629.020787
2022-02-19T20:45:00.000000000,19914.216143,7834.308378,15786.498852
2022-02-19T21:00:00.000000000,20904.484402,9223.907306,13673.271372
2022-02-19T21:15:00.000000000,21793.996992,10371.942736,11326.485719
2022-02-19T21:30:00.000000000,22541.14741,11280.365769,8786.951431
2022-02-19T21:45:00.000000000,23106.976769,11959.565039,6098.41276
2022-02-19T22:00:00.000000000,23456.676533,12427.724223,3306.79623
2022-02-19T22:15:00.000000000,23560.931861,12709.901298,459.445663
2022-02-19T22:30:00.000000000,23397.059611,12836.868523,-2395.644208
2022-02-19T22:45:00.000000000,22949.90352,12843.759196,-5210.58577
2022-02-19T23:00:00.000000000,22212.4581,12768.572383,-7938.339648
2022-02-19T23:15:00.000000000,21186.202524,12650.590403,-10533.431513
2022-02-19T23:30:00.000000000,19881.135407,12528.765432,-12952.638122
2022-02-19T23:45:00.000000000,18315.511191,12440.131784,-15155.63679
2022-02-19T00:00:00.000000000,17030.350917,12413.855963,-16599.46317
2022-02-19T00:15:00.000000000,15079.899364,12459.039155,-18344.907261
2022-02-19T00:30:00.000000000,12955.264242,12617.09,-19783.629555
2022-02-19T00:45:00.000000000,10698.554173,12905.848791,-20891.073529
2022-02-19T01:00:00.000000000,8355.402286,13335.647318,-21648.002111
2022-02-19T01:15:00.000000000,5973.443996,13908.80242,-22040.838056
2022-02-19T01:30:00.000000000,3600.71641,14619.410225,-22061.931576
2022-02-19T01:45:00.000000000,1284.034318,15453.452851,-21709.748854
2022-02-19T02:00:00.000000000,-932.600082,16389.219098,-20988.974908
2022-02-19T02:15:00.000000000,-3009.496222,17398.029827,-19910.52438
2022-02-19T02:30:00.000000000,-4912.626805,18445.247649,-18491.454255
2022-02-19T02:45:00.000000000,-6614.779287,19491.53942,-16754.773377
2022-02-19T03:00:00.000000000,-8096.459958,20494.34943,-14729.144988
2022-02-19T03:15:00.000000000,-9346.511019,21409.531379,-12448.480415
2022-02-19T03:30:00.000000000,-10362.410696,22193.078867,-9951.424469
2022-02-19T03:45:00.000000000,-11150.238076,22802.887695,-7280.736054
2022-02-19T04:00:00.000000000,-11724.297417,23200.47932,-4482.57081
2022-02-19T04:15:00.000000000,-12106.410851,23352.613707,-1605.676256
2022-02-19T04:30:00.000000000,-12324.902979,23232.722102,1299.486509
2022-02-19T04:45:00.000000000,-12413.31517,22822.095819,4181.676966
2022-02-19T05:00:00.000000000,-12408.900383,22110.776268,6989.844568
2022-02-19T05:15:00.000000000,-12350.960618,21098.103538,9674.110343
2022-02-19T05:30:00.000000000,-12279.097446,19792.895634,12186.736216
2022-02-19T05:45:00.000000000,-12231.451153,18213.247065,14483.057025
2022-02-19T06:00:00.000000000,-12243.005394,16385.952955,16522.350913
2022-02-19T06:15:00.000000000,-12344.031594,14345.58222,18268.625513
2022-02-19T06:30:00.000000000,-12558.740873,12133.239662,19691.300095
2022-02-19T06:45:00.000000000,-12904.201413,9795.070879,20765.767488
2022-02-19T07:00:00.000000000,-13389.566458,7380.575207,21473.823789
2022-02-19T07:15:00.000000000,-14015.643344,4940.799615,21803.958427
2022-02-19T07:30:00.000000000,-14774.818123,2526.490479,21751.501761
2022-02-19T07:45:00.000000000,-15651.334179,186.280216,21318.631836
2022-02-19T08:00:00.000000000,-16621.907827,-2035.017683,20514.245867
2022-02-19T08:15:00.000000000,-17656.649893,-4097.938558,19353.705463
2022-02-19T08:30:00.000000000,-18720.250254,-5969.66415,17858.467284
2022-02-19T08:45:00.000000000,-19773.372924,-7625.042015,16055.612783
2022-02-19T09:00:00.000000000,-20774.202453,-9047.293789,13977.2919
2022-02-19T09:15:00.000000000,-21680.078517,-10228.392677,11660.096078
2022-02-19T09:30:00.000000000,-22449.154332,-11169.1039,9144.37592
2022-02-19T09:45:00.000000000,-23042.015895,-11878.694756,6473.518233
2022-02-19T10:00:00.000000000,-23423.202596,-12374.332745,3693.196246
2022-02-19T10:15:00.000000000,-23562.575302,-12680.200741,850.605659
2022-02-19T10:30:00.000000000,-23436.484891,-12826.36709,-2006.302191
2022-02-19T10:45:00.000000000,-23028.702565,-12847.455811,-4829.580072
2022-02-19T11:00:00.000000000,-22331.082161,-12781.167535,-7572.028803
2022-02-19T11:15:00.000000000,-21343.934445,-12666.705538,-10187.917835
2022-02-19T11:30:00.000000000,-20076.102933,-12543.163164,-12633.67589
2022-02-19T11:45:00.000000000,-18544.740644,-12447.929228,-14868.545798
2022-02-19T12:00:00.000000000,-16774.796599,-12415.166743,-16855.198192
2022-02-19T12:15:00.000000000,-14798.230099,-12474.41762,-18560.299028
2022-02-19T12:30:00.000000000,-12652.979272,-12649.381828,-19955.025887
2022-02-19T12:45:00.000000000,-10381.718224,-12956.914116,-21015.527954
2022-02-19T13:00:00.000000000,-8030.444018,-13406.274785,-21723.32427
2022-02-19T13:15:00.000000000,-5646.940696,-13998.663292,-22065.6345
2022-02-19T13:30:00.000000000,-3279.172268,-14727.054699,-22035.636104
2022-02-19T13:45:00.000000000,-973.659997,-15576.349405,-21632.641516
2022-02-19T14:00:00.000000000,1226.098707,-16523.836219,-20862.188788
2022-02-19T14:15:00.000000000,3281.112373,-17539.957979,-19736.039324
2022-02-19T14:30:00.000000000,5158.222718,-18589.357815,-18272.076778
2022-02-19T14:45:00.000000000,6831.22492,-19632.173053,-16494.102161
2022-02-19T15:00:00.000000000,8281.734611,-20625.533284,-14431.521603
2022-02-19T15:15:00.000000000,9499.763164,-21525.209422,-12118.925189
2022-02-19T15:30:00.000000000,10483.972834,-22287.352505,-9595.557812
2022-02-19T15:45:00.000000000,11241.595107,-22870.254849,-6904.685974
2022-02-19T16:00:00.000000000,11788.008923,-23236.062541,-4092.867843
2022-02-19T16:15:00.000000000,12145.989642,-23352.367689,-1209.137503
2022-02-19T16:30:00.000000000,12344.654272,-23193.611448,1695.882028
2022-02-19T16:45:00.000000000,12418.142591,-22742.235026,4570.919013
2022-02-19T17:00:00.000000000,12404.086683,-21989.525326,7365.02543
2022-02-19T17:15:00.000000000,12341.93227,-20936.11444,10028.558377
2022-02-19T17:30:00.000000000,12271.183224,-19592.107253,12514.145788
2022-02-19T17:45:00.000000000,12229.645178,-17976.828203,14777.611492
2022-02-19T18:00:00.000000000,12251.745016,-16118.195743,16778.835443
2022-02-19T18:15:00.000000000,12366.99981,-14051.750395,18482.526867
2022-02-19T18:30:00.000000000,12598.701841,-11819.37826,19858.890924
2022-02-19T18:45:00.000000000,12962.876033,-9467.785665,20884.173245
2022-02-19T19:00:00.000000000,13467.553082,-7046.791375,21541.070938
2022-02-19T19:15:00.000000000,14112.386559,-4607.510131,21819.003285
2022-02-19T19:30:00.000000000,14888.626336,-2200.504639,21714.239906
2022-02-19T19:45:00.000000000,15779.44458,126.017238,21229.888586
2022-02-19T20:00:00.000000000,16760.595292,2327.887319,20375.74886
2022-02-19T20:15:00.000000000,17801.374576,4366.478416,19168.040766
2022-02-19T20:30:00.000000000,18865.837241,6209.966328,17629.020787
2022-02-19T20:45:00.000000000,19914.216143,7834.308378,15786.498852
2022-02-19T21:00:00.000000000,20904.484402,9223.907306,13673.271372
2022-02-19T21:15:00.000000000,21793.996992,10371.942736,11326.485719
2022-02-19T21:30:00.000000000,22541.14741,11280.365769,8786.951431
2022-02-19T21:45:00.000000000,23106.976769,11959.565039,6098.41276
2022-02-19T22:00:00.000000000,23456.676533,12427.724223,3306.79623
2022-02-19T22:15:00.000000000,23560.931861,12709.901298,459.445663
2022-02-19T22:30:00.000000000,23397.059611,12836.868523,-2395.644208
2022-02-19T22:45:00.000000000,22949.90352,12843.759196,-5210.58577
2022-02-19T23:00:00.000000000,22212.4581,12768.572383,-7938.339648
2022-02-19T23:15:00.000000000,21186.202524,12650.590403,-10533.431513
2022-02-19T23:30:00.000000000,19881.135407,12528.765432,-12952.638122
2022-02-19T23:45:00.000000000,18315.511191,12440.131784,-15155.63679
2022-02-19T00:00:00.000000000,17030.350917,12413.855963,-16599.46317
2022-02-19T00:15:00.000000000,15079.899364,12459.039155,-18344.907261
2022-02-19T00:30:00.000000000,12955.264242,12617.09,-19783.629555
2022-02-19T00:45:00.000000000,10698.554173,12905.848791,-20891.073529
2022-02-19T01:00:00.000000000,8355.402286,13335.647318,-21648.002111
2022-02-19T01:15:00.000000000,5973.443996,13908.80242,-22040.838056
2022-02-19T01:30:00.000000000,3600.71641,14619.410225,-22061.931576
2022-02-19T01:45:00.000000000,1284.034318,15453.452851,-21709.748854
2022-02-19T02:00:00.000000000,-932.600082,16389.219098,-20988.974908
2022-02-19T02:15:00.000000000,-3009.496222,17398.029827,-19910.52438
2022-02-19T02:30:00.000000000,-4912.626805,18445.247649,-18491.454255
2022-02-19T02:45:00.000000000,-6614.779287,19491.53942,-16754.773377
2022-02-19T03:00:00.000000000,-8096.459958,20494.34943,-14729.144988
2022-02-19T03:15:00.000000000,-9346.511019,21409.531379,-12448.480415
2022-02-19T03:30:00.000000000,-10362.410696,22193.078867,-9951.424469
2022-02-19T03:45:00.000000000,-11150.238076,22802.887695,-7280.736054
2022-02-19T04:00:00.000000000,-11724.297417,23200.47932,-4482.57081
2022-02-19T04:15:00.000000000,-12106.410851,23352.613707,-1605.676256
2022-02-19T04:30:00.000000000,-12324.902979,23232.722102,1299.486509
2022-02-19T04:45:00.000000000,-12413.31517,22822.095819,4181.676966
2022-02-19T05:00:00.000000000,-12408.900383,22110.776268,6989.844568
2022-02-19T05:15:00.000000000,-12350.960618,21098.103538,9674.110343
2022-02-19T05:30:00.000000000,-12279.097446,19792.895634,12186.736216
2022-02-19T05:45:00.000000000,-12231.451153,18213.247065,14483.057025
2022-02-19T06:00:00.000000000,-12243.005394,16385.952955,16522.350913
2022-02-19T06:15:00.000000000,-12344.031594,14345.58222,18268.625513
2022-02-19T06:30:00.000000000,-12558.740873,12133.239662,19691.300095
2022-02-19T06:45:00.000000000,-12904.201413,9795.070879,20765.767488
2022-02-19T07:00:00.000000000,-13389.566458,7380.575207,21473.823789
2022-02-19T07:15:00.000000000,-14015.643344,4940.799615,21803.958427
2022-02-19T07:30:00.000000000,-14774.818123,2526.490479,21751.501761
2022-02-19T07:45:00.000000000,-15651.334179,186.280216,21318.631836
2022-02-19T08:00:00.000000000,-16621.907827,-2035.017683,20514.245867
2022-02-19T08:15:00.000000000,-17656.649893,-4097.938558,19353.705463
2022-02-19T08:30:00.000000000,-18720.250254,-5969.66415,17858.467284
2022-02-19T08:45:00.000000000,-19773.372924,-7625.042015,16055.612783
2022-02-19T09:00:00.000000000,-20774.202453,-9047.293789,13977.2919
2022-02-19T09:15:00.000000000,-21680.078517,-10228.392677,11660.096078
2022-02-19T09:30:00.000000000,-22449.154332,-11169.1039,9144.37592
2022-02-19T09:45:00.000000000,-23042.015895,-11878.694756,6473.518233
2022-02-19T10:00:00.000000000,-23423.202596,-12374.332745,3693.196246
2022-02-19T10:15:00.000000000,-23562.575302,-12680.200741,850.605659
2022-02-19T10:30:00.000000000,-23436.484891,-12826.36709,-2006.302191
2022-02-19T10:45:00.000000000,-23028.702565,-12847.455811,-4829.580072
2022-02-19T11:00:00.000000000,-22331.082161,-12781.167535,-7572.028803
2022-02-19T11:15:00.000000000,-21343.934445,-12666.705538,-10187.917835
2022-02-19T11:30:00.000000000,-20076.102933,-12543.163164,-12633.67589
2022-02-19T11:45:00.000000000,-18544.740644,-12447.929228,-14868.545798
2022-02-19T12:00:00.000000000,-16774.796599,-12415.166743,-16855.198192
2022-02-19T12:15:00.000000000,-14798.230099,-12474.41762,-18560.299028
2022-02-19T12:30:00.000000000,-12652.979272,-12649.381828,-19955.025887
2022-02-19T12:45:00.000000000,-10381.718224,-12956.914116,-21015.527954
2022-02-19T13:00:00.000000000,-8030.444018,-13406.274785,-21723.32427
2022-02-19T13:15:00.000000000,-5646.940696,-13998.663292,-22065.6345
2022-02-19T13:30:00.000000000,-3279.172268,-14727.054699,-22035.636104
2022-02-19T13:45:00.000000000,-973.659997,-15576.349405,-21632.641516
2022-02-19T14:00:00.000000000,1226.098707,-16523.836219,-20862.188788
2022-02-19T14:15:00.000000000,3281.112373,-17539.957979,-19736.039324
2022-02-19T14:30:00.000000000,5158.222718,-18589.357815,-18272.076778
2022-02-19T14:45:00.000000000,6831.22492,-19632.173053,-16494.102161
2022-02-19T15:00:00.000000000,8281.734611,-20625.533284,-14431.521603
2022-02-19T15:15:00.000000000,9499.763164,-21525.209422,-12118.925189
2022-02-19T15:30:00.000000000,10483.972834,-22287.352505,-9595.557812
2022-02-19T15:45:00.000000000,11241.595107,-22870.254849,-6904.685974
2022-02-19T16:00:00.000000000,11788.008923,-23236.062541,-4092.867843
2022-02-19T16:15:00.000000000,12145.989642,-23352.367689,-1209.137503
2022-02-19T16:30:00.000000000,12344.654272,-23193.611448,1695.882028
2022-02-19T16:45:00.000000000,12418.142591,-22742.235026,4570.919013
2022-02-19T17:00:00.000000000,12404.086683,-21989.525326,7365.02543
2022-02-19T17:15:00.000000000,12341.93227,-20936.11444,10028.558377
2022-02-19T17:30:00.000000000,12271.183224,-19592.107253,12514.145788
2022-02-19T17:45:00.000000000,12229.645178,-17976.828203,14777.611492
2022-02-19T18:00:00.000000000,12251.745016,-16118.195743,16778.835443
2022-02-19T18:15:00.000000000,12366.99981,-14051.750395,18482.526867
2022-02-19T18:30:00.000000000,12598.701841,-11819.37826,19858.890924
2022-02-19T18:45:00.000000000,12962.876033,-9467.785665,20884.173245
2022-02-19T19:00:00.000000000,13467.553082,-7046.791375,21541.070938
2022-02-19T19:15:00.000000000,14112.386559,-4607.510131,21819.003285
2022-02-19T19:30:00.000000000,14888.626336,-2200.504639,21714.239906
2022-02-19T19:45:00.000000000,15779.44458,126.017238,21229.888586
2022-02-19T20:00:00.000000000,16760.595292,2327.887319,20375.74886
2022-02-19T20:15:00.000000000,17801.374576,4366.478416,19168.040766
2022-02-19T20:30:00.000000000,18865.837241,6209.966328,17629.020787
2022-02-19T20:45:00.000000000,19914.216143,7834.308378,15786.498852
2022-02-19T21:00:00.000000000,20904.484402,9223.907306,13673.271372
2022-02-19T21:15:00.000000000,21793.996992,10371.942736,11326.485719
2022-02-19T21:30:00.000000000,22541.14741,11280.365769,8786.951431
2022-02-19T21:45:00.000000000,23106.976769,11959.565039,6098.41276
2022-02-19T22:00:00.000000000,23456.676533,12427.724223,3306.79623
2022-02-19T22:15:00.000000000,23560.931861,12709.901298,459.445663
2022-02-19T22:30:00.000000000,23397.059611,12836.868523,-2395.644208
2022-02-19T22:45:00.000000000,22949.90352,12843.759196,-5210.58577
2022-02-19T23:00:00.000000000,22212.4581,12768.572383,-7938.339648
2022-02-19T23:15:00.000000000,21186.202524,12650.590403,-10533.431513
2022-02-19T23:30:00.000000000,19881.135407,12528.765432,-12952.638122
2022-02-19T23:45:00.000000000,18315.511191,12440.131784,-15155.63679
2022-02-19T00:00:00.000000000,17030.350917,12413.855963,-16599.46317
2022-02-19T00:15:00.000000000,15079.899364,12459.039155,-18344.907261
2022-02-19T00:30:00.000000000,12955.264242,12617.09,-19783.629555
2022-02-19T00:45:00.000000000,10698.554173,12905.848791,-20891.073529
2022-02-19T01:00:00.000000000,8355.402286,13335.647318,-21648.002111
2022-02-19T01:15:00.000000000,5973.443996,13908.80242,-22040.838056
2022-02-19T01:30:00.000000000,3600.71641,14619.410225,-22061.931576
2022-02-19T01:45:00.000000000,1284.034318,15453.452851,-21709.748854
2022-02-19T02:00:00.000000000,-932.600082,16389.219098,-20988.974908
2022-02-19T02:15:00.000000000,-3009.496222,17398.029827,-19910.52438
2022-02-19T02:30:00.000000000,-4912.626805,18445.247649,-18491.454255
2022-02-19T02:45:00.000000000,-6614.779287,19491.53942,-16754.773377
2022-02-19T03:00:00.000000000,-8096.459958,20494.34943,-14729.144988
2022-02-19T03:15:00.000000000,-9346.511019,21409.531379,-12448.480415
2022-02-19T03:30:00.000000000,-10362.410696,22193.078867,-9951.424469
2022-02-19T03:45:00.000000000,-11150.238076,22802.887695,-7280.736054
2022-02-19T04:00:00.000000000,-11724.297417,23200.47932,-4482.57081
2022-02-19T04:15:00.000000000,-12106.410851,23352.613707,-1605.676256
2022-02-19T04:30:00.000000000,-12324.902979,23232.722102,1299.486509
2022-02-19T04:45:00.000000000,-12413.31517,22822.095819,4181.676966
2022-02-19T05:00:00.000000000,-12408.900383,22110.776268,6989.844568
2022-02-19T05:15:00.000000000,-12350.960618,21098.103538,9674.110343
2022-02-19T05:30:00.000000000,-12279.097446,19792.895634,12186.736216
2022-02-19T05:45:00.000000000,-12231.451153,18213.247065,14483.057025
2022-02-19T06:00:00.000000000,-12243.005394,16385.952955,16522.350913
2022-02-19T06:15:00.000000000,-12344.031594,14345.58222,18268.625513
2022-02-19T06:30:00.000000000,-12558.740873,12133.239662,19691.300095
2022-02-19T06:45:00.000000000,-12904.201413,9795.070879,20765.767488
2022-02-19T07:00:00.000000000,-13389.566458,7380.575207,21473.823789
2022-02-19T07:15:00.000000000,-14015.643344,4940.799615,21803.958427
2022-02-19T07:30:00.000000000,-14774.818123,2526.490479,21751.501761
2022-02-19T07:45:00.000000000,-15651.334179,186.280216,21318.631836
2022-02-19T08:00:00.000000000,-16621.907827,-2035.017683,20514.245867
2022-02-19T08:15:00.000000000,-17656.649893,-4097.938558,19353.705463
2022-02-19T08:30:00.000000000,-18720.250254,-5969.66415,17858.467284
2022-02-19T08:45:00.000000000,-19773.372924,-7625.042015,16055.612783
2022-02-19T09:00:00.000000000,-20774.202453,-9047.293789,13977.2919
2022-02-19T09:15:00.000000000,-21680.078517,-10228.392677,11660.096078
2022-02-19T09:30:00.000000000,-22449.154332,-11169.1039,9144.37592
2022-02-19T09:45:00.000000000,-23042.015895,-11878.694756,6473.518233
2022-02-19T10:00:00.000000000,-23423.202596,-12374.332745,3693.196246
2022-02-19T10:15:00.000000000,-23562.575302,-12680.200741,850.605659
2022-02-19T10:30:00.000000000,-23436.484891,-12826.36709,-2006.302191
2022-02-19T10:45:00.000000000,-23028.702565,-12847.455811,-4829.580072
2022-02-19T11:00:00.000000000,-22331.082161,-12781.167535,-7572.028803
2022-02-19T11:15:00.000000000,-21343.934445,-12666.705538,-10187.917835
2022-02-19T11:30:00.000000000,-20076.102933,-12543.163164,-12633.67589
2022-02-19T11:45:00.000000000,-18544.740644,-12447.929228,-14868.545798
2022-02-19T12:00:00.000000000,-16774.796599,-12415.166743,-16855.198192
2022-02-19T12:15:00.000000000,-14798.230099,-12474.41762,-18560.299028
2022-02-19T12:30:00.000000000,-12652.979272,-12649.381828,-19955.025887
2022-02-19T12:45:00.000000000,-10381.718224,-12956.914116,-21015.527954
2022-02-19T13:00:00.000000000,-8030.444018,-13406.274785,-21723.32427
2022-02-19T13:15:00.000000000,-5646.940696,-13998.663292,-22065.6345
2022-02-19T13:30:00.000000000,-3279.172268,-14727.054699,-22035.636104
2022-02-19T13:45:00.000000000,-973.659997,-15576.349405,-21632.641516
2022-02-19T14:00:00.000000000,1226.098707,-16523.836219,-20862.188788
2022-02-19T14:15:00.000000000,3281.112373,-17539.957979,-19736.039324
2022-02-19T14:30:00.000000000,5158.222718,-18589.357815,-18272.076778
2022-02-19T14:45:00.000000000,6831.22492,-19632.173053,-16494.102161
2022-02-19T15:00:00.000000000,8281.734611,-20625.533284,-14431.521603
2022-02-19T15:15:00.000000000,9499.763164,-21525.209422,-12118.925189
2022-02-19T15:30:00.000000000,10483.972834,-22287.352505,-9595.557812
2022-02-19T15:45:00.000000000,11241.595107,-22870.254849,-6904.685974
2022-02-19T16:00:00.000000000,11788.008923,-23236.062541,-4092.867843
2022-02-19T16:15:00.000000000,12145.989642,-23352.367689,-1209.137503
2022-02-19T16:30:00.000000000,12344.654272,-23193.611448,1695.882028
2022-02-19T16:45:00.000000000,12418.142591,-22742.235026,4570.919013
2022-02-19T17:00:00.000000000,12404.086683,-21989.525326,7365.02543
2022-02-19T17:15:00.000000000,12341.93227,-20936.11444,10028.558377
2022-02-19T17:30:00.000000000,12271.183224,-19592.107253,12514.145788
2022-02-19T17:45:00.000000000,12229.645178,-17976.828203,14777.611492
2022-02-19T18:00:00.000000000,12251.745016,-16118.195743,16778.835443
2022-02-19T18:15:00.000000000,12366.99981,-14051.750395,18482.526867
2022-02-19T18:30:00.000000000,12598.701841,-11819.37826,19858.890924
2022-02-19T18:45:00.000000000,12962.876033,-9467.785665,20884.173245
2022-02-19T19:00:00.000000000,13467.553082,-7046.791375,21541.070938
2022-02-19T19:15:00.000000000,14112.386559,-4607.510131,21819.003285
2022-02-19T19:30:00.000000000,14888.626336,-2200.504639,21714.239906
2022-02-19T19:45:00.000000000,15779.44458,126.017238,21229.888586
2022-02-19T20:00:00.000000000,16760.595292,2327.887319,20375.74886
2022-02-19T20:15:00.000000000,17801.374576,4366.478416,19168.040766
2022-02-19T20:30:00.000000000,18865.837241,6209.966328,17629.020787
2022-02-19T20:45:00.000000000,19914.216143,7834.308378,15786.498852
2022-02-19T21:00:00.000000000,20904.484402,9223.907306,13673.271372
2022-02-19T21:15:00.000000000,21793.996992,10371.942736,11326.485719
2022-02-19T21:30:00.000000000,22541.14741,11280.365769,8786.951431
2022-02-19T21:45:00.000000000,23106.976769,11959.565039,6098.41276
2022-02-19T22:00:00.000000000,23456.676533,12427.724223,3306.79623
2022-02-19T22:15:00.000000000,23560.931861,12709.901298,459.445663
2022-02-19T22:30:00.000000000,23397.059611,12836.868523,-2395.644208
2022-02-19T22:45:00.000000000,22949.90352,12843.759196,-5210.58577
2022-02-19T23:00:00.000000000,22212.4581,12768.572383,-7938.339648
2022-02-19T23:15:00.000000000,21186.202524,12650.590403,-10533.431513
2022-02-19T23:30:00.000000000,19881.135407,12528.765432,-12952.638122
2022-02-19T23:45:00.000000000,18315.511191,12440.131784,-15155.63679
2022-02-19T00:00:00.000000000,17030.350917,12413.855963,-16599.46317
2022-02-19T00:15:00.000000000,15079.899364,12459.039155,-18344.907261
2022-02-19T00:30:00.000000000,12955.264242,12617.09,-19783.629555
2022-02-19T00:45:00.000000000,10698.554173,12905.848791,-20891.073529
2022-02-19T01:00:00.000000000,8355.402286,13335.647318,-21648.002111
2022-02-19T01:15:00.000000000,5973.443996,13908.80242,-22040.838056
2022-02-19T01:30:00.000000000,3600.71641,14619.410225,-22061.931576
2022-02-19T01:45:00.000000000,1284.034318,15453.452851,-21709.748854
2022-02-19T02:00:00.000000000,-932.600082,16389.219098,-20988.974908
2022-02-19T02:15:00.000000000,-3009.496222,17398.029827,-19910.52438
2022-02-19T02:30:00.000000000,-4912.626805,18445.247649,-18491.454255
2022-02-19T02:45:00.000000000,-6614.779287,19491.53942,-16754.773377
2022-02-19T03:00:00.000000000,-8096.459958,20494.34943,-14729.144988
2022-02-19T03:15:00.000000000,-9346.511019,21409.531379,-12448.480415
2022-02-19T03:30:00.000000000,-10362.410696,22193.078867,-9951.424469
2022-02-19T03:45:00.000000000,-11150.238076,22802.887695,-7280.736054
2022-02-19T04:00:00.000000000,-11724.297417,23200.47932,-4482.57081
2022-02-19T04:15:00.000000000,-12106.410851,23352.613707,-1605.676256
2022-02-19T04:30:00.000000000,-12324.902979,23232.722102,1299.486509
2022-02-19T04:45:00.000000000,-12413.31517,22822.095819,4181.676966
2022-02-19T05:00:00.000000000,-12408.900383,22110.776268,6989.844568
2022-02-19T05:15:00.000000000,-12350.960618,21098.103538,9674.110343
2022-02-19T05:30:00.000000000,-12279.097446,19792.895634,12186.736216
2022-02-19T05:45:00.000000000,-12231.451153,18213.247065,14483.057025
2022-02-19T06:00:00.000000000,-12243.005394,16385.952955,16522.350913
2022-02-19T06:15:00.000000000,-12344.031594,14345.58222,18268.625513
2022-02-19T06:30:00.000000000,-12558.740873,12133.239662,19691.300095
2022-02-19T06:45:00.000000000,-12904.201413,9795.070879,20765.767488
2022-02-19T07:00:00.000000000,-13389.566458,7380.575207,21473.823789
2022-02-19T07:15:00.000000000,-14015.643344,4940.799615,21803.958427
2022-02-19T07:30:00.000000000,-14774.818123,2526.490479,21751.501761
2022-02-19T07:45:00.000000000,-15651.334179,186.280216,21318.631836
2022-02-19T08:00:00.000000000,-16621.907827,-2035.017683,20514.245867
2022-02-19T08:15:00.000000000,-17656.649893,-4097.938558,19353.705463
2022-02-19T08:30:00.000000000,-18720.250254,-5969.66415,17858.467284
2022-02-19T08:45:00.000000000,-19773.372924,-7625.042015,16055.612783
2022-02-19T09:00:00.000000000,-20774.202453,-9047.293789,13977.2919
2022-02-19T09:15:00.000000000,-21680.078517,-10228.392677,11660.096078
2022-02-19T09:30:00.000000000,-22449.154332,-11169.1039,9144.37592
2022-02-19T09:45:00.000000000,-23042.015895,-11878.694756,6473.518233
2022-02-19T10:00:00.000000000,-23423.202596,-12374.332745,3693.196246
2022-02-19T10:15:00.000000000,-23562.575302,-12680.200741,850.605659
2022-02-19T10:30:00.000000000,-23436.484891,-12826.36709,-2006.302191
2022-02-19T10:45:00.000000000,-23028.702565,-12847.455811,-4829.580072
2022-02-19T11:00:00.000000000,-22331.082161,-12781.167535,-7572.028803
2022-02-19T11:15:00.000000000,-21343.934445,-12666.705538,-10187.917835
2022-02-19T11:30:00.000000000,-20076.102933,-12543.163164,-12633.67589
2022-02-19T11:45:00.000000000,-18544.740644,-12447.929228,-14868.545798
2022-02-19T12:00:00.000000000,-16774.796599,-12415.166743,-16855.198192
2022-02-19T12:15:00.000000000,-14798.230099,-12474.41762,-18560.299028
2022-02-19T12:30:00.000000000,-12652.979272,-12649.381828,-19955.025887
2022-02-19T12:45:00.000000000,-10381.718224,-12956.914116,-21015.527954
2022-02-19T13:00:00.000000000,-8030.444018,-13406.274785,-21723.32427
2022-02-19T13:15:00.000000000,-5646.940696,-13998.663292,-22065.6345
2022-02-19T13:30:00.000000000,-3279.172268,-14727.054699,-22035.636104
2022-02-19T13:45:00.000000000,-973.659997,-15576.349405,-21632.641516
2022-02-19T14:00:00.000000000,1226.098707,-16523.836219,-20862.188788
2022-02-19T14:15:00.000000000,3281.112373,-17539.957979,-19736.039324
2022-02-19T14:30:00.000000000,5158.222718,-18589.357815,-18272.076778
2022-02-19T14:45:00.000000000,6831.22492,-19632.173053,-16494.102161
2022-02-19T15:00:00.000000000,8281.734611,-20625.533284,-14431.521603
2022-02-19T15:15:00.000000000,9499.763164,-21525.209422,-12118.925189
2022-02-19T15:30:00.000000000,10483.972834,-22287.352505,-9595.557812
2022-02-19T15:45:00.000000000,11241.595107,-22870.254849,-6904.685974
2022-02-19T16:00:00.000000000,11788.008923,-23236.062541,-4092.867843
2022-02-19T16:15:00.000000000,12145.989642,-23352.367689,-1209.137503
2022-02-19T16:30:00.000000000,12344.654272,-23193.611448,1695.882028
2022-02-19T16:45:00.000000000,12418.142591,-22742.235026,4570.919013
2022-02-19T17:00:00.000000000,12404.086683,-21989.525326,7365.02543
2022-02-19T17:15:00.000000000,12341.93227,-20936.11444,10028.558377
2022-02-19T17:30:00.000000000,12271.183224,-19592.107253,12514.145788
2022-02-19T17:45:00.000000000,12229.645178,-17976.828203,14777.611492
2022-02-19T18:00:00.000000000,12251.745016,-16118.195743,16778.835443
2022-02-19T18:15:00.000000000,12366.99981,-14051.750395,18482.526867
2022-02-19T18:30:00.000000000,12598.701841,-11819.37826,19858.890924
2022-02-19T18:45:00.000000000,12962.876033,-9467.785665,20884.173245
2022-02-19T19:00:00.000000000,13467.553082,-7046.791375,21541.070938
2022-02-19T19:15:00.000000000,14112.386559,-4607.510131,21819.003285
2022-02-19T19:30:00.000000000,14888.626336,-2200.504639,21714.239906
2022-02-19T19:45:00.000000000,15779.44458,126.017238,21229.888586
2022-02-19T20:00:00.000000000,16760.595292,2327.887319,20375.74886
2022-02-19T20:15:00.000000000,17801.374576,4366.478416,19168.040766
2022-02-19T20:30:00.000000000,18865.837241,6209.966328,17629.020787
2022-02-19T20:45:00.000000000,19914.216143,7834.308378,15786.498852
2022-02-19T21:00:00.000000000,20904.484402,9223.907306,13673.271372
2022-02-19T21:15:00.000000000,21793.996992,10371.942736,11326.485719
2022-02-19T21:30:00.000000000,22541.14741,11280.365769,8786.951431
2022-02-19T21:45:00.000000000,23106.976769,11959.565039,6098.41276
2022-02-19T22:00:00.000000000,23456.676533,12427.724223,3306.79623
2022-02-19T22:15:00.000000000,23560.931861,12709.901298,459.445663
2022-02-19T22:30:00.000000000,23397.059611,12836.868523,-2395.644208
2022-02-19T22:45:00.000000000,22949.90352,12843.759196,-5210.58577
2022-02-19T23:00:00.000000000,22212.4581,12768.572383,-7938.339648
2022-02-19T23:15:00.000000000,21186.202524,12650.590403,-10533.431513
2022-02-19T23:30:00.000000000,19881.135407,12528.765432,-12952.638122
2022-02-19T23:45:00.000000000,18315.511191,12440.131784,-15155.63679
2022-02-18T00:00:00.000000000,17529.365769,12416.042693,-16072.666801
2022-02-18T00:15:00.000000000,15633.209076,12434.482921,-17897.10185
2022-02-18T00:30:00.000000000,13552.152382,12559.727375,-19422.394516
2022-02-18T00:45:00.000000000,11327.095532,12811.54227,-20622.600293
2022-02-18T01:00:00.000000000,9002.858537,13202.372756,-21476.989493
2022-02-18T01:15:00.000000000,6626.689734,13736.75761,-21970.406513
2022-02-18T01:30:00.000000000,4246.681114,14411.039737,-22093.558048
2022-02-18T01:45:00.000000000,1910.144933,15213.386956,-21843.223938
2022-02-18T02:00:00.000000000,-337.991676,16124.127448,-21222.384139
2022-02-18T02:15:00.000000000,-2456.716499,17116.393571,-20240.255319
2022-02-18T02:30:00.000000000,-4410.329715,18157.0567,-18912.230919
2022-02-18T02:45:00.000000000,-6169.655126,19207.924584,-17259.719285
2022-02-18T03:00:00.000000000,-7713.016196,20227.161938,-15309.875631
2022-02-18T03:15:00.000000000,-9026.934964,21170.884902,-13095.225422
2022-02-18T03:30:00.000000000,-10106.521045,21994.871181,-10653.179013
2022-02-18T03:45:00.000000000,-10955.52907,22656.320708,-8025.440212
2022-02-18T04:00:00.000000000,-11586.075597,23115.596926,-5257.31466
2022-02-18T04:15:00.000000000,-12018.020516,23337.876951,-2396.927497
2022-02-18T04:30:00.000000000,-12278.032449,23294.64014,505.636574
2022-02-18T04:45:00.000000000,-12398.372168,22964.92933,3399.25419
2022-02-18T05:00:00.000000000,-12415.441468,22336.327136,6232.725299
2022-02-18T05:15:00.000000000,-12368.156749,21405.601069,8955.753784
2022-02-18T05:30:00.000000000,-12296.215844,20178.985337,11519.922533
2022-02-18T05:45:00.000000000,-12238.332565,18672.083385,13879.637979
2022-02-18T06:00:00.000000000,-12230.515885,16909.392545,15993.019506
2022-02-18T06:15:00.000000000,-12304.469116,14923.469695,17822.710573
2022-02-18T06:30:00.000000000,-12486.178953,12753.773492,19336.590896
2022-02-18T06:45:00.000000000,-12794.755315,10445.233503,20508.372464
2022-02-18T07:00:00.000000000,-13241.570854,8046.608667,21318.066208
2022-02-18T07:15:00.000000000,-13829.734731,5608.706266,21752.310655
2022-02-18T07:30:00.000000000,-14553.919594,3182.537603,21804.558499
2022-02-18T07:45:00.000000000,-15400.544546,817.487698,21475.121514
2022-02-18T08:00:00.000000000,-16348.301197,-1440.426188,20771.078371
2022-02-18T08:15:00.000000000,-17368.99544,-3550.138363,19706.053456
2022-02-18T08:30:00.000000000,-18428.665013,-5476.900823,18299.877734
2022-02-18T08:45:00.000000000,-19488.922721,-7193.382525,16578.144809
2022-02-18T09:00:00.000000000,-20508.46769,-8680.465257,14571.676782
2022-02-18T09:15:00.000000000,-21444.702323,-9927.712768,12315.915193
2022-02-18T09:30:00.000000000,-22255.390658,-10933.503261,9850.252409
2022-02-18T09:45:00.000000000,-22900.294513,-11704.828449,7217.318414
2022-02-18T10:00:00.000000000,-23342.726799,-12256.774515,4462.237066
2022-02-18T10:15:00.000000000,-23550.9664,-12611.711206,1631.864822
2022-02-18T10:30:00.000000000,-23499.485549,-12798.22467,-1225.976406
2022-02-18T10:45:00.000000000,-23169.948667,-12849.837403,-4063.261922
2022-02-18T11:00:00.000000000,-22551.950393,-12803.564632,-6832.513392
2022-02-18T11:15:00.000000000,-21643.470053,-12698.360634,-9487.526581
2022-02-18T11:30:00.000000000,-20451.029537,-12573.510972,-11984.070883
2022-02-18T11:45:00.000000000,-18989.551262,-12467.027274,-14280.554557
2022-02-18T12:00:00.000000000,-17281.922535,-12414.100434,-16338.650265
2022-02-18T12:15:00.000000000,-15358.281857,-12445.665766,-18123.87577
2022-02-18T12:30:00.000000000,-13255.051452,-12587.129848,-19606.12481
2022-02-18T12:45:00.000000000,-11013.748245,-12857.30379,-20760.143055
2022-02-18T13:00:00.000000000,-8679.61277,-13267.58133,-21565.943862
2022-02-18T13:15:00.000000000,-6300.101674,-13821.392737,-22009.158142
2022-02-18T13:30:00.000000000,-3923.29459,-14513.957062,-22081.312341
2022-02-18T13:45:00.000000000,-1596.269924,-15332.34584,-21780.02819
2022-02-18T14:00:00.000000000,636.493513,-16255.861234,-21109.137692
2022-02-18T14:15:00.000000000,2734.631435,-17256.720801,-20078.706893
2022-02-18T14:30:00.000000000,4663.269155,-18301.030035,-18704.962337
2022-02-18T14:45:00.000000000,6394.203384,-19350.012665,-17010.114939
2022-02-18T15:00:00.000000000,7906.842694,-20361.458029,-15022.077272
2022-02-18T15:15:00.000000000,9188.86581,-21291.334835,-12774.072105
2022-02-18T15:30:00.000000000,10236.566373,-22095.512098,-10304.132405
2022-02-18T15:45:00.000000000,11054.864151,-22731.521276,-7654.495857
2022-02-18T16:00:00.000000000,11656.97559,-23160.289313,-4870.900296
2022-02-18T16:15:00.000000000,12063.750678,-23347.770796,-2001.789981
2022-02-18T16:30:00.000000000,12302.697609,-23266.409234,902.553664
2022-02-18T16:45:00.000000000,12406.731193,-22896.362604,3790.939772
2022-02-18T17:00:00.000000000,12412.694131,-22226.436935,6612.233909
2022-02-18T17:15:00.000000000,12359.7119,-21254.683453,9316.33941
2022-02-18T17:30:00.000000000,12287.450716,-19988.629241,11855.169799
2022-02-18T17:45:00.000000000,12234.353674,-18445.127798,14183.587298
2022-02-18T18:00:00.000000000,12235.931957,-16649.833222,16260.282938
2022-02-18T18:15:00.000000000,12323.185974,-14636.319313,18048.575416
2022-02-18T18:30:00.000000000,12521.225279,-12444.881247,19517.108423
2022-02-18T18:45:00.000000000,12848.146726,-10121.072025,20640.429748
2022-02-18T19:00:00.000000000,13314.217904,-7714.037496,21399.439564
2022-02-18T19:15:00.000000000,13921.398372,-5274.722079,21781.699833
2022-02-18T19:30:00.000000000,14663.215442,-2854.021762,21781.601405
2022-02-18T19:45:00.000000000,15524.995103,-500.961562,21400.389821
2022-02-18T20:00:00.000000000,16484.43312,1739.028344,20646.054901
2022-02-18T20:15:00.000000000,17512.477086,3825.670036,19533.09267
2022-02-18T20:30:00.000000000,18574.477972,5725.170164,18082.151002
2022-02-18T20:45:00.000000000,19631.55982,7411.279628,16319.572389
2022-02-18T21:00:00.000000000,20642.149171,8866.045863,14276.848569
2022-02-18T21:15:00.000000000,21563.601447,10080.236234,11990.002359
2022-02-18T21:30:00.000000000,22353.859936,11053.424467,9498.912027
2022-02-18T21:45:00.000000000,22973.084051,11793.745058,6846.593073
2022-02-18T22:00:00.000000000,23385.186813,12317.332551,4078.451332
2022-02-18T22:15:00.000000000,23559.226781,12647.473332,1241.520247
2022-02-18T22:30:00.000000000,23470.60638,12813.506676,-1616.306223
2022-02-18T22:45:00.000000000,23102.036771,12849.519356,-4447.034898
2022-02-18T23:00:00.000000000,22444.238221,12792.883793,-7203.319993
2022-02-18T23:15:00.000000000,21496.354601,12682.693711,-9839.187353
2022-02-18T23:30:00.000000000,20266.070258,12558.153439,-12310.729592
2022-02-18T23:45:00.000000000,18769.427308,12456.977475,-14576.766191
2022-02-19T00:00:00.000000000,17030.350917,12413.855963,-16599.46317
2022-02-19T00:15:00.000000000,15079.899364,12459.039155,-18344.907261
2022-02-19T00:30:00.000000000,12955.264242,12617.09,-19783.629555
2022-02-19T00:45:00.000000000,10698.554173,12905.848791,-20891.073529
2022-02-19T01:00:00.000000000,8355.402286,13335.647318,-21648.002111
2022-02-19T01:15:00.000000000,5973.443996,13908.80242,-22040.838056
2022-02-19T01:30:00.000000000,3600.71641,14619.410225,-22061.931576
2022-02-19T01:45:00.000000000,1284.034318,15453.452851,-21709.748854
2022-02-19T02:00:00.000000000,-932.600082,16389.219098,-20988.974908
2022-02-19T02:15:00.000000000,-3009.496222,17398.029827,-19910.52438
2022-02-19T02:30:00.000000000,-4912.626805,18445.247649,-18491.454255
2022-02-19T02:45:00.000000000,-6614.779287,19491.53942,-16754.773377
2022-02-19T03:00:00.000000000,-8096.459958,20494.34943,-14729.144988
2022-02-19T03:15:00.000000000,-9346.511019,21409.531379,-12448.480415
2022-02-19T03:30:00.000000000,-10362.410696,22193.078867,-9951.424469
2022-02-19T03:45:00.000000000,-11150.238076,22802.887695,-7280.736054
2022-02-19T04:00:00.000000000,-11724.297417,23200.47932,-4482.57081
2022-02-19T04:15:00.000000000,-12106.410851,23352.613707,-1605.676256
2022-02-19T04:30:00.000000000,-12324.902979,23232.722102,1299.486509
2022-02-19T04:45:00.000000000,-12413.31517,22822.095819,4181.676966
2022-02-19T05:00:00.000000000,-12408.900383,22110.776268,6989.844568
2022-02-19T05:15:00.000000000,-12350.960618,21098.103538,9674.110343
2022-02-19T05:30:00.000000000,-12279.097446,19792.895634,12186.736216
2022-02-19T05:45:00.000000000,-12231.451153,18213.247065,14483.057025
2022-02-19T06:00:00.000000000,-12243.005394,16385.952955,16522.350913
2022-02-19T06:15:00.000000000,-12344.031594,14345.58222,18268.625513
2022-02-19T06:30:00.000000000,-12558.740873,12133.239662,19691.300095
2022-02-19T06:45:00.000000000,-12904.201413,9795.070879,20765.767488
2022-02-19T07:00:00.000000000,-13389.566458,7380.575207,21473.823789
2022-02-19T07:15:00.000000000,-14015.643344,4940.799615,21803.958427
2022-02-19T07:30:00.000000000,-14774.818123,2526.490479,21751.501761
2022-02-19T07:45:00.000000000,-15651.334179,186.280216,21318.631836
2022-02-19T08:00:00.000000000,-16621.907827,-2035.017683,20514.245867
2022-02-19T08:15:00.000000000,-17656.649893,-4097.938558,19353.705463
2022-02-19T08:30:00.000000000,-18720.250254,-5969.66415,17858.467284
2022-02-19T08:45:00.000000000,-19773.372924,-7625.042015,16055.612783
2022-02-19T09:00:00.000000000,-20774.202453,-9047.293789,13977.2919
2022-02-19T09:15:00.000000000,-21680.078517,-10228.392677,11660.096078
2022-02-19T09:30:00.000000000,-22449.154332,-11169.1039,9144.37592
2022-02-19T09:45:00.000000000,-23042.015895,-11878.694756,6473.518233
2022-02-19T10:00:00.000000000,-23423.202596,-12374.332745,3693.196246
2022-02-19T10:15:00.000000000,-23562.575302,-12680.200741,850.605659
2022-02-19T10:30:00.000000000,-23436.484891,-12826.36709,-2006.302191
2022-02-19T10:45:00.000000000,-23028.702565,-12847.455811,-4829.580072
2022-02-19T11:00:00.000000000,-22331.082161,-12781.167535,-7572.028803
2022-02-19T11:15:00.000000000,-21343.934445,-12666.705538,-10187.917835
2022-02-19T11:30:00.000000000,-20076.102933,-12543.163164,-12633.67589
2022-02-19T11:45:00.000000000,-18544.740644,-12447.929228,-14868.545798
2022-02-19T12:00:00.000000000,-16774.796599,-12415.166743,-16855.198192
2022-02-19T12:15:00.000000000,-14798.230099,-12474.41762,-18560.299028
2022-02-19T12:30:00.000000000,-12652.979272,-12649.381828,-19955.025887
2022-02-19T12:45:00.000000000,-10381.718224,-12956.914116,-21015.527954
2022-02-19T13:00:00.000000000,-8030.444018,-13406.274785,-21723.32427
2022-02-19T13:15:00.000000000,-5646.940696,-13998.663292,-22065.6345
2022-02-19T13:30:00.000000000,-3279.172268,-14727.054699,-22035.636104
2022-02-19T13:45:00.000000000,-973.659997,-15576.349405,-21632.641516
2022-02-19T14:00:00.000000000,1226.098707,-16523.836219,-20862.188788
2022-02-19T14:15:00.000000000,3281.112373,-17539.957979,-19736.039324
2022-02-19T14:30:00.000000000,5158.222718,-18589.357815,-18272.076778
2022-02-19T14:45:00.000000000,6831.22492,-19632.173053,-16494.102161
2022-02-19T15:00:00.000000000,8281.734611,-20625.533284,-14431.521603
2022-02-19T15:15:00.000000000,9499.763164,-21525.209422,-12118.925189
2022-02-19T15:30:00.000000000,10483.972834,-22287.352505,-9595.557812
2022-02-19T15:45:00.000000000,11241.595107,-22870.254849,-6904.685974
2022-02-19T16:00:00.000000000,11788.008923,-23236.062541,-4092.867843
2022-02-19T16:15:00.000000000,12145.989642,-23352.367689,-1209.137503
2022-02-19T16:30:00.000000000,12344.654272,-23193.611448,1695.882028
2022-02-19T16:45:00.000000000,12418.142591,-22742.235026,4570.919013
2022-02-19T17:00:00.000000000,12404.086683,-21989.525326,7365.02543
2022-02-19T17:15:00.000000000,12341.93227,-20936.11444,10028.558377
2022-02-19T17:30:00.000000000,12271.183224,-19592.107253,12514.145788
2022-02-19T17:45:00.000000000,12229.645178,-17976.828203,14777.611492
2022-02-19T18:00:00.000000000,12251.745016,-16118.195743,16778.835443
2022-02-19T18:15:00.000000000,12366.99981,-14051.750395,18482.526867
2022-02-19T18:30:00.000000000,12598.701841,-11819.37826,19858.890924
2022-02-19T18:45:00.000000000,12962.876033,-9467.785665,20884.173245
2022-02-19T19:00:00.000000000,13467.553082,-7046.791375,21541.070938
2022-02-19T19:15:00.000000000,14112.386559,-4607.510131,21819.003285
2022-02-19T19:30:00.000000000,14888.626336,-2200.504639,21714.239906
2022-02-19T19:45:00.000000000,15779.44458,126.017238,21229.888586
2022-02-19T20:00:00.000000000,16760.595292,2327.887319,20375.74886
2022-02-19T20:15:00.000000000,17801.374576,4366.478416,19168.040766
2022-02-19T20:30:00.000000000,18865.837241,6209.966328,17629.020787
2022-02-19T20:45:00.000000000,19914.216143,7834.308378,15786.498852
2022-02-19T21:00:00.000000000,20904.484402,9223.907306,13673.271372
2022-02-19T21:15:00.000000000,21793.996992,10371.942736,11326.485719
2022-02-19T21:30:00.000000000,22541.14741,11280.365769,8786.951431
2022-02-19T21:45:00.000000000,23106.976769,11959.565039,6098.41276
2022-02-19T22:00:00.000000000,23456.676533,12427.724223,3306.79623
2022-02-19T22:15:00.000000000,23560.931861,12709.901298,459.445663
2022-02-19T22:30:00.000000000,23397.059611,12836.868523,-2395.644208
2022-02-19T22:45:00.000000000,22949.90352,12843.759196,-5210.58577
2022-02-19T23:00:00.000000000,22212.4581,12768.572383,-7938.339648
2022-02-19T23:15:00.000000000,21186.202524,12650.590403,-10533.431513
2022-02-19T23:30:00.000000000,19881.135407,12528.765432,-12952.638122
2022-02-19T23:45:00.000000000,18315.511191,12440.131784,-15155.63679
2022-02-18T00:00:00.000000000,17529.365769,12416.042693,-16072.666801
2022-02-18T00:15:00.000000000,15633.209076,12434.482921,-17897.10185
2022-02-18T00:30:00.000000000,13552.152382,12559.727375,-19422.394516
2022-02-18T00:45:00.000000000,11327.095532,12811.54227,-20622.600293
2022-02-18T01:00:00.000000000,9002.858537,13202.372756,-21476.989493
2022-02-18T01:15:00.000000000,6626.689734,13736.75761,-21970.406513
2022-02-18T01:30:00.000000000,4246.681114,14411.039737,-22093.558048
2022-02-18T01:45:00.000000000,1910.144933,15213.386956,-21843.223938
2022-02-18T02:00:00.000000000,-337.991676,16124.127448,-21222.384139
2022-02-18T02:15:00.000000000,-2456.716499,17116.393571,-20240.255319
2022-02-18T02:30:00.000000000,-4410.329715,18157.0567,-18912.230919
2022-02-18T02:45:00.000000000,-6169.655126,19207.924584,-17259.719285
2022-02-18T03:00:00.000000000,-7713.016196,20227.161938,-15309.875631
2022-02-18T03:15:00.000000000,-9026.934964,21170.884902,-13095.225422
2022-02-18T03:30:00.000000000,-10106.521045,21994.871181,-10653.179013
2022-02-18T03:45:00.000000000,-10955.52907,22656.320708,-8025.440212
2022-02-18T04:00:00.000000000,-11586.075597,23115.596926,-5257.31466
2022-02-18T04:15:00.000000000,-12018.020516,23337.876951,-2396.927497
2022-02-18T04:30:00.000000000,-12278.032449,23294.64014,505.636574
2022-02-18T04:45:00.000000000,-12398.372168,22964.92933,3399.25419
2022-02-18T05:00:00.000000000,-12415.441468,22336.327136,6232.725299
2022-02-18T05:15:00.000000000,-12368.156749,21405.601069,8955.753784
2022-02-18T05:30:00.000000000,-12296.215844,20178.985337,11519.922533
2022-02-18T05:45:00.000000000,-12238.332565,18672.083385,13879.637979
2022-02-18T06:00:00.000000000,-12230.515885,16909.392545,15993.019506
2022-02-18T06:15:00.000000000,-12304.469116,14923.469695,17822.710573
2022-02-18T06:30:00.000000000,-12486.178953,12753.773492,19336.590896
2022-02-18T06:45:00.000000000,-12794.755315,10445.233503,20508.372464
2022-02-18T07:00:00.000000000,-13241.570854,8046.608667,21318.066208
2022-02-18T07:15:00.000000000,-13829.734731,5608.706266,21752.310655
2022-02-18T07:30:00.000000000,-14553.919594,3182.537603,21804.558499
2022-02-18T07:45:00.000000000,-15400.544546,817.487698,21475.121514
2022-02-18T08:00:00.000000000,-16348.301197,-1440.426188,20771.078371
2022-02-18T08:15:00.000000000,-17368.99544,-3550.138363,19706.053456
2022-02-18T08:30:00.000000000,-18428.665013,-5476.900823,18299.877734
2022-02-18T08:45:00.000000000,-19488.922721,-7193.382525,16578.144809
2022-02-18T09:00:00.000000000,-20508.46769,-8680.465257,14571.676782
2022-02-18T09:15:00.000000000,-21444.702323,-9927.712768,12315.915193
2022-02-18T09:30:00.000000000,-22255.390658,-10933.503261,9850.252409
2022-02-18T09:45:00.000000000,-22900.294513,-11704.828449,7217.318414
2022-02-18T10:00:00.000000000,-23342.726799,-12256.774515,4462.237066
2022-02-18T10:15:00.000000000,-23550.9664,-12611.711206,1631.864822
2022-02-18T10:30:00.000000000,-23499.485549,-12798.22467,-1225.976406
2022-02-18T10:45:00.000000000,-23169.948667,-12849.837403,-4063.261922
2022-02-18T11:00:00.000000000,-22551.950393,-12803.564632,-6832.513392
2022-02-18T11:15:00.000000000,-21643.470053,-12698.360634,-9487.526581
2022-02-18T11:30:00.000000000,-20451.029537,-12573.510972,-11984.070883
2022-02-18T11:45:00.000000000,-18989.551262,-12467.027274,-14280.554557
2022-02-18T12:00:00.000000000,-17281.922535,-12414.100434,-16338.650265
2022-02-18T12:15:00.000000000,-15358.281857,-12445.665766,-18123.87577
2022-02-18T12:30:00.000000000,-13255.051452,-12587.129848,-19606.12481
2022-02-18T12:45:00.000000000,-11013.748245,-12857.30379,-20760.143055
2022-02-18T13:00:00.000000000,-8679.61277,-13267.58133,-21565.943862
2022-02-18T13:15:00.000000000,-6300.101674,-13821.392737,-22009.158142
2022-02-18T13:30:00.000000000,-3923.29459,-14513.957062,-22081.312341
2022-02-18T13:45:00.000000000,-1596.269924,-15332.34584,-21780.02819
2022-02-18T14:00:00.000000000,636.493513,-16255.861234,-21109.137692
2022-02-18T14:15:00.000000000,2734.631435,-17256.720801,-20078.706893
2022-02-18T14:30:00.000000000,4663.269155,-18301.030035,-18704.962337
2022-02-18T14:45:00.000000000,6394.203384,-19350.012665,-17010.114939
2022-02-18T15:00:00.000000000,7906.842694,-20361.458029,-15022.077272
2022-02-18T15:15:00.000000000,9188.86581,-21291.334835,-12774.072105
2022-02-18T15:30:00.000000000,10236.566373,-22095.512098,-10304.132405
2022-02-18T15:45:00.000000000,11054.864151,-22731.521276,-7654.495857
2022-02-18T16:00:00.000000000,11656.97559,-23160.289313,-4870.900296
2022-02-18T16:15:00.000000000,12063.750678,-23347.770796,-2001.789981
2022-02-18T16:30:00.000000000,12302.697609,-23266.409234,902.553664
2022-02-18T16:45:00.000000000,12406.731193,-22896.362604,3790.939772
2022-02-18T17:00:00.000000000,12412.694131,-22226.436935,6612.233909
2022-02-18T17:15:00.000000000,12359.7119,-21254.683453,9316.33941
2022-02-18T17:30:00.000000000,12287.450716,-19988.629241,11855.169799
2022-02-18T17:45:00.000000000,12234.353674,-18445.127798,14183.587298
2022-02-18T18:00:00.000000000,12235.931957,-16649.833222,16260.282938
2022-02-18T18:15:00.000000000,12323.185974,-14636.319313,18048.575416
2022-02-18T18:30:00.000000000,12521.225279,-12444.881247,19517.108423
2022-02-18T18:45:00.000000000,12848.146726,-10121.072025,20640.429748
2022-02-18T19:00:00.000000000,13314.217904,-7714.037496,21399.439564
2022-02-18T19:15:00.000000000,13921.398372,-5274.722079,21781.699833
2022-02-18T19:30:00.000000000,14663.215442,-2854.021762,21781.601405
2022-02-18T19:45:00.000000000,15524.995103,-500.961562,21400.389821
2022-02-18T20:00:00.000000000,16484.43312,1739.028344,20646.054901
2022-02-18T20:15:00.000000000,17512.477086,3825.670036,19533.09267
2022-02-18T20:30:00.000000000,18574.477972,5725.170164,18082.151002
2022-02-18T20:45:00.000000000,19631.55982,7411.279628,16319.572389
2022-02-18T21:00:00.000000000,20642.149171,8866.045863,14276.848569
2022-02-18T21:15:00.000000000,21563.601447,10080.236234,11990.002359
2022-02-18T21:30:00.000000000,22353.859936,11053.424467,9498.912027
2022-02-18T21:45:00.000000000,22973.084051,11793.745058,6846.593073
2022-02-18T22:00:00.000000000,23385.186813,12317.332551,4078.451332
2022-02-18T22:15:00.000000000,23559.226781,12647.473332,1241.520247
2022-02-18T22:30:00.000000000,23470.60638,12813.506676,-1616.306223
2022-02-18T22:45:00.000000000,23102.036771,12849.519356,-4447.034898
2022-02-18T23:00:00.000000000,22444.238221,12792.883793,-7203.319993
2022-02-18T23:15:00.000000000,21496.354601,12682.693711,-9839.187353
2022-02-18T23:30:00.000000000,20266.070258,12558.153439,-12310.729592
2022-02-18T23:45:00.000000000,18769.427308,12456.977475,-14576.766191
2022-02-19T00:00:00.000000000,17030.350917,12413.855963,-16599.46317
2022-02-19T00:15:00.000000000,15079.899364,12459.039155,-18344.907261
2022-02-19T00:30:00.000000000,12955.264242,12617.09,-19783.629555
2022-02-19T00:45:00.000000000,10698.554173,12905.848791,-20891.073529
2022-02-19T01:00:00.000000000,8355.402286,13335.647318,-21648.002111
2022-02-19T01:15:00.000000000,5973.443996,13908.80242,-22040.838056
2022-02-19T01:30:00.000000000,3600.71641,14619.410225,-22061.931576
2022-02-19T01:45:00.000000000,1284.034318,15453.452851,-21709.748854
2022-02-19T02:00:00.000000000,-932.600082,16389.219098,-20988.974908
2022-02-19T02:15:00.000000000,-3009.496222,17398.029827,-19910.52438
2022-02-19T02:30:00.000000000,-4912.626805,18445.247649,-18491.454255
2022-02-19T02:45:00.000000000,-6614.779287,19491.53942,-16754.773377
2022-02-19T03:00:00.000000000,-8096.459958,20494.34943,-14729.144988
2022-02-19T03:15:00.000000000,-9346.511019,21409.531379,-12448.480415
2022-02-19T03:30:00.000000000,-10362.410696,22193.078867,-9951.424469
2022-02-19T03:45:00.000000000,-11150.238076,22802.887695,-7280.736054
2022-02-19T04:00:00.000000000,-11724.297417,23200.47932,-4482.57081
2022-02-19T04:15:00.000000000,-12106.410851,23352.613707,-1605.676256
2022-02-19T04:30:00.000000000,-12324.902979,23232.722102,1299.486509
2022-02-19T04:45:00.000000000,-12413.31517,22822.095819,4181.676966
2022-02-19T05:00:00.000000000,-12408.900383,22110.776268,6989.844568
2022-02-19T05:15:00.000000000,-12350.960618,21098.103538,9674.110343
2022-02-19T05:30:00.000000000,-12279.097446,19792.895634,12186.736216
2022-02-19T05:45:00.000000000,-12231.451153,18213.247065,14483.057025
2022-02-19T06:00:00.000000000,-12243.005394,16385.952955,16522.350913
2022-02-19T06:15:00.000000000,-12344.031594,14345.58222,18268.625513
2022-02-19T06:30:00.000000000,-12558.740873,12133.239662,19691.300095
2022-02-19T06:45:00.000000000,-12904.201413,9795.070879,20765.767488
2022-02-19T07:00:00.000000000,-13389.566458,7380.575207,21473.823789
2022-02-19T07:15:00.000000000,-14015.643344,4940.799615,21803.958427
2022-02-19T07:30:00.000000000,-14774.818123,2526.490479,21751.501761
2022-02-19T07:45:00.000000000,-15651.334179,186.280216,21318.631836
2022-02-19T08:00:00.000000000,-16621.907827,-2035.017683,20514.245867
2022-02-19T08:15:00.000000000,-17656.649893,-4097.938558,19353.705463
2022-02-19T08:30:00.000000000,-18720.250254,-5969.66415,17858.467284
2022-02-19T08:45:00.000000000,-19773.372924,-7625.042015,16055.612783
2022-02-19T09:00:00.000000000,-20774.202453,-9047.293789,13977.2919
2022-02-19T09:15:00.000000000,-21680.078517,-10228.392677,11660.096078
2022-02-19T09:30:00.000000000,-22449.154332,-11169.1039,9144.37592
2022-02-19T09:45:00.000000000,-23042.015895,-11878.694756,6473.518233
2022-02-19T10:00:00.000000000,-23423.202596,-12374.332745,3693.196246
2022-02-19T10:15:00.000000000,-23562.575302,-12680.200741,850.605659
2022-02-19T10:30:00.000000000,-23436.484891,-12826.36709,-2006.302191
2022-02-19T10:45:00.000000000,-23028.702565,-12847.455811,-4829.580072
2022-02-19T11:00:00.000000000,-22331.082161,-12781.167535,-7572.028803
2022-02-19T11:15:00.000000000,-21343.934445,-12666.705538,-10187.917835
2022-02-19T11:30:00.000000000,-20076.102933,-12543.163164,-12633.67589
2022-02-19T11:45:00.000000000,-18544.740644,-12447.929228,-14868.545798
2022-02-19T12:00:00.000000000,-16774.796599,-12415.166743,-16855.198192
2022-02-19T12:15:00.000000000,-14798.230099,-12474.41762,-18560.299028
2022-02-19T12:30:00.000000000,-12652.979272,-12649.381828,-19955.025887
2022-02-19T12:45:00.000000000,-10381.718224,-12956.914116,-21015.527954
2022-02-19T13:00:00.000000000,-8030.444018,-13406.274785,-21723.32427
2022-02-19T13:15:00.000000000,-5646.940696,-13998.663292,-22065.6345
2022-02-19T13:30:00.000000000,-3279.172268,-14727.054699,-22035.636104
2022-02-19T13:45:00.000000000,-973.659997,-15576.349405,-21632.641516
2022-02-19T14:00:00.000000000,1226.098707,-16523.836219,-20862.188788
2022-02-19T14:15:00.000000000,3281.112373,-17539.957979,-19736.039324
2022-02-19T14:30:00.000000000,5158.222718,-18589.357815,-18272.076778
2022-02-19T14:45:00.000000000,6831.22492,-19632.173053,-16494.102161
2022-02-19T15:00:00.000000000,8281.734611,-20625.533284,-14431.521603
2022-02-19T15:15:00.000000000,9499.763164,-21525.209422,-12118.925189
2022-02-19T15:30:00.000000000,10483.972834,-22287.352505,-9595.557812
2022-02-19T15:45:00.000000000,11241.595107,-22870.254849,-6904.685974
2022-02-19T16:00:00.000000000,11788.008923,-23236.062541,-4092.867843
2022-02-19T16:15:00.000000000,12145.989642,-23352.367689,-1209.137503
2022-02-19T16:30:00.000000000,12344.654272,-23193.611448,1695.882028
2022-02-19T16:45:00.000000000,12418.142591,-22742.235026,4570.919013
2022-02-19T17:00:00.000000000,12404.086683,-21989.525326,7365.02543
2022-02-19T17:15:00.000000000,12341.93227,-20936.11444,10028.558377
2022-02-19T17:30:00.000000000,12271.183224,-19592.107253,12514.145788
2022-02-19T17:45:00.000000000,12229.645178,-17976.828203,14777.611492
2022-02-19T18:00:00.000000000,12251.745016,-16118.195743,16778.835443
2022-02-19T18:15:00.000000000,12366.99981,-14051.750395,18482.526867
2022-02-19T18:30:00.000000000,12598.701841,-11819.37826,19858.890924
2022-02-19T18:45:00.000000000,12962.876033,-9467.785665,20884.173245
2022-02-19T19:00:00.000000000,13467.553082,-7046.791375,21541.070938
2022-02-19T19:15:00.000000000,14112.386559,-4607.510131,21819.003285
2022-02-19T19:30:00.000000000,14888.626336,-2200.504639,21714.239906
2022-02-19T19:45:00.000000000,15779.44458,126.017238,21229.888586
2022-02-19T20:00:00.000000000,16760.595292,2327.887319,20375.74886
2022-02-19T20:15:00.000000000,17801.374576,4366.478416,19168.040766
2022-02-19T20:30:00.000000000,18865.837241,6209.966328,17629.020787
2022-02-19T20:45:00.000000000,19914.216143,7834.308378,15786.498852
2022-02-19T21:00:00.000000000,20904.484402,9223.907306,13673.271372
2022-02-19T21:15:00.000000000,21793.996992,10371.942736,11326.485719
2022-02-19T21:30:00.000000000,22541.14741,11280.365769,8786.951431
2022-02-19T21:45:00.000000000,23106.976769,11959.565039,6098.41276
2022-02-19T22:00:00.000000000,23456.676533,12427.724223,3306.79623
2022-02-19T22:15:00.000000000,23560.931861,12709.901298,459.445663
2022-02-19T22:30:00.000000000,23397.059611,12836.868523,-2395.644208
2022-02-19T22:45:00.000000000,22949.90352,12843.759196,-5210.58577
2022-02-19T23:00:00.000000000,22212.4581,12768.572383,-7938.339648
2022-02-19T23:15:00.000000000,21186.202524,12650.590403,-10533.431513
2022-02-19T23:30:00.000000000,19881.135407,12528.765432,-12952.638122
2022-02-19T23:45:00.000000000,18315.511191,12440.131784,-15155.63679
2022-02-18T00:00:00.000000000,17529.365769,12416.042693,-16072.666801
2022-02-18T00:15:00.000000000,15633.209076,12434.482921,-17897.10185
2022-02-18T00:30:00.000000000,13552.152382,12559.727375,-19422.394516
2022-02-18T00:45:00.000000000,11327.095532,12811.54227,-20622.600293
2022-02-18T01:00:00.000000000,9002.858537,13202.372756,-21476.989493
2022-02-18T01:15:00.000000000,6626.689734,13736.75761,-21970.406513
2022-02-18T01:30:00.000000000,4246.681114,14411.039737,-22093.558048
2022-02-18T01:45:00.000000000,1910.144933,15213.386956,-21843.223938
2022-02-18T02:00:00.000000000,-337.991676,16124.127448,-21222.384139
2022-02-18T02:15:00.000000000,-2456.716499,17116.393571,-20240.255319
2022-02-18T02:30:00.000000000,-4410.329715,18157.0567,-18912.230919
2022-02-18T02:45:00.000000000,-6169.655126,19207.924584,-17259.719285
2022-02-18T03:00:00.000000000,-7713.016196,20227.161938,-15309.875631
2022-02-18T03:15:00.000000000,-9026.934964,21170.884902,-13095.225422
2022-02-18T03:30:00.000000000,-10106.521045,21994.871181,-10653.179013
2022-02-18T03:45:00.000000000,-10955.52907,22656.320708,-8025.440212
2022-02-18T04:00:00.000000000,-11586.075597,23115.596926,-5257.31466
2022-02-18T04:15:00.000000000,-12018.020516,23337.876951,-2396.927497
2022-02-18T04:30:00.000000000,-12278.032449,23294.64014,505.636574
2022-02-18T04:45:00.000000000,-12398.372168,22964.92933,3399.25419
2022-02-18T05:00:00.000000000,-12415.441468,22336.327136,6232.725299
2022-02-18T05:15:00.000000000,-12368.156749,21405.601069,8955.753784
2022-02-18T05:30:00.000000000,-12296.215844,20178.985337,11519.922533
2022-02-18T05:45:00.000000000,-12238.332565,18672.083385,13879.637979
2022-02-18T06:00:00.000000000,-12230.515885,16909.392545,15993.019506
2022-02-18T06:15:00.000000000,-12304.469116,14923.469695,17822.710573
2022-02-18T06:30:00.000000000,-12486.178953,12753.773492,19336.590896
2022-02-18T06:45:00.000000000,-12794.755315,10445.233503,20508.372464
2022-02-18T07:00:00.000000000,-13241.570854,8046.608667,21318.066208
2022-02-18T07:15:00.000000000,-13829.734731,5608.706266,21752.310655
2022-02-18T07:30:00.000000000,-14553.919594,3182.537603,21804.558499
2022-02-18T07:45:00.000000000,-15400.544546,817.487698,21475.121514
2022-02-18T08:00:00.000000000,-16348.301197,-1440.426188,20771.078371
2022-02-18T08:15:00.000000000,-17368.99544,-3550.138363,19706.053456
2022-02-18T08:30:00.000000000,-18428.665013,-5476.900823,18299.877734
2022-02-18T08:45:00.000000000,-19488.922721,-7193.382525,16578.144809
2022-02-18T09:00:00.000000000,-20508.46769,-8680.465257,14571.676782
2022-02-18T09:15:00.000000000,-21444.702323,-9927.712768,12315.915193
2022-02-18T09:30:00.000000000,-22255.390658,-10933.503261,9850.252409
2022-02-18T09:45:00.000000000,-22900.294513,-11704.828449,7217.318414
2022-02-18T10:00:00.000000000,-23342.726799,-12256.774515,4462.237066
2022-02-18T10:15:00.000000000,-23550.9664,-12611.711206,1631.864822
2022-02-18T10:30:00.000000000,-23499.485549,-12798.22467,-1225.976406
2022-02-18T10:45:00.000000000,-23169.948667,-12849.837403,-4063.261922
2022-02-18T11:00:00.000000000,-22551.950393,-12803.564632,-6832.513392
2022-02-18T11:15:00.000000000,-21643.470053,-12698.360634,-9487.526581
2022-02-18T11:30:00.000000000,-20451.029537,-12573.510972,-11984.070883
2022-02-18T11:45:00.000000000,-18989.551262,-12467.027274,-14280.554557
2022-02-18T12:00:00.000000000,-17281.922535,-12414.100434,-16338.650265
2022-02-18T12:15:00.000000000,-15358.281857,-12445.665766,-18123.87577
2022-02-18T12:30:00.000000000,-13255.051452,-12587.129848,-19606.12481
2022-02-18T12:45:00.000000000,-11013.748245,-12857.30379,-20760.143055
2022-02-18T13:00:00.000000000,-8679.61277,-13267.58133,-21565.943862
2022-02-18T13:15:00.000000000,-6300.101674,-13821.392737,-22009.158142
2022-02-18T13:30:00.000000000,-3923.29459,-14513.957062,-22081.312341
2022-02-18T13:45:00.000000000,-1596.269924,-15332.34584,-21780.02819
2022-02-18T14:00:00.000000000,636.493513,-16255.861234,-21109.137692
2022-02-18T14:15:00.000000000,2734.631435,-17256.720801,-20078.706893
2022-02-18T14:30:00.000000000,4663.269155,-18301.030035,-18704.962337
2022-02-18T14:45:00.000000000,6394.203384,-19350.012665,-17010.114939
2022-02-18T15:00:00.000000000,7906.842694,-20361.458029,-15022.077272
2022-02-18T15:15:00.000000000,9188.86581,-21291.334835,-12774.072105
2022-02-18T15:30:00.000000000,10236.566373,-22095.512098,-10304.132405
2022-02-18T15:45:00.000000000,11054.864151,-22731.521276,-7654.495857
2022-02-18T16:00:00.000000000,11656.97559,-23160.289313,-4870.900296
2022-02-18T16:15:00.000000000,12063.750678,-23347.770796,-2001.789981
2022-02-18T16:30:00.000000000,12302.697609,-23266.409234,902.553664
2022-02-18T16:45:00.000000000,12406.731193,-22896.362604,3790.939772
2022-02-18T17:00:00.000000000,12412.694131,-22226.436935,6612.233909
2022-02-18T17:15:00.000000000,12359.7119,-21254.683453,9316.33941
2022-02-18T17:30:00.000000000,12287.450716,-19988.629241,11855.169799
2022-02-18T17:45:00.000000000,12234.353674,-18445.127798,14183.587298
2022-02-18T18:00:00.000000000,12235.931957,-16649.833222,16260.282938
2022-02-18T18:15:00.000000000,12323.185974,-14636.319313,18048.575416
2022-02-18T18:30:00.000000000,12521.225279,-12444.881247,19517.108423
2022-02-18T18:45:00.000000000,12848.146726,-10121.072025,20640.429748
2022-02-18T19:00:00.000000000,13314.217904,-7714.037496,21399.439564
2022-02-18T19:15:00.000000000,13921.398372,-5274.722079,21781.699833
2022-02-18T19:30:00.000000000,14663.215442,-2854.021762,21781.601405
2022-02-18T19:45:00.000000000,15524.995103,-500.961562,21400.389821
2022-02-18T20:00:00.000000000,16484.43312,1739.028344,20646.054901
2022-02-18T20:15:00.000000000,17512.477086,3825.670036,19533.09267
2022-02-18T20:30:00.000000000,18574.477972,5725.170164,18082.151002
2022-02-18T20:45:00.000000000,19631.55982,7411.279628,16319.572389
2022-02-18T21:00:00.000000000,20642.149171,8866.045863,14276.848569
2022-02-18T21:15:00.000000000,21563.601447,10080.236234,11990.002359
2022-02-18T21:30:00.000000000,22353.859936,11053.424467,9498.912027
2022-02-18T21:45:00.000000000,22973.084051,11793.745058,6846.593073
2022-02-18T22:00:00.000000000,23385.186813,12317.332551,4078.451332
2022-02-18T22:15:00.000000000,23559.226781,12647.473332,1241.520247
2022-02-18T22:30:00.000000000,23470.60638,12813.506676,-1616.306223
2022-02-18T22:45:00.000000000,23102.036771,12849.519356,-4447.034898
2022-02-18T23:00:00.000000000,22444.238221,12792.883793,-7203.319993
2022-02-18T23:15:00.000000000,21496.354601,12682.693711,-9839.187353
2022-02-18T23:30:00.000000000,20266.070258,12558.153439,-12310.729592
2022-02-18T23:45:00.000000000,18769.427308,12456.977475,-14576.766191
2022-02-19T00:00:00.000000000,17030.350917,12413.855963,-16599.46317
2022-02-19T00:15:00.000000000,15079.899364,12459.039155,-18344.907261
2022-02-19T00:30:00.000000000,12955.264242,12617.09,-19783.629555
2022-02-19T00:45:00.000000000,10698.554173,12905.848791,-20891.073529
2022-02-19T01:00:00.000000000,8355.402286,13335.647318,-21648.002111
2022-02-19T01:15:00.000000000,5973.443996,13908.80242,-22040.838056
2022-02-19T01:30:00.000000000,3600.71641,14619.410225,-22061.931576
2022-02-19T01:45:00.000000000,1284.034318,15453.452851,-21709.748854
2022-02-19T02:00:00.000000000,-932.600082,16389.219098,-20988.974908
2022-02-19T02:15:00.000000000,-3009.496222,17398.029827,-19910.52438
2022-02-19T02:30:00.000000000,-4912.626805,18445.247649,-18491.454255
2022-02-19T02:45:00.000000000,-6614.779287,19491.53942,-16754.773377
2022-02-19T03:00:00.000000000,-8096.459958,20494.34943,-14729.144988
2022-02-19T03:15:00.000000000,-9346.511019,21409.531379,-12448.480415
2022-02-19T03:30:00.000000000,-10362.410696,22193.078867,-9951.424469
2022-02-19T03:45:00.000000000,-11150.238076,22802.887695,-7280.736054
2022-02-19T04:00:00.000000000,-11724.297417,23200.47932,-4482.57081
2022-02-19T04:15:00.000000000,-12106.410851,23352.613707,-1605.676256
2022-02-19T04:30:00.000000000,-12324.902979,23232.722102,1299.486509
2022-02-19T04:45:00.000000000,-12413.31517,22822.095819,4181.676966
2022-02-19T05:00:00.000000000,-12408.900383,22110.776268,6989.844568
2022-02-19T05:15:00.000000000,-12350.960618,21098.103538,9674.110343
2022-02-19T05:30:00.000000000,-12279.097446,19792.895634,12186.736216
2022-02-19T05:45:00.000000000,-12231.451153,18213.247065,14483.057025
2022-02-19T06:00:00.000000000,-12243.005394,16385.952955,16522.350913
2022-02-19T06:15:00.000000000,-12344.031594,14345.58222,18268.625513
2022-02-19T06:30:00.000000000,-12558.740873,12133.239662,19691.300095
2022-02-19T06:45:00.000000000,-12904.201413,9795.070879,20765.767488
2022-02-19T07:00:00.000000000,-13389.566458,7380.575207,21473.823789
2022-02-19T07:15:00.000000000,-14015.643344,4940.799615,21803.958427
2022-02-19T07:30:00.000000000,-14774.818123,2526.490479,21751.501761
2022-02-19T07:45:00.000000000,-15651.334179,186.280216,21318.631836
2022-02-19T08:00:00.000000000,-16621.907827,-2035.017683,20514.245867
2022-02-19T08:15:00.000000000,-17656.649893,-4097.938558,19353.705463
2022-02-19T08:30:00.000000000,-18720.250254,-5969.66415,17858.467284
2022-02-19T08:45:00.000000000,-19773.372924,-7625.042015,16055.612783
2022-02-19T09:00:00.000000000,-20774.202453,-9047.293789,13977.2919
2022-02-19T09:15:00.000000000,-21680.078517,-10228.392677,11660.096078
2022-02-19T09:30:00.000000000,-22449.154332,-11169.1039,9144.37592
2022-02-19T09:45:00.000000000,-23042.015895,-11878.694756,6473.518233
2022-02-19T10:00:00.000000000,-23423.202596,-12374.332745,3693.196246
2022-02-19T10:15:00.000000000,-23562.575302,-12680.200741,850.605659
2022-02-19T10:30:00.000000000,-23436.484891,-12826.36709,-2006.302191
2022-02-19T10:45:00.000000000,-23028.702565,-12847.455811,-4829.580072
2022-02-19T11:00:00.000000000,-22331.082161,-12781.167535,-7572.028803
2022-02-19T11:15:00.000000000,-21343.934445,-12666.705538,-10187.917835
2022-02-19T11:30:00.000000000,-20076.102933,-12543.163164,-12633.67589
2022-02-19T11:45:00.000000000,-18544.740644,-12447.929228,-14868.545798
2022-02-19T12:00:00.000000000,-16774.796599,-12415.166743,-16855.198192
2022-02-19T12:15:00.000000000,-14798.230099,-12474.41762,-18560.299028
2022-02-19T12:30:00.000000000,-12652.979272,-12649.381828,-19955.025887
2022-02-19T12:45:00.000000000,-10381.718224,-12956.914116,-21015.527954
2022-02-19T13:00:00.000000000,-8030.444018,-13406.274785,-21723.32427
2022-02-19T13:15:00.000000000,-5646.940696,-13998.663292,-22065.6345
2022-02-19T13:30:00.000000000,-3279.172268,-14727.054699,-22035.636104
2022-02-19T13:45:00.000000000,-973.659997,-15576.349405,-21632.641516
2022-02-19T14:00:00.000000000,1226.098707,-16523.836219,-20862.188788
2022-02-19T14:15:00.000000000,3281.112373,-17539.957979,-19736.039324
2022-02-19T14:30:00.000000000,5158.222718,-18589.357815,-18272.076778
2022-02-19T14:45:00.000000000,6831.22492,-19632.173053,-16494.102161
2022-02-19T15:00:00.000000000,8281.734611,-20625.533284,-14431.521603
2022-02-19T15:15:00.000000000,9499.763164,-21525.209422,-12118.925189
2022-02-19T15:30:00.000000000,10483.972834,-22287.352505,-9595.557812
2022-02-19T15:45:00.000000000,11241.595107,-22870.254849,-6904.685974
2022-02-19T16:00:00.000000000,11788.008923,-23236.062541,-4092.867843
2022-02-19T16:15:00.000000000,12145.989642,-23352.367689,-1209.137503
2022-02-19T16:30:00.000000000,12344.654272,-23193.611448,1695.882028
2022-02-19T16:45:00.000000000,12418.142591,-22742.235026,4570.919013
2022-02-19T17:00:00.000000000,12404.086683,-21989.525326,7365.02543
2022-02-19T17:15:00.000000000,12341.93227,-20936.11444,10028.558377
2022-02-19T17:30:00.000000000,12271.183224,-19592.107253,12514.145788
2022-02-19T17:45:00.000000000,12229.645178,-17976.828203,14777.611492
2022-02-19T18:00:00.000000000,12251.745016,-16118.195743,16778.835443
2022-02-19T18:15:00.000000000,12366.99981,-14051.750395,18482.526867
2022-02-19T18:30:00.000000000,12598.701841,-11819.37826,19858.890924
2022-02-19T18:45:00.000000000,12962.876033,-9467.785665,20884.173245
2022-02-19T19:00:00.000000000,13467.553082,-7046.791375,21541.070938
2022-02-19T19:15:00.000000000,14112.386559,-4607.510131,21819.003285
2022-02-19T19:30:00.000000000,14888.626336,-2200.504639,21714.239906
2022-02-19T19:45:00.000000000,15779.44458,126.017238,21229.888586
2022-02-19T20:00:00.000000000,16760.595292,2327.887319,20375.74886
2022-02-19T20:15:00.000000000,17801.374576,4366.478416,19168.040766
2022-02-19T20:30:00.000000000,18865.837241,6209.966328,17629.020787
2022-02-19T20:45:00.000000000,19914.216143,7834.308378,15786.498852
2022-02-19T21:00:00.000000000,20904.484402,9223.907306,13673.271372
2022-02-19T21:15:00.000000000,21793.996992,10371.942736,11326.485719
2022-02-19T21:30:00.000000000,22541.14741,11280.365769,8786.951431
2022-02-19T21:45:00.000000000,23106.976769,11959.565039,6098.41276
2022-02-19T22:00:00.000000000,23456.676533,12427.724223,3306.79623
2022-02-19T22:15:00.000000000,23560.931861,12709.901298,459.445663
2022-02-19T22:30:00.000000000,23397.059611,12836.868523,-2395.644208
2022-02-19T22:45:00.000000000,22949.90352,12843.759196,-5210.58577
2022-02-19T23:00:00.000000000,22212.4581,12768.572383,-7938.339648
2022-02-19T23:15:00.000000000,21186.202524,12650.590403,-10533.431513
2022-02-19T23:30:00.000000000,19881.135407,12528.765432,-12952.638122
2022-02-19T23:45:00.000000000,18315.511191,12440.131784,-15155.63679
