2022-02-19T00:00:00.000000000,-19060.655326,-8290.748748,16466.066741
2022-02-19T00:15:00.000000000,-19860.759162,-9934.626408,14570.972834
2022-02-19T00:30:00.000000000,-20605.08404,-11348.605257,12425.098829
2022-02-19T00:45:00.000000000,-21254.994318,-12525.209393,10066.393298
2022-02-19T01:00:00.000000000,-21772.699532,-13465.22308,7536.060078
2022-02-19T01:15:00.000000000,-22122.745082,-14177.390142,4877.812294
2022-02-19T01:30:00.000000000,-22273.404585,-14677.824091,2137.113228
2022-02-19T01:45:00.000000000,-22197.924892,-14989.158595,-639.583177
2022-02-19T02:00:00.000000000,-21875.581943,-15139.475771,-3405.581182
2022-02-19T02:15:00.000000000,-21292.513607,-15161.055906,-6114.672333
2022-02-19T02:30:00.000000000,-20442.304335,-15088.996562,-8721.837358
2022-02-19T02:45:00.000000000,-19326.305253,-14959.751647,-11183.914856
2022-02-19T03:00:00.000000000,-17953.682232,-14809.642149,-13460.232049
2022-02-19T03:15:00.000000000,-16341.193072,-14673.389855,-15513.193736
2022-02-19T03:30:00.000000000,-14512.70329,-14582.723689,-17308.826152
2022-02-19T03:45:00.000000000,-12498.457738,-14565.105432,-18817.272743
2022-02-19T04:00:00.000000000,-10334.13255,-14642.61765,-20013.238855
2022-02-19T04:15:00.000000000,-8059.698437,-14831.051675,-20876.382041
2022-02-19T04:30:00.000000000,-5718.132199,-15139.227631,-21391.6443
2022-02-19T04:45:00.000000000,-3354.018256,-15568.571761,-21549.521946
2022-02-19T05:00:00.000000000,-1012.086108,-16112.968732,-21346.268191
2022-02-19T05:15:00.000000000,1264.267398,-16758.898373,-20784.022955
2022-02-19T05:30:00.000000000,3434.420364,-17485.857301,-19870.863968
2022-02-19T05:45:00.000000000,5461.881524,-18267.056495,-18620.773031
2022-02-19T06:00:00.000000000,7315.509355,-19070.376056,-17053.511459
2022-02-19T06:15:00.000000000,8970.54739,-19859.548537,-15194.39932
2022-02-19T06:30:00.000000000,10409.433138,-20595.532595,-13073.994243
2022-02-19T06:45:00.000000000,11622.344567,-21238.02975,-10727.667272
2022-02-19T07:00:00.000000000,12607.456581,-21747.089158,-8195.075589
2022-02-19T07:15:00.000000000,13370.890153,-22084.739077,-5519.534869
2022-02-19T07:30:00.000000000,13926.348595,-22216.579661,-2747.29743
2022-02-19T07:45:00.000000000,14294.448441,-22113.270263,73.253882
2022-02-19T08:00:00.000000000,14501.765899,-21751.846078,2892.482208
2022-02-19T08:15:00.000000000,14579.63336,-21116.80388,5660.425945
2022-02-19T08:30:00.000000000,14562.732953,-20200.904828,8327.75973
2022-02-19T08:45:00.000000000,14487.545002,-19005.653725,10846.763352
2022-02-19T09:00:00.000000000,14390.717587,-17541.428127,13172.273096
2022-02-19T09:15:00.000000000,14307.428592,-15827.24669,15262.589347
2022-02-19T09:30:00.000000000,14269.813081,-13890.183179,17080.314975
2022-02-19T09:45:00.000000000,14305.526523,-11764.449566,18593.100894
2022-02-19T10:00:00.000000000,14436.50819,-9490.187605,19774.278325
2022-02-19T10:15:00.000000000,14677.99935,-7112.022112,20603.361348
2022-02-19T10:30:00.000000000,15037.858415,-4677.440121,21066.408128
2022-02-19T10:45:00.000000000,15516.200614,-2235.067364,21156.234417
2022-02-19T11:00:00.000000000,16105.374148,167.082917,20872.478114
2022-02-19T11:15:00.000000000,16790.268937,2483.314407,20221.518716
2022-02-19T11:30:00.000000000,17548.939162,4671.83514,19216.259852
2022-02-19T11:45:00.000000000,18353.507332,6696.165047,17875.786811
2022-02-19T12:00:00.000000000,19171.306463,8526.310856,16224.913766
2022-02-19T12:15:00.000000000,19966.208388,10139.667424,14293.637253
2022-02-19T12:30:00.000000000,20700.080498,11521.617521,12116.513403
2022-02-19T12:45:00.000000000,21334.310351,12665.815465,9731.976589
2022-02-19T13:00:00.000000000,21831.337437,13574.152984,7181.616486
2022-02-19T13:15:00.000000000,22156.133655,14256.417837,4509.42947
2022-02-19T13:30:00.000000000,22277.578407,14729.66664,1761.058696
2022-02-19T13:45:00.000000000,22169.680212,15017.342712,-1016.964583
2022-02-19T14:00:00.000000000,21812.604048,15148.177343,-3777.967705
2022-02-19T14:15:00.000000000,21193.471726,15154.918792,-6475.862423
2022-02-19T14:30:00.000000000,20306.911318,15072.937429,-9065.842619
2022-02-19T14:45:00.000000000,19155.340468,14938.757849,-11505.048116
2022-02-19T15:00:00.000000000,17748.977339,14788.569684,-13753.189977
2022-02-19T15:15:00.000000000,16105.58146,14656.768289,-15773.133521
2022-02-19T15:30:00.000000000,14249.935072,14574.5746,-17531.435838
2022-02-19T15:45:00.000000000,12213.083223,14568.780484,-18998.834802
2022-02-19T16:00:00.000000000,10031.358028,14660.661744,-20150.686574
2022-02-19T16:15:00.000000000,7745.218975,14865.095919,-20967.348248
2022-02-19T16:30:00.000000000,5397.946865,15189.915987,-21434.501865
2022-02-19T16:45:00.000000000,3034.233796,15635.524231,-21543.415434
2022-02-19T17:00:00.000000000,698.715594,16194.782894,-21291.135946
2022-02-19T17:15:00.000000000,-1565.504134,16853.189859,-20680.608837
2022-02-19T17:30:00.000000000,-3718.287535,17589.33858,-19720.717911
2022-02-19T17:45:00.000000000,-5723.802516,18375.651982,-18426.239608
2022-02-19T18:00:00.000000000,-7551.719553,19179.370245,-16817.705678
2022-02-19T18:15:00.000000000,-9178.218592,19963.762516,-14921.169012
2022-02-19T18:30:00.000000000,-10586.764213,20689.523033,-12767.868579
2022-02-19T18:45:00.000000000,-11768.61408,21316.303295,-10393.791246
2022-02-19T19:00:00.000000000,-12723.034379,21804.324246,-7839.13065
2022-02-19T19:15:00.000000000,-13457.20643,22116.006445,-5147.646317
2022-02-19T19:30:00.000000000,-13985.820677,22217.552494,-2365.929697
2022-02-19T19:45:00.000000000,-14330.367314,22080.414947,457.412435
2022-02-19T20:00:00.000000000,-14518.146405,21682.584988,3272.642808
2022-02-19T20:15:00.000000000,-14581.033704,21009.642557,6029.828564
2022-02-19T20:30:00.000000000,-14554.050815,20055.51727,8679.804815
2022-02-19T20:45:00.000000000,-14473.798819,18822.921267,11175.142732
2022-02-19T21:00:00.000000000,-14376.822481,17323.429493,13471.0965
2022-02-19T21:15:00.000000000,-14297.976859,15577.199045,15526.503027
2022-02-19T21:30:00.000000000,-14268.86906,13612.336371,17304.609045
2022-02-19T21:45:00.000000000,-14316.44506,11463.93802,18773.802402
2022-02-19T22:00:00.000000000,-14461.784766,9172.846329,19908.227558
2022-02-19T22:15:00.000000000,-14719.158414,6784.174996,20688.269489
2022-02-19T22:30:00.000000000,-15095.384576,4345.66989,21100.895089
2022-02-19T22:45:00.000000000,-15589.515269,1905.977283,21139.846368
2022-02-19T23:00:00.000000000,-16192.857922,-487.105336,20805.68497
2022-02-19T23:15:00.000000000,-16889.328271,-2788.321823,20105.692428
2022-02-19T23:30:00.000000000,-17656.113388,-4956.523849,19053.634946
2022-02-19T23:45:00.000000000,-18464.610945,-6956.049696,17669.40503
2022-02-19T00:00:00.000000000,-19060.655326,-8290.748748,16466.066741
2022-02-19T00:15:00.000000000,-19860.759162,-9934.626408,14570.972834
2022-02-19T00:30:00.000000000,-20605.08404,-11348.605257,12425.098829
2022-02-19T00:45:00.000000000,-21254.994318,-12525.209393,10066.393298
2022-02-19T01:00:00.000000000,-21772.699532,-13465.22308,7536.060078
2022-02-19T01:15:00.000000000,-22122.745082,-14177.390142,4877.812294
2022-02-19T01:30:00.000000000,-22273.404585,-14677.824091,2137.113228
2022-02-19T01:45:00.000000000,-22197.924892,-14989.158595,-639.583177
2022-02-19T02:00:00.000000000,-21875.581943,-15139.475771,-3405.581182
2022-02-19T02:15:00.000000000,-21292.513607,-15161.055906,-6114.672333
2022-02-19T02:30:00.000000000,-20442.304335,-15088.996562,-8721.837358
2022-02-19T02:45:00.000000000,-19326.305253,-14959.751647,-11183.914856
2022-02-19T03:00:00.000000000,-17953.682232,-14809.642149,-13460.232049
2022-02-19T03:15:00.000000000,-16341.193072,-14673.389855,-15513.193736
2022-02-19T03:30:00.000000000,-14512.70329,-14582.723689,-17308.826152
2022-02-19T03:45:00.000000000,-12498.457738,-14565.105432,-18817.272743
2022-02-19T04:00:00.000000000,-10334.13255,-14642.61765,-20013.238855
2022-02-19T04:15:00.000000000,-8059.698437,-14831.051675,-20876.382041
2022-02-19T04:30:00.000000000,-5718.132199,-15139.227631,-21391.6443
2022-02-19T04:45:00.000000000,-3354.018256,-15568.571761,-21549.521946
2022-02-19T05:00:00.000000000,-1012.086108,-16112.968732,-21346.268191
2022-02-19T05:15:00.000000000,1264.267398,-16758.898373,-20784.022955
2022-02-19T05:30:00.000000000,3434.420364,-17485.857301,-19870.863968
2022-02-19T05:45:00.000000000,5461.881524,-18267.056495,-18620.773031
2022-02-19T06:00:00.000000000,7315.509355,-19070.376056,-17053.511459
2022-02-19T06:15:00.000000000,8970.54739,-19859.548537,-15194.39932
2022-02-19T06:30:00.000000000,10409.433138,-20595.532595,-13073.994243
2022-02-19T06:45:00.000000000,11622.344567,-21238.02975,-10727.667272
2022-02-19T07:00:00.000000000,12607.456581,-21747.089158,-8195.075589
2022-02-19T07:15:00.000000000,13370.890153,-22084.739077,-5519.534869
2022-02-19T07:30:00.000000000,13926.348595,-22216.579661,-2747.29743
2022-02-19T07:45:00.000000000,14294.448441,-22113.270263,73.253882
2022-02-19T08:00:00.000000000,14501.765899,-21751.846078,2892.482208
2022-02-19T08:15:00.000000000,14579.63336,-21116.80388,5660.425945
2022-02-19T08:30:00.000000000,14562.732953,-20200.904828,8327.75973
2022-02-19T08:45:00.000000000,14487.545002,-19005.653725,10846.763352
2022-02-19T09:00:00.000000000,14390.717587,-17541.428127,13172.273096
2022-02-19T09:15:00.000000000,14307.428592,-15827.24669,15262.589347
2022-02-19T09:30:00.000000000,14269.813081,-13890.183179,17080.314975
2022-02-19T09:45:00.000000000,14305.526523,-11764.449566,18593.100894
2022-02-19T10:00:00.000000000,14436.50819,-9490.187605,19774.278325
2022-02-19T10:15:00.000000000,14677.99935,-7112.022112,20603.361348
2022-02-19T10:30:00.000000000,15037.858415,-4677.440121,21066.408128
2022-02-19T10:45:00.000000000,15516.200614,-2235.067364,21156.234417
2022-02-19T11:00:00.000000000,16105.374148,167.082917,20872.478114
2022-02-19T11:15:00.000000000,16790.268937,2483.314407,20221.518716
2022-02-19T11:30:00.000000000,17548.939162,4671.83514,19216.259852
2022-02-19T11:45:00.000000000,18353.507332,6696.165047,17875.786811
2022-02-19T12:00:00.000000000,19171.306463,8526.310856,16224.913766
2022-02-19T12:15:00.000000000,19966.208388,10139.667424,14293.637253
2022-02-19T12:30:00.000000000,20700.080498,11521.617521,12116.513403
2022-02-19T12:45:00.000000000,21334.310351,12665.815465,9731.976589
2022-02-19T13:00:00.000000000,21831.337437,13574.152984,7181.616486
2022-02-19T13:15:00.000000000,22156.133655,14256.417837,4509.42947
2022-02-19T13:30:00.000000000,22277.578407,14729.66664,1761.058696
2022-02-19T13:45:00.000000000,22169.680212,15017.342712,-1016.964583
2022-02-19T14:00:00.000000000,21812.604048,15148.177343,-3777.967705
2022-02-19T14:15:00.000000000,21193.471726,15154.918792,-6475.862423
2022-02-19T14:30:00.000000000,20306.911318,15072.937429,-9065.842619
2022-02-19T14:45:00.000000000,19155.340468,14938.757849,-11505.048116
2022-02-19T15:00:00.000000000,17748.977339,14788.569684,-13753.189977
2022-02-19T15:15:00.000000000,16105.58146,14656.768289,-15773.133521
2022-02-19T15:30:00.000000000,14249.935072,14574.5746,-17531.435838
2022-02-19T15:45:00.000000000,12213.083223,14568.780484,-18998.834802
2022-02-19T16:00:00.000000000,10031.358028,14660.661744,-20150.686574
2022-02-19T16:15:00.000000000,7745.218975,14865.095919,-20967.348248
2022-02-19T16:30:00.000000000,5397.946865,15189.915987,-21434.501865
2022-02-19T16:45:00.000000000,3034.233796,15635.524231,-21543.415434
2022-02-19T17:00:00.000000000,698.715594,16194.782894,-21291.135946
2022-02-19T17:15:00.000000000,-1565.504134,16853.189859,-20680.608837
2022-02-19T17:30:00.000000000,-3718.287535,17589.33858,-19720.717911
2022-02-19T17:45:00.000000000,-5723.802516,18375.651982,-18426.239608
2022-02-19T18:00:00.000000000,-7551.719553,19179.370245,-16817.705678
2022-02-19T18:15:00.000000000,-9178.218592,19963.762516,-14921.169012
2022-02-19T18:30:00.000000000,-10586.764213,20689.523033,-12767.868579
2022-02-19T18:45:00.000000000,-11768.61408,21316.303295,-10393.791246
2022-02-19T19:00:00.000000000,-12723.034379,21804.324246,-7839.13065
2022-02-19T19:15:00.000000000,-13457.20643,22116.006445,-5147.646317
2022-02-19T19:30:00.000000000,-13985.820677,22217.552494,-2365.929697
2022-02-19T19:45:00.000000000,-14330.367314,22080.414947,457.412435
2022-02-19T20:00:00.000000000,-14518.146405,21682.584988,3272.642808
2022-02-19T20:15:00.000000000,-14581.033704,21009.642557,6029.828564
2022-02-19T20:30:00.000000000,-14554.050815,20055.51727,8679.804815
2022-02-19T20:45:00.000000000,-14473.798819,18822.921267,11175.142732
2022-02-19T21:00:00.000000000,-14376.822481,17323.429493,13471.0965
2022-02-19T21:15:00.000000000,-14297.976859,15577.199045,15526.503027
2022-02-19T21:30:00.000000000,-14268.86906,13612.336371,17304.609045
2022-02-19T21:45:00.000000000,-14316.44506,11463.93802,18773.802402
2022-02-19T22:00:00.000000000,-14461.784766,9172.846329,19908.227558
2022-02-19T22:15:00.000000000,-14719.158414,6784.174996,20688.269489
2022-02-19T22:30:00.000000000,-15095.384576,4345.66989,21100.895089
2022-02-19T22:45:00.000000000,-15589.515269,1905.977283,21139.846368
2022-02-19T23:00:00.000000000,-16192.857922,-487.105336,20805.68497
2022-02-19T23:15:00.000000000,-16889.328271,-2788.321823,20105.692428
2022-02-19T23:30:00.000000000,-17656.113388,-4956.523849,19053.634946
2022-02-19T23:45:00.000000000,-18464.610945,-6956.049696,17669.40503
2022-02-19T00:00:00.000000000,-19060.655326,-8290.748748,16466.066741
2022-02-19T00:15:00.000000000,-19860.759162,-9934.626408,14570.972834
2022-02-19T00:30:00.000000000,-20605.08404,-11348.605257,12425.098829
2022-02-19T00:45:00.000000000,-21254.994318,-12525.209393,10066.393298
2022-02-19T01:00:00.000000000,-21772.699532,-13465.22308,7536.060078
2022-02-19T01:15:00.000000000,-22122.745082,-14177.390142,4877.812294
2022-02-19T01:30:00.000000000,-22273.404585,-14677.824091,2137.113228
2022-02-19T01:45:00.000000000,-22197.924892,-14989.158595,-639.583177
2022-02-19T02:00:00.000000000,-21875.581943,-15139.475771,-3405.581182
2022-02-19T02:15:00.000000000,-21292.513607,-15161.055906,-6114.672333
2022-02-19T02:30:00.000000000,-20442.304335,-15088.996562,-8721.837358
2022-02-19T02:45:00.000000000,-19326.305253,-14959.751647,-11183.914856
2022-02-19T03:00:00.000000000,-17953.682232,-14809.642149,-13460.232049
2022-02-19T03:15:00.000000000,-16341.193072,-14673.389855,-15513.193736
2022-02-19T03:30:00.000000000,-14512.70329,-14582.723689,-17308.826152
2022-02-19T03:45:00.000000000,-12498.457738,-14565.105432,-18817.272743
2022-02-19T04:00:00.000000000,-10334.13255,-14642.61765,-20013.238855
2022-02-19T04:15:00.000000000,-8059.698437,-14831.051675,-20876.382041
2022-02-19T04:30:00.000000000,-5718.132199,-15139.227631,-21391.6443
2022-02-19T04:45:00.000000000,-3354.018256,-15568.571761,-21549.521946
2022-02-19T05:00:00.000000000,-1012.086108,-16112.968732,-21346.268191
2022-02-19T05:15:00.000000000,1264.267398,-16758.898373,-20784.022955
2022-02-19T05:30:00.000000000,3434.420364,-17485.857301,-19870.863968
2022-02-19T05:45:00.000000000,5461.881524,-18267.056495,-18620.773031
2022-02-19T06:00:00.000000000,7315.509355,-19070.376056,-17053.511459
2022-02-19T06:15:00.000000000,8970.54739,-19859.548537,-15194.39932
2022-02-19T06:30:00.000000000,10409.433138,-20595.532595,-13073.994243
2022-02-19T06:45:00.000000000,11622.344567,-21238.02975,-10727.667272
2022-02-19T07:00:00.000000000,12607.456581,-21747.089158,-8195.075589
2022-02-19T07:15:00.000000000,13370.890153,-22084.739077,-5519.534869
2022-02-19T07:30:00.000000000,13926.348595,-22216.579661,-2747.29743
2022-02-19T07:45:00.000000000,14294.448441,-22113.270263,73.253882
2022-02-19T08:00:00.000000000,14501.765899,-21751.846078,2892.482208
2022-02-19T08:15:00.000000000,14579.63336,-21116.80388,5660.425945
2022-02-19T08:30:00.000000000,14562.732953,-20200.904828,8327.75973
2022-02-19T08:45:00.000000000,14487.545002,-19005.653725,10846.763352
2022-02-19T09:00:00.000000000,14390.717587,-17541.428127,13172.273096
2022-02-19T09:15:00.000000000,14307.428592,-15827.24669,15262.589347
2022-02-19T09:30:00.000000000,14269.813081,-13890.183179,17080.314975
2022-02-19T09:45:00.000000000,14305.526523,-11764.449566,18593.100894
2022-02-19T10:00:00.000000000,14436.50819,-9490.187605,19774.278325
2022-02-19T10:15:00.000000000,14677.99935,-7112.022112,20603.361348
2022-02-19T10:30:00.000000000,15037.858415,-4677.440121,21066.408128
2022-02-19T10:45:00.000000000,15516.200614,-2235.067364,21156.234417
2022-02-19T11:00:00.000000000,16105.374148,167.082917,20872.478114
2022-02-19T11:15:00.000000000,16790.268937,2483.314407,20221.518716
2022-02-19T11:30:00.000000000,17548.939162,4671.83514,19216.259852
2022-02-19T11:45:00.000000000,18353.507332,6696.165047,17875.786811
2022-02-19T12:00:00.000000000,19171.306463,8526.310856,16224.913766
2022-02-19T12:15:00.000000000,19966.208388,10139.667424,14293.637253
2022-02-19T12:30:00.000000000,20700.080498,11521.617521,12116.513403
2022-02-19T12:45:00.000000000,21334.310351,12665.815465,9731.976589
2022-02-19T13:00:00.000000000,21831.337437,13574.152984,7181.616486
2022-02-19T13:15:00.000000000,22156.133655,14256.417837,4509.42947
2022-02-19T13:30:00.000000000,22277.578407,14729.66664,1761.058696
2022-02-19T13:45:00.000000000,22169.680212,15017.342712,-1016.964583
2022-02-19T14:00:00.000000000,21812.604048,15148.177343,-3777.967705
2022-02-19T14:15:00.000000000,21193.471726,15154.918792,-6475.862423
2022-02-19T14:30:00.000000000,20306.911318,15072.937429,-9065.842619
2022-02-19T14:45:00.000000000,19155.340468,14938.757849,-11505.048116
2022-02-19T15:00:00.000000000,17748.977339,14788.569684,-13753.189977
2022-02-19T15:15:00.000000000,16105.58146,14656.768289,-15773.133521
2022-02-19T15:30:00.000000000,14249.935072,14574.5746,-17531.435838
2022-02-19T15:45:00.000000000,12213.083223,14568.780484,-18998.834802
2022-02-19T16:00:00.000000000,10031.358028,14660.661744,-20150.686574
2022-02-19T16:15:00.000000000,7745.218975,14865.095919,-20967.348248
2022-02-19T16:30:00.000000000,5397.946865,15189.915987,-21434.501865
2022-02-19T16:45:00.000000000,3034.233796,15635.524231,-21543.415434
2022-02-19T17:00:00.000000000,698.715594,16194.782894,-21291.135946
2022-02-19T17:15:00.000000000,-1565.504134,16853.189859,-20680.608837
2022-02-19T17:30:00.000000000,-3718.287535,17589.33858,-19720.717911
2022-02-19T17:45:00.000000000,-5723.802516,18375.651982,-18426.239608
2022-02-19T18:00:00.000000000,-7551.719553,19179.370245,-16817.705678
2022-02-19T18:15:00.000000000,-9178.218592,19963.762516,-14921.169012
2022-02-19T18:30:00.000000000,-10586.764213,20689.523033,-12767.868579
2022-02-19T18:45:00.000000000,-11768.61408,21316.303295,-10393.791246
2022-02-19T19:00:00.000000000,-12723.034379,21804.324246,-7839.13065
2022-02-19T19:15:00.000000000,-13457.20643,22116.006445,-5147.646317
2022-02-19T19:30:00.000000000,-13985.820677,22217.552494,-2365.929697
2022-02-19T19:45:00.000000000,-14330.367314,22080.414947,457.412435
2022-02-19T20:00:00.000000000,-14518.146405,21682.584988,3272.642808
2022-02-19T20:15:00.000000000,-14581.033704,21009.642557,6029.828564
2022-02-19T20:30:00.000000000,-14554.050815,20055.51727,8679.804815
2022-02-19T20:45:00.000000000,-14473.798819,18822.921267,11175.142732
2022-02-19T21:00:00.000000000,-14376.822481,17323.429493,13471.0965
2022-02-19T21:15:00.000000000,-14297.976859,15577.199045,15526.503027
2022-02-19T21:30:00.000000000,-14268.86906,13612.336371,17304.609045
2022-02-19T21:45:00.000000000,-14316.44506,11463.93802,18773.802402
2022-02-19T22:00:00.000000000,-14461.784766,9172.846329,19908.227558
2022-02-19T22:15:00.000000000,-14719.158414,6784.174996,20688.269489
2022-02-19T22:30:00.000000000,-15095.384576,4345.66989,21100.895089
2022-02-19T22:45:00.000000000,-15589.515269,1905.977283,21139.846368
2022-02-19T23:00:00.000000000,-16192.857922,-487.105336,20805.68497
2022-02-19T23:15:00.000000000,-16889.328271,-2788.321823,20105.692428
2022-02-19T23:30:00.000000000,-17656.113388,-4956.523849,19053.634946
2022-02-19T23:45:00.000000000,-18464.610945,-6956.049696,17669.40503
2022-02-19T00:00:00.000000000,-19060.655326,-8290.748748,16466.066741
2022-02-19T00:15:00.000000000,-19860.759162,-9934.626408,14570.972834
2022-02-19T00:30:00.000000000,-20605.08404,-11348.605257,12425.098829
2022-02-19T00:45:00.000000000,-21254.994318,-12525.209393,10066.393298
2022-02-19T01:00:00.000000000,-21772.699532,-13465.22308,7536.060078
2022-02-19T01:15:00.000000000,-22122.745082,-14177.390142,4877.812294
2022-02-19T01:30:00.000000000,-22273.404585,-14677.824091,2137.113228
2022-02-19T01:45:00.000000000,-22197.924892,-14989.158595,-639.583177
2022-02-19T02:00:00.000000000,-21875.581943,-15139.475771,-3405.581182
2022-02-19T02:15:00.000000000,-21292.513607,-15161.055906,-6114.672333
2022-02-19T02:30:00.000000000,-20442.304335,-15088.996562,-8721.837358
2022-02-19T02:45:00.000000000,-19326.305253,-14959.751647,-11183.914856
2022-02-19T03:00:00.000000000,-17953.682232,-14809.642149,-13460.232049
2022-02-19T03:15:00.000000000,-16341.193072,-14673.389855,-15513.193736
2022-02-19T03:30:00.000000000,-14512.70329,-14582.723689,-17308.826152
2022-02-19T03:45:00.000000000,-12498.457738,-14565.105432,-18817.272743
2022-02-19T04:00:00.000000000,-10334.13255,-14642.61765,-20013.238855
2022-02-19T04:15:00.000000000,-8059.698437,-14831.051675,-20876.382041
2022-02-19T04:30:00.000000000,-5718.132199,-15139.227631,-21391.6443
2022-02-19T04:45:00.000000000,-3354.018256,-15568.571761,-21549.521946
2022-02-19T05:00:00.000000000,-1012.086108,-16112.968732,-21346.268191
2022-02-19T05:15:00.000000000,1264.267398,-16758.898373,-20784.022955
2022-02-19T05:30:00.000000000,3434.420364,-17485.857301,-19870.863968
2022-02-19T05:45:00.000000000,5461.881524,-18267.056495,-18620.773031
2022-02-19T06:00:00.000000000,7315.509355,-19070.376056,-17053.511459
2022-02-19T06:15:00.000000000,8970.54739,-19859.548537,-15194.39932
2022-02-19T06:30:00.000000000,10409.433138,-20595.532595,-13073.994243
2022-02-19T06:45:00.000000000,11622.344567,-21238.02975,-10727.667272
2022-02-19T07:00:00.000000000,12607.456581,-21747.089158,-8195.075589
2022-02-19T07:15:00.000000000,13370.890153,-22084.739077,-5519.534869
2022-02-19T07:30:00.000000000,13926.348595,-22216.579661,-2747.29743
2022-02-19T07:45:00.000000000,14294.448441,-22113.270263,73.253882
2022-02-19T08:00:00.000000000,14501.765899,-21751.846078,2892.482208
2022-02-19T08:15:00.000000000,14579.63336,-21116.80388,5660.425945
2022-02-19T08:30:00.000000000,14562.732953,-20200.904828,8327.75973
2022-02-19T08:45:00.000000000,14487.545002,-19005.653725,10846.763352
2022-02-19T09:00:00.000000000,14390.717587,-17541.428127,13172.273096
2022-02-19T09:15:00.000000000,14307.428592,-15827.24669,15262.589347
2022-02-19T09:30:00.000000000,14269.813081,-13890.183179,17080.314975
2022-02-19T09:45:00.000000000,14305.526523,-11764.449566,18593.100894
2022-02-19T10:00:00.000000000,14436.50819,-9490.187605,19774.278325
2022-02-19T10:15:00.000000000,14677.99935,-7112.022112,20603.361348
2022-02-19T10:30:00.000000000,15037.858415,-4677.440121,21066.408128
2022-02-19T10:45:00.000000000,15516.200614,-2235.067364,21156.234417
2022-02-19T11:00:00.000000000,16105.374148,167.082917,20872.478114
2022-02-19T11:15:00.000000000,16790.268937,2483.314407,20221.518716
2022-02-19T11:30:00.000000000,17548.939162,4671.83514,19216.259852
2022-02-19T11:45:00.000000000,18353.507332,6696.165047,17875.786811
2022-02-19T12:00:00.000000000,19171.306463,8526.310856,16224.913766
2022-02-19T12:15:00.000000000,19966.208388,10139.667424,14293.637253
2022-02-19T12:30:00.000000000,20700.080498,11521.617521,12116.513403
2022-02-19T12:45:00.000000000,21334.310351,12665.815465,9731.976589
2022-02-19T13:00:00.000000000,21831.337437,13574.152984,7181.616486
2022-02-19T13:15:00.000000000,22156.133655,14256.417837,4509.42947
2022-02-19T13:30:00.000000000,22277.578407,14729.66664,1761.058696
2022-02-19T13:45:00.000000000,22169.680212,15017.342712,-1016.964583
2022-02-19T14:00:00.000000000,21812.604048,15148.177343,-3777.967705
2022-02-19T14:15:00.000000000,21193.471726,15154.918792,-6475.862423
2022-02-19T14:30:00.000000000,20306.911318,15072.937429,-9065.842619
2022-02-19T14:45:00.000000000,19155.340468,14938.757849,-11505.048116
2022-02-19T15:00:00.000000000,17748.977339,14788.569684,-13753.189977
2022-02-19T15:15:00.000000000,16105.58146,14656.768289,-15773.133521
2022-02-19T15:30:00.000000000,14249.935072,14574.5746,-17531.435838
2022-02-19T15:45:00.000000000,12213.083223,14568.780484,-18998.834802
2022-02-19T16:00:00.000000000,10031.358028,14660.661744,-20150.686574
2022-02-19T16:15:00.000000000,7745.218975,14865.095919,-20967.348248
2022-02-19T16:30:00.000000000,5397.946865,15189.915987,-21434.501865
2022-02-19T16:45:00.000000000,3034.233796,15635.524231,-21543.415434
2022-02-19T17:00:00.000000000,698.715594,16194.782894,-21291.135946
2022-02-19T17:15:00.000000000,-1565.504134,16853.189859,-20680.608837
2022-02-19T17:30:00.000000000,-3718.287535,17589.33858,-19720.717911
2022-02-19T17:45:00.000000000,-5723.802516,18375.651982,-18426.239608
2022-02-19T18:00:00.000000000,-7551.719553,19179.370245,-16817.705678
2022-02-19T18:15:00.000000000,-9178.218592,19963.762516,-14921.169012
2022-02-19T18:30:00.000000000,-10586.764213,20689.523033,-12767.868579
2022-02-19T18:45:00.000000000,-11768.61408,21316.303295,-10393.791246
2022-02-19T19:00:00.000000000,-12723.034379,21804.324246,-7839.13065
2022-02-19T19:15:00.000000000,-13457.20643,22116.006445,-5147.646317
2022-02-19T19:30:00.000000000,-13985.820677,22217.552494,-2365.929697
2022-02-19T19:45:00.000000000,-14330.367314,22080.414947,457.412435
2022-02-19T20:00:00.000000000,-14518.146405,21682.584988,3272.642808
2022-02-19T20:15:00.000000000,-14581.033704,21009.642557,6029.828564
2022-02-19T20:30:00.000000000,-14554.050815,20055.51727,8679.804815
2022-02-19T20:45:00.000000000,-14473.798819,18822.921267,11175.142732
2022-02-19T21:00:00.000000000,-14376.822481,17323.429493,13471.0965
2022-02-19T21:15:00.000000000,-14297.976859,15577.199045,15526.503027
2022-02-19T21:30:00.000000000,-14268.86906,13612.336371,17304.609045
2022-02-19T21:45:00.000000000,-14316.44506,11463.93802,18773.802402
2022-02-19T22:00:00.000000000,-14461.784766,9172.846329,19908.227558
2022-02-19T22:15:00.000000000,-14719.158414,6784.174996,20688.269489
2022-02-19T22:30:00.000000000,-15095.384576,4345.66989,21100.895089
2022-02-19T22:45:00.000000000,-15589.515269,1905.977283,21139.846368
2022-02-19T23:00:00.000000000,-16192.857922,-487.105336,20805.68497
2022-02-19T23:15:00.000000000,-16889.328271,-2788.321823,20105.692428
2022-02-19T23:30:00.000000000,-17656.113388,-4956.523849,19053.634946
2022-02-19T23:45:00.000000000,-18464.610945,-6956.049696,17669.40503
2022-02-19T00:00:00.000000000,-19060.655326,-8290.748748,16466.066741
2022-02-19T00:15:00.000000000,-19860.759162,-9934.626408,14570.972834
2022-02-19T00:30:00.000000000,-20605.08404,-11348.605257,12425.098829
2022-02-19T00:45:00.000000000,-21254.994318,-12525.209393,10066.393298
2022-02-19T01:00:00.000000000,-21772.699532,-13465.22308,7536.060078
2022-02-19T01:15:00.000000000,-22122.745082,-14177.390142,4877.812294
2022-02-19T01:30:00.000000000,-22273.404585,-14677.824091,2137.113228
2022-02-19T01:45:00.000000000,-22197.924892,-14989.158595,-639.583177
2022-02-19T02:00:00.000000000,-21875.581943,-15139.475771,-3405.581182
2022-02-19T02:15:00.000000000,-21292.513607,-15161.055906,-6114.672333
2022-02-19T02:30:00.000000000,-20442.304335,-15088.996562,-8721.837358
2022-02-19T02:45:00.000000000,-19326.305253,-14959.751647,-11183.914856
2022-02-19T03:00:00.000000000,-17953.682232,-14809.642149,-13460.232049
2022-02-19T03:15:00.000000000,-16341.193072,-14673.389855,-15513.193736
2022-02-19T03:30:00.000000000,-14512.70329,-14582.723689,-17308.826152
2022-02-19T03:45:00.000000000,-12498.457738,-14565.105432,-18817.272743
2022-02-19T04:00:00.000000000,-10334.13255,-14642.61765,-20013.238855
2022-02-19T04:15:00.000000000,-8059.698437,-14831.051675,-20876.382041
2022-02-19T04:30:00.000000000,-5718.132199,-15139.227631,-21391.6443
2022-02-19T04:45:00.000000000,-3354.018256,-15568.571761,-21549.521946
2022-02-19T05:00:00.000000000,-1012.086108,-16112.968732,-21346.268191
2022-02-19T05:15:00.000000000,1264.267398,-16758.898373,-20784.022955
2022-02-19T05:30:00.000000000,3434.420364,-17485.857301,-19870.863968
2022-02-19T05:45:00.000000000,5461.881524,-18267.056495,-18620.773031
2022-02-19T06:00:00.000000000,7315.509355,-19070.376056,-17053.511459
2022-02-19T06:15:00.000000000,8970.54739,-19859.548537,-15194.39932
2022-02-19T06:30:00.000000000,10409.433138,-20595.532595,-13073.994243
2022-02-19T06:45:00.000000000,11622.344567,-21238.02975,-10727.667272
2022-02-19T07:00:00.000000000,12607.456581,-21747.089158,-8195.075589
2022-02-19T07:15:00.000000000,13370.890153,-22084.739077,-5519.534869
2022-02-19T07:30:00.000000000,13926.348595,-22216.579661,-2747.29743
2022-02-19T07:45:00.000000000,14294.448441,-22113.270263,73.253882
2022-02-19T08:00:00.000000000,14501.765899,-21751.846078,2892.482208
2022-02-19T08:15:00.000000000,14579.63336,-21116.80388,5660.425945
2022-02-19T08:30:00.000000000,14562.732953,-20200.904828,8327.75973
2022-02-19T08:45:00.000000000,14487.545002,-19005.653725,10846.763352
2022-02-19T09:00:00.000000000,14390.717587,-17541.428127,13172.273096
2022-02-19T09:15:00.000000000,14307.428592,-15827.24669,15262.589347
2022-02-19T09:30:00.000000000,14269.813081,-13890.183179,17080.314975
2022-02-19T09:45:00.000000000,14305.526523,-11764.449566,18593.100894
2022-02-19T10:00:00.000000000,14436.50819,-9490.187605,19774.278325
2022-02-19T10:15:00.000000000,14677.99935,-7112.022112,20603.361348
2022-02-19T10:30:00.000000000,15037.858415,-4677.440121,21066.408128
2022-02-19T10:45:00.000000000,15516.200614,-2235.067364,21156.234417
2022-02-19T11:00:00.000000000,16105.374148,167.082917,20872.478114
2022-02-19T11:15:00.000000000,16790.268937,2483.314407,20221.518716
2022-02-19T11:30:00.000000000,17548.939162,4671.83514,19216.259852
2022-02-19T11:45:00.000000000,18353.507332,6696.165047,17875.786811
2022-02-19T12:00:00.000000000,19171.306463,8526.310856,16224.913766
2022-02-19T12:15:00.000000000,19966.208388,10139.667424,14293.637253
2022-02-19T12:30:00.000000000,20700.080498,11521.617521,12116.513403
2022-02-19T12:45:00.000000000,21334.310351,12665.815465,9731.976589
2022-02-19T13:00:00.000000000,21831.337437,13574.152984,7181.616486
2022-02-19T13:15:00.000000000,22156.133655,14256.417837,4509.42947
2022-02-19T13:30:00.000000000,22277.578407,14729.66664,1761.058696
2022-02-19T13:45:00.000000000,22169.680212,15017.342712,-1016.964583
2022-02-19T14:00:00.000000000,21812.604048,15148.177343,-3777.967705
2022-02-19T14:15:00.000000000,21193.471726,15154.918792,-6475.862423
2022-02-19T14:30:00.000000000,20306.911318,15072.937429,-9065.842619
2022-02-19T14:45:00.000000000,19155.340468,14938.757849,-11505.048116
2022-02-19T15:00:00.000000000,17748.977339,14788.569684,-13753.189977
2022-02-19T15:15:00.000000000,16105.58146,14656.768289,-15773.133521
2022-02-19T15:30:00.000000000,14249.935072,14574.5746,-17531.435838
2022-02-19T15:45:00.000000000,12213.083223,14568.780484,-18998.834802
2022-02-19T16:00:00.000000000,10031.358028,14660.661744,-20150.686574
2022-02-19T16:15:00.000000000,7745.218975,14865.095919,-20967.348248
2022-02-19T16:30:00.000000000,5397.946865,15189.915987,-21434.501865
2022-02-19T16:45:00.000000000,3034.233796,15635.524231,-21543.415434
2022-02-19T17:00:00.000000000,698.715594,16194.782894,-21291.135946
2022-02-19T17:15:00.000000000,-1565.504134,16853.189859,-20680.608837
2022-02-19T17:30:00.000000000,-3718.287535,17589.33858,-19720.717911
2022-02-19T17:45:00.000000000,-5723.802516,18375.651982,-18426.239608
2022-02-19T18:00:00.000000000,-7551.719553,19179.370245,-16817.705678
2022-02-19T18:15:00.000000000,-9178.218592,19963.762516,-14921.169012
2022-02-19T18:30:00.000000000,-10586.764213,20689.523033,-12767.868579
2022-02-19T18:45:00.000000000,-11768.61408,21316.303295,-10393.791246
2022-02-19T19:00:00.000000000,-12723.034379,21804.324246,-7839.13065
2022-02-19T19:15:00.000000000,-13457.20643,22116.006445,-5147.646317
2022-02-19T19:30:00.000000000,-13985.820677,22217.552494,-2365.929697
2022-02-19T19:45:00.000000000,-14330.367314,22080.414947,457.412435
2022-02-19T20:00:00.000000000,-14518.146405,21682.584988,3272.642808
2022-02-19T20:15:00.000000000,-14581.033704,21009.642557,6029.828564
2022-02-19T20:30:00.000000000,-14554.050815,20055.51727,8679.804815
2022-02-19T20:45:00.000000000,-14473.798819,18822.921267,11175.142732
2022-02-19T21:00:00.000000000,-14376.822481,17323.429493,13471.0965
2022-02-19T21:15:00.000000000,-14297.976859,15577.199045,15526.503027
2022-02-19T21:30:00.000000000,-14268.86906,13612.336371,17304.609045
2022-02-19T21:45:00.000000000,-14316.44506,11463.93802,18773.802402
2022-02-19T22:00:00.000000000,-14461.784766,9172.846329,19908.227558
2022-02-19T22:15:00.000000000,-14719.158414,6784.174996,20688.269489
2022-02-19T22:30:00.000000000,-15095.384576,4345.66989,21100.895089
2022-02-19T22:45:00.000000000,-15589.515269,1905.977283,21139.846368
2022-02-19T23:00:00.000000000,-16192.857922,-487.105336,20805.68497
2022-02-19T23:15:00.000000000,-16889.328271,-2788.321823,20105.692428
2022-02-19T23:30:00.000000000,-17656.113388,-4956.523849,19053.634946
2022-02-19T23:45:00.000000000,-18464.610945,-6956.049696,17669.40503
2022-02-19T00:00:00.000000000,-19060.655326,-8290.748748,16466.066741
2022-02-19T00:15:00.000000000,-19860.759162,-9934.626408,14570.972834
2022-02-19T00:30:00.000000000,-20605.08404,-11348.605257,12425.098829
2022-02-19T00:45:00.000000000,-21254.994318,-12525.209393,10066.393298
2022-02-19T01:00:00.000000000,-21772.699532,-13465.22308,7536.060078
2022-02-19T01:15:00.000000000,-22122.745082,-14177.390142,4877.812294
2022-02-19T01:30:00.000000000,-22273.404585,-14677.824091,2137.113228
2022-02-19T01:45:00.000000000,-22197.924892,-14989.158595,-639.583177
2022-02-19T02:00:00.000000000,-21875.581943,-15139.475771,-3405.581182
2022-02-19T02:15:00.000000000,-21292.513607,-15161.055906,-6114.672333
2022-02-19T02:30:00.000000000,-20442.304335,-15088.996562,-8721.837358
2022-02-19T02:45:00.000000000,-19326.305253,-14959.751647,-11183.914856
2022-02-19T03:00:00.000000000,-17953.682232,-14809.642149,-13460.232049
2022-02-19T03:15:00.000000000,-16341.193072,-14673.389855,-15513.193736
2022-02-19T03:30:00.000000000,-14512.70329,-14582.723689,-17308.826152
2022-02-19T03:45:00.000000000,-12498.457738,-14565.105432,-18817.272743
2022-02-19T04:00:00.000000000,-10334.13255,-14642.61765,-20013.238855
2022-02-19T04:15:00.000000000,-8059.698437,-14831.051675,-20876.382041
2022-02-19T04:30:00.000000000,-5718.132199,-15139.227631,-21391.6443
2022-02-19T04:45:00.000000000,-3354.018256,-15568.571761,-21549.521946
2022-02-19T05:00:00.000000000,-1012.086108,-16112.968732,-21346.268191
2022-02-19T05:15:00.000000000,1264.267398,-16758.898373,-20784.022955
2022-02-19T05:30:00.000000000,3434.420364,-17485.857301,-19870.863968
2022-02-19T05:45:00.000000000,5461.881524,-18267.056495,-18620.773031
2022-02-19T06:00:00.000000000,7315.509355,-19070.376056,-17053.511459
2022-02-19T06:15:00.000000000,8970.54739,-19859.548537,-15194.39932
2022-02-19T06:30:00.000000000,10409.433138,-20595.532595,-13073.994243
2022-02-19T06:45:00.000000000,11622.344567,-21238.02975,-10727.667272
2022-02-19T07:00:00.000000000,12607.456581,-21747.089158,-8195.075589
2022-02-19T07:15:00.000000000,13370.890153,-22084.739077,-5519.534869
2022-02-19T07:30:00.000000000,13926.348595,-22216.579661,-2747.29743
2022-02-19T07:45:00.000000000,14294.448441,-22113.270263,73.253882
2022-02-19T08:00:00.000000000,14501.765899,-21751.846078,2892.482208
2022-02-19T08:15:00.000000000,14579.63336,-21116.80388,5660.425945
2022-02-19T08:30:00.000000000,14562.732953,-20200.904828,8327.75973
2022-02-19T08:45:00.000000000,14487.545002,-19005.653725,10846.763352
2022-02-19T09:00:00.000000000,14390.717587,-17541.428127,13172.273096
2022-02-19T09:15:00.000000000,14307.428592,-15827.24669,15262.589347
2022-02-19T09:30:00.000000000,14269.813081,-13890.183179,17080.314975
2022-02-19T09:45:00.000000000,14305.526523,-11764.449566,18593.100894
2022-02-19T10:00:00.000000000,14436.50819,-9490.187605,19774.278325
2022-02-19T10:15:00.000000000,14677.99935,-7112.022112,20603.361348
2022-02-19T10:30:00.000000000,15037.858415,-4677.440121,21066.408128
2022-02-19T10:45:00.000000000,15516.200614,-2235.067364,21156.234417
2022-02-19T11:00:00.000000000,16105.374148,167.082917,20872.478114
2022-02-19T11:15:00.000000000,16790.268937,2483.314407,20221.518716
2022-02-19T11:30:00.000000000,17548.939162,4671.83514,19216.259852
2022-02-19T11:45:00.000000000,18353.507332,6696.165047,17875.786811
2022-02-19T12:00:00.000000000,19171.306463,8526.310856,16224.913766
2022-02-19T12:15:00.000000000,19966.208388,10139.667424,14293.637253
2022-02-19T12:30:00.000000000,20700.080498,11521.617521,12116.513403
2022-02-19T12:45:00.000000000,21334.310351,12665.815465,9731.976589
2022-02-19T13:00:00.000000000,21831.337437,13574.152984,7181.616486
2022-02-19T13:15:00.000000000,22156.133655,14256.417837,4509.42947
2022-02-19T13:30:00.000000000,22277.578407,14729.66664,1761.058696
2022-02-19T13:45:00.000000000,22169.680212,15017.342712,-1016.964583
2022-02-19T14:00:00.000000000,21812.604048,15148.177343,-3777.967705
2022-02-19T14:15:00.000000000,21193.471726,15154.918792,-6475.862423
2022-02-19T14:30:00.000000000,20306.911318,15072.937429,-9065.842619
2022-02-19T14:45:00.000000000,19155.340468,14938.757849,-11505.048116
2022-02-19T15:00:00.000000000,17748.977339,14788.569684,-13753.189977
2022-02-19T15:15:00.000000000,16105.58146,14656.768289,-15773.133521
2022-02-19T15:30:00.000000000,14249.935072,14574.5746,-17531.435838
2022-02-19T15:45:00.000000000,12213.083223,14568.780484,-18998.834802
2022-02-19T16:00:00.000000000,10031.358028,14660.661744,-20150.686574
2022-02-19T16:15:00.000000000,7745.218975,14865.095919,-20967.348248
2022-02-19T16:30:00.000000000,5397.946865,15189.915987,-21434.501865
2022-02-19T16:45:00.000000000,3034.233796,15635.524231,-21543.415434
2022-02-19T17:00:00.000000000,698.715594,16194.782894,-21291.135946
2022-02-19T17:15:00.000000000,-1565.504134,16853.189859,-20680.608837
2022-02-19T17:30:00.000000000,-3718.287535,17589.33858,-19720.717911
2022-02-19T17:45:00.000000000,-5723.802516,18375.651982,-18426.239608
2022-02-19T18:00:00.000000000,-7551.719553,19179.370245,-16817.705678
2022-02-19T18:15:00.000000000,-9178.218592,19963.762516,-14921.169012
2022-02-19T18:30:00.000000000,-10586.764213,20689.523033,-12767.868579
2022-02-19T18:45:00.000000000,-11768.61408,21316.303295,-10393.791246
2022-02-19T19:00:00.000000000,-12723.034379,21804.324246,-7839.13065
2022-02-19T19:15:00.000000000,-13457.20643,22116.006445,-5147.646317
2022-02-19T19:30:00.000000000,-13985.820677,22217.552494,-2365.929697
2022-02-19T19:45:00.000000000,-14330.367314,22080.414947,457.412435
2022-02-19T20:00:00.000000000,-14518.146405,21682.584988,3272.642808
2022-02-19T20:15:00.000000000,-14581.033704,21009.642557,6029.828564
2022-02-19T20:30:00.000000000,-14554.050815,20055.51727,8679.804815
2022-02-19T20:45:00.000000000,-14473.798819,18822.921267,11175.142732
2022-02-19T21:00:00.000000000,-14376.822481,17323.429493,13471.0965
2022-02-19T21:15:00.000000000,-14297.976859,15577.199045,15526.503027
2022-02-19T21:30:00.000000000,-14268.86906,13612.336371,17304.609045
2022-02-19T21:45:00.000000000,-14316.44506,11463.93802,18773.802402
2022-02-19T22:00:00.000000000,-14461.784766,9172.846329,19908.227558
2022-02-19T22:15:00.000000000,-14719.158414,6784.174996,20688.269489
2022-02-19T22:30:00.000000000,-15095.384576,4345.66989,21100.895089
2022-02-19T22:45:00.000000000,-15589.515269,1905.977283,21139.846368
2022-02-19T23:00:00.000000000,-16192.857922,-487.105336,20805.68497
2022-02-19T23:15:00.000000000,-16889.328271,-2788.321823,20105.692428
2022-02-19T23:30:00.000000000,-17656.113388,-4956.523849,19053.634946
2022-02-19T23:45:00.000000000,-18464.610945,-6956.049696,17669.40503
2022-02-19T00:00:00.000000000,-19060.655326,-8290.748748,16466.066741
2022-02-19T00:15:00.000000000,-19860.759162,-9934.626408,14570.972834
2022-02-19T00:30:00.000000000,-20605.08404,-11348.605257,12425.098829
2022-02-19T00:45:00.000000000,-21254.994318,-12525.209393,10066.393298
2022-02-19T01:00:00.000000000,-21772.699532,-13465.22308,7536.060078
2022-02-19T01:15:00.000000000,-22122.745082,-14177.390142,4877.812294
2022-02-19T01:30:00.000000000,-22273.404585,-14677.824091,2137.113228
2022-02-19T01:45:00.000000000,-22197.924892,-14989.158595,-639.583177
2022-02-19T02:00:00.000000000,-21875.581943,-15139.475771,-3405.581182
2022-02-19T02:15:00.000000000,-21292.513607,-15161.055906,-6114.672333
2022-02-19T02:30:00.000000000,-20442.304335,-15088.996562,-8721.837358
2022-02-19T02:45:00.000000000,-19326.305253,-14959.751647,-11183.914856
2022-02-19T03:00:00.000000000,-17953.682232,-14809.642149,-13460.232049
2022-02-19T03:15:00.000000000,-16341.193072,-14673.389855,-15513.193736
2022-02-19T03:30:00.000000000,-14512.70329,-14582.723689,-17308.826152
2022-02-19T03:45:00.000000000,-12498.457738,-14565.105432,-18817.272743
2022-02-19T04:00:00.000000000,-10334.13255,-14642.61765,-20013.238855
2022-02-19T04:15:00.000000000,-8059.698437,-14831.051675,-20876.382041
2022-02-19T04:30:00.000000000,-5718.132199,-15139.227631,-21391.6443
2022-02-19T04:45:00.000000000,-3354.018256,-15568.571761,-21549.521946
2022-02-19T05:00:00.000000000,-1012.086108,-16112.968732,-21346.268191
2022-02-19T05:15:00.000000000,1264.267398,-16758.898373,-20784.022955
2022-02-19T05:30:00.000000000,3434.420364,-17485.857301,-19870.863968
2022-02-19T05:45:00.000000000,5461.881524,-18267.056495,-18620.773031
2022-02-19T06:00:00.000000000,7315.509355,-19070.376056,-17053.511459
2022-02-19T06:15:00.000000000,8970.54739,-19859.548537,-15194.39932
2022-02-19T06:30:00.000000000,10409.433138,-20595.532595,-13073.994243
2022-02-19T06:45:00.000000000,11622.344567,-21238.02975,-10727.667272
2022-02-19T07:00:00.000000000,12607.456581,-21747.089158,-8195.075589
2022-02-19T07:15:00.000000000,13370.890153,-22084.739077,-5519.534869
2022-02-19T07:30:00.000000000,13926.348595,-22216.579661,-2747.29743
2022-02-19T07:45:00.000000000,14294.448441,-22113.270263,73.253882
2022-02-19T08:00:00.000000000,14501.765899,-21751.846078,2892.482208
2022-02-19T08:15:00.000000000,14579.63336,-21116.80388,5660.425945
2022-02-19T08:30:00.000000000,14562.732953,-20200.904828,8327.75973
2022-02-19T08:45:00.000000000,14487.545002,-19005.653725,10846.763352
2022-02-19T09:00:00.000000000,14390.717587,-17541.428127,13172.273096
2022-02-19T09:15:00.000000000,14307.428592,-15827.24669,15262.589347
2022-02-19T09:30:00.000000000,14269.813081,-13890.183179,17080.314975
2022-02-19T09:45:00.000000000,14305.526523,-11764.449566,18593.100894
2022-02-19T10:00:00.000000000,14436.50819,-9490.187605,19774.278325
2022-02-19T10:15:00.000000000,14677.99935,-7112.022112,20603.361348
2022-02-19T10:30:00.000000000,15037.858415,-4677.440121,21066.408128
2022-02-19T10:45:00.000000000,15516.200614,-2235.067364,21156.234417
2022-02-19T11:00:00.000000000,16105.374148,167.082917,20872.478114
2022-02-19T11:15:00.000000000,16790.268937,2483.314407,20221.518716
2022-02-19T11:30:00.000000000,17548.939162,4671.83514,19216.259852
2022-02-19T11:45:00.000000000,18353.507332,6696.165047,17875.786811
2022-02-19T12:00:00.000000000,19171.306463,8526.310856,16224.913766
2022-02-19T12:15:00.000000000,19966.208388,10139.667424,14293.637253
2022-02-19T12:30:00.000000000,20700.080498,11521.617521,12116.513403
2022-02-19T12:45:00.000000000,21334.310351,12665.815465,9731.976589
2022-02-19T13:00:00.000000000,21831.337437,13574.152984,7181.616486
2022-02-19T13:15:00.000000000,22156.133655,14256.417837,4509.42947
2022-02-19T13:30:00.000000000,22277.578407,14729.66664,1761.058696
2022-02-19T13:45:00.000000000,22169.680212,15017.342712,-1016.964583
2022-02-19T14:00:00.000000000,21812.604048,15148.177343,-3777.967705
2022-02-19T14:15:00.000000000,21193.471726,15154.918792,-6475.862423
2022-02-19T14:30:00.000000000,20306.911318,15072.937429,-9065.842619
2022-02-19T14:45:00.000000000,19155.340468,14938.757849,-11505.048116
2022-02-19T15:00:00.000000000,17748.977339,14788.569684,-13753.189977
2022-02-19T15:15:00.000000000,16105.58146,14656.768289,-15773.133521
2022-02-19T15:30:00.000000000,14249.935072,14574.5746,-17531.435838
2022-02-19T15:45:00.000000000,12213.083223,14568.780484,-18998.834802
2022-02-19T16:00:00.000000000,10031.358028,14660.661744,-20150.686574
2022-02-19T16:15:00.000000000,7745.218975,14865.095919,-20967.348248
2022-02-19T16:30:00.000000000,5397.946865,15189.915987,-21434.501865
2022-02-19T16:45:00.000000000,3034.233796,15635.524231,-21543.415434
2022-02-19T17:00:00.000000000,698.715594,16194.782894,-21291.135946
2022-02-19T17:15:00.000000000,-1565.504134,16853.189859,-20680.608837
2022-02-19T17:30:00.000000000,-3718.287535,17589.33858,-19720.717911
2022-02-19T17:45:00.000000000,-5723.802516,18375.651982,-18426.239608
2022-02-19T18:00:00.000000000,-7551.719553,19179.370245,-16817.705678
2022-02-19T18:15:00.000000000,-9178.218592,19963.762516,-14921.169012
2022-02-19T18:30:00.000000000,-10586.764213,20689.523033,-12767.868579
2022-02-19T18:45:00.000000000,-11768.61408,21316.303295,-10393.791246
2022-02-19T19:00:00.000000000,-12723.034379,21804.324246,-7839.13065
2022-02-19T19:15:00.000000000,-13457.20643,22116.006445,-5147.646317
2022-02-19T19:30:00.000000000,-13985.820677,22217.552494,-2365.929697
2022-02-19T19:45:00.000000000,-14330.367314,22080.414947,457.412435
2022-02-19T20:00:00.000000000,-14518.146405,21682.584988,3272.642808
2022-02-19T20:15:00.000000000,-14581.033704,21009.642557,6029.828564
2022-02-19T20:30:00.000000000,-14554.050815,20055.51727,8679.804815
2022-02-19T20:45:00.000000000,-14473.798819,18822.921267,11175.142732
2022-02-19T21:00:00.000000000,-14376.822481,17323.429493,13471.0965
2022-02-19T21:15:00.000000000,-14297.976859,15577.199045,15526.503027
2022-02-19T21:30:00.000000000,-14268.86906,13612.336371,17304.609045
2022-02-19T21:45:00.000000000,-14316.44506,11463.93802,18773.802402
2022-02-19T22:00:00.000000000,-14461.784766,9172.846329,19908.227558
2022-02-19T22:15:00.000000000,-14719.158414,6784.174996,20688.269489
2022-02-19T22:30:00.000000000,-15095.384576,4345.66989,21100.895089
2022-02-19T22:45:00.000000000,-15589.515269,1905.977283,21139.846368
2022-02-19T23:00:00.000000000,-16192.857922,-487.105336,20805.68497
2022-02-19T23:15:00.000000000,-16889.328271,-2788.321823,20105.692428
2022-02-19T23:30:00.000000000,-17656.113388,-4956.523849,19053.634946
2022-02-19T23:45:00.000000000,-18464.610945,-6956.049696,17669.40503
2022-02-18T00:00:00.000000000,-18838.575079,-7806.994874,16932.851364
2022-02-18T00:15:00.000000000,-19646.981132,-9511.066238,15112.069528
2022-02-18T00:30:00.000000000,-20410.070567,-10988.721144,13030.856543
2022-02-18T00:45:00.000000000,-21089.247268,-12230.223181,10726.148581
2022-02-18T01:00:00.000000000,-21646.344308,-13234.124211,8238.335631
2022-02-18T01:15:00.000000000,-22045.13197,-14007.04647,5610.521613
2022-02-18T01:30:00.000000000,-22252.741862,-14563.168954,2887.767539
2022-02-18T01:45:00.000000000,-22240.956404,-14923.445269,116.331003
2022-02-18T02:00:00.000000000,-21987.319808,-15114.588433,-2657.086493
2022-02-18T02:15:00.000000000,-21476.034466,-15167.86475,-5386.074754
2022-02-18T02:30:00.000000000,-20698.615162,-15117.7437,-8025.224796
2022-02-18T02:45:00.000000000,-19654.282333,-15000.453828,-10530.807055
2022-02-18T03:00:00.000000000,-18350.084498,-14852.496216,-12861.412863
2022-02-18T03:15:00.000000000,-16800.748684,-14709.167052,-14978.555124
2022-02-18T03:30:00.000000000,-15028.266078,-14603.139527,-16847.224755
2022-02-18T03:45:00.000000000,-13061.228094,-14563.152714,-18436.399882
2022-02-18T04:00:00.000000000,-10933.93541,-14612.851416,-19719.504757
2022-02-18T04:15:00.000000000,-8685.309304,-14769.816302,-20674.815262
2022-02-18T04:30:00.000000000,-6357.640618,-15044.81798,-21285.807378
2022-02-18T04:45:00.000000000,-3995.216907,-15441.322201,-21541.444508
2022-02-18T05:00:00.000000000,-1642.872666,-15955.266016,-21436.398904
2022-02-18T05:15:00.000000000,655.489189,-16575.116628,-20971.201842
2022-02-18T05:30:00.000000000,2858.3543,-17282.215929,-20152.316718
2022-02-18T05:45:00.000000000,4927.981108,-18051.404362,-18992.128947
2022-02-18T06:00:00.000000000,6831.661945,-18851.908047,-17508.846616
2022-02-18T06:15:00.000000000,8542.812787,-19648.463218,-15726.3063
2022-02-18T06:30:00.000000000,10041.847635,-20402.64231,-13673.679441
2022-02-18T06:45:00.000000000,11316.799525,-21074.336817,-11385.076253
2022-02-18T07:00:00.000000000,12363.65809,-21623.343831,-8899.046296
2022-02-18T07:15:00.000000000,13186.403395,-22010.99646,-6257.977621
2022-02-18T07:30:00.000000000,13796.727186,-22201.77362,-3507.399699
2022-02-18T07:45:00.000000000,14213.44541,-22164.822482,-695.199013
2022-02-18T08:00:00.000000000,14461.619278,-21875.327673,2129.239871
2022-02-18T08:15:00.000000000,14571.415727,-21315.665294,4915.951133
2022-02-18T08:30:00.000000000,14576.751001,-20476.287205,7615.342257
2022-02-18T08:45:00.000000000,14513.772466,-19356.291553,10179.163179
2022-02-18T09:00:00.000000000,14419.242871,-17963.648913,12561.464928
2022-02-18T09:15:00.000000000,14328.897355,-16315.068932,14719.521645
2022-02-18T09:30:00.000000000,14275.846025,-14435.509213,16614.690161
2022-02-18T09:45:00.000000000,14289.093641,-12357.345301,18213.182945
2022-02-18T10:00:00.000000000,14392.242755,-10119.236963,19486.732947
2022-02-18T10:15:00.000000000,14602.437899,-7764.740495,20413.132765
2022-02-18T10:30:00.000000000,14929.596582,-5340.728556,20976.635129
2022-02-18T10:45:00.000000000,15375.958826,-2895.687372,21168.206903
2022-02-18T11:00:00.000000000,15935.971442,-477.965753,20985.633943
2022-02-18T11:15:00.000000000,16596.507486,1865.94913,20433.479358
2022-02-18T11:30:00.000000000,17337.405996,4093.057489,19522.90221
2022-02-18T11:45:00.000000000,18132.303216,6165.308992,18271.347663
2022-02-18T12:00:00.000000000,18949.714701,8050.845459,16702.122615
2022-02-18T12:15:00.000000000,19754.318355,9724.979898,14843.872946
2022-02-18T12:30:00.000000000,20508.382002,11170.880307,12729.979733
2022-02-18T12:45:00.000000000,21173.275427,12379.940017,10397.892124
2022-02-18T13:00:00.000000000,21711.005963,13351.829489,7888.414096
2022-02-18T13:15:00.000000000,22085.718366,14094.236885,5244.961377
2022-02-18T13:30:00.000000000,22265.103499,14622.316049,2512.803331
2022-02-18T13:45:00.000000000,22221.665993,14957.870323,-261.697154
2022-02-18T14:00:00.000000000,21933.80797,15128.308681,-3031.834524
2022-02-18T14:15:00.000000000,21386.69391,15165.417093,-5751.292775
2022-02-18T14:30:00.000000000,20572.87023,15103.99254,-8374.851419
2022-02-18T14:45:00.000000000,19492.622054,14980.390021,-10859.058966
2022-02-18T15:00:00.000000000,18154.058453,14831.034177,-13162.869088
2022-02-18T15:15:00.000000000,16572.926176,14690.946973,-15248.235463
2022-02-18T15:30:00.000000000,14772.16022,14592.34138,-17080.661964
2022-02-18T15:45:00.000000000,12781.187449,14563.328274,-18629.705179
2022-02-18T16:00:00.000000000,10635.006798,14626.779971,-19869.426256
2022-02-18T16:15:00.000000000,8373.076242,14799.388979,-20778.788847
2022-02-18T16:30:00.000000000,6038.042644,15090.95481,-21341.999501
2022-02-18T16:45:00.000000000,3674.355656,15503.925077,-21548.786307
2022-02-18T17:00:00.000000000,1326.811106,16033.209625,-21394.610936
2022-02-18T17:15:00.000000000,-960.927607,16666.278321,-20880.80868
2022-02-18T17:30:00.000000000,-3147.779626,17383.544202,-20014.650588
2022-02-18T17:45:00.000000000,-5196.61706,18159.024362,-18809.321598
2022-02-18T18:00:00.000000000,-7075.505521,18961.261141,-17283.808618
2022-02-18T18:15:00.000000000,-8758.767055,19754.47636,-15462.693092
2022-02-18T18:30:00.000000000,-10227.822122,20499.921613,-13375.843616
2022-02-18T18:45:00.000000000,-11471.773607,21157.378583,-11058.005831
2022-02-18T19:00:00.000000000,-12487.704014,21686.755258,-8548.289045
2022-02-18T19:15:00.000000000,-13280.667006,22049.717497,-5889.551942
2022-02-18T19:30:00.000000000,-13863.366122,22211.290938,-3127.693027
2022-02-18T19:45:00.000000000,-14255.526296,22141.3665,-310.855241
2022-02-18T20:00:00.000000000,-14482.97731,21816.043884,2511.441938
2022-02-18T20:15:00.000000000,-14576.481854,21218.751946,5289.225738
2022-02-18T20:30:00.000000000,-14570.353562,20341.092639,7973.02811
2022-02-18T20:45:00.000000000,-14500.921531,19183.366163,10514.855002
2022-02-18T21:00:00.000000000,-14404.906563,17754.748703,12869.141609
2022-02-18T21:15:00.000000000,-14317.780007,16073.109859,14993.66743
2022-02-18T21:30:00.000000000,-14272.178066,14164.473881,16850.405474
2022-02-18T21:45:00.000000000,-14296.442646,12062.145839,18406.281701
2022-02-18T22:00:00.000000000,-14413.354093,9805.540052,19633.823728
2022-02-18T22:15:00.000000000,-14639.111986,7438.762275,20511.681779
2022-02-18T22:30:00.000000000,-14982.607943,5009.008525,21025.009598
2022-02-18T22:45:00.000000000,-15445.020095,2564.851223,21165.69819
2022-02-18T23:00:00.000000000,-16019.743334,154.487403,20932.46049
2022-02-18T23:15:00.000000000,-16692.653582,-2175.976275,20330.770119
2022-02-18T23:30:00.000000000,-17442.689218,-4384.130695,19372.661887
2022-02-18T23:45:00.000000000,-18242.719129,-6432.699595,18076.405483
2022-02-19T00:00:00.000000000,-19060.655326,-8290.748748,16466.066741
2022-02-19T00:15:00.000000000,-19860.759162,-9934.626408,14570.972834
2022-02-19T00:30:00.000000000,-20605.08404,-11348.605257,12425.098829
2022-02-19T00:45:00.000000000,-21254.994318,-12525.209393,10066.393298
2022-02-19T01:00:00.000000000,-21772.699532,-13465.22308,7536.060078
2022-02-19T01:15:00.000000000,-22122.745082,-14177.390142,4877.812294
2022-02-19T01:30:00.000000000,-22273.404585,-14677.824091,2137.113228
2022-02-19T01:45:00.000000000,-22197.924892,-14989.158595,-639.583177
2022-02-19T02:00:00.000000000,-21875.581943,-15139.475771,-3405.581182
2022-02-19T02:15:00.000000000,-21292.513607,-15161.055906,-6114.672333
2022-02-19T02:30:00.000000000,-20442.304335,-15088.996562,-8721.837358
2022-02-19T02:45:00.000000000,-19326.305253,-14959.751647,-11183.914856
2022-02-19T03:00:00.000000000,-17953.682232,-14809.642149,-13460.232049
2022-02-19T03:15:00.000000000,-16341.193072,-14673.389855,-15513.193736
2022-02-19T03:30:00.000000000,-14512.70329,-14582.723689,-17308.826152
2022-02-19T03:45:00.000000000,-12498.457738,-14565.105432,-18817.272743
2022-02-19T04:00:00.000000000,-10334.13255,-14642.61765,-20013.238855
2022-02-19T04:15:00.000000000,-8059.698437,-14831.051675,-20876.382041
2022-02-19T04:30:00.000000000,-5718.132199,-15139.227631,-21391.6443
2022-02-19T04:45:00.000000000,-3354.018256,-15568.571761,-21549.521946
2022-02-19T05:00:00.000000000,-1012.086108,-16112.968732,-21346.268191
2022-02-19T05:15:00.000000000,1264.267398,-16758.898373,-20784.022955
2022-02-19T05:30:00.000000000,3434.420364,-17485.857301,-19870.863968
2022-02-19T05:45:00.000000000,5461.881524,-18267.056495,-18620.773031
2022-02-19T06:00:00.000000000,7315.509355,-19070.376056,-17053.511459
2022-02-19T06:15:00.000000000,8970.54739,-19859.548537,-15194.39932
2022-02-19T06:30:00.000000000,10409.433138,-20595.532595,-13073.994243
2022-02-19T06:45:00.000000000,11622.344567,-21238.02975,-10727.667272
2022-02-19T07:00:00.000000000,12607.456581,-21747.089158,-8195.075589
2022-02-19T07:15:00.000000000,13370.890153,-22084.739077,-5519.534869
2022-02-19T07:30:00.000000000,13926.348595,-22216.579661,-2747.29743
2022-02-19T07:45:00.000000000,14294.448441,-22113.270263,73.253882
2022-02-19T08:00:00.000000000,14501.765899,-21751.846078,2892.482208
2022-02-19T08:15:00.000000000,14579.63336,-21116.80388,5660.425945
2022-02-19T08:30:00.000000000,14562.732953,-20200.904828,8327.75973
2022-02-19T08:45:00.000000000,14487.545002,-19005.653725,10846.763352
2022-02-19T09:00:00.000000000,14390.717587,-17541.428127,13172.273096
2022-02-19T09:15:00.000000000,14307.428592,-15827.24669,15262.589347
2022-02-19T09:30:00.000000000,14269.813081,-13890.183179,17080.314975
2022-02-19T09:45:00.000000000,14305.526523,-11764.449566,18593.100894
2022-02-19T10:00:00.000000000,14436.50819,-9490.187605,19774.278325
2022-02-19T10:15:00.000000000,14677.99935,-7112.022112,20603.361348
2022-02-19T10:30:00.000000000,15037.858415,-4677.440121,21066.408128
2022-02-19T10:45:00.000000000,15516.200614,-2235.067364,21156.234417
2022-02-19T11:00:00.000000000,16105.374148,167.082917,20872.478114
2022-02-19T11:15:00.000000000,16790.268937,2483.314407,20221.518716
2022-02-19T11:30:00.000000000,17548.939162,4671.83514,19216.259852
2022-02-19T11:45:00.000000000,18353.507332,6696.165047,17875.786811
2022-02-19T12:00:00.000000000,19171.306463,8526.310856,16224.913766
2022-02-19T12:15:00.000000000,19966.208388,10139.667424,14293.637253
2022-02-19T12:30:00.000000000,20700.080498,11521.617521,12116.513403
2022-02-19T12:45:00.000000000,21334.310351,12665.815465,9731.976589
2022-02-19T13:00:00.000000000,21831.337437,13574.152984,7181.616486
2022-02-19T13:15:00.000000000,22156.133655,14256.417837,4509.42947
2022-02-19T13:30:00.000000000,22277.578407,14729.66664,1761.058696
2022-02-19T13:45:00.000000000,22169.680212,15017.342712,-1016.964583
2022-02-19T14:00:00.000000000,21812.604048,15148.177343,-3777.967705
2022-02-19T14:15:00.000000000,21193.471726,15154.918792,-6475.862423
2022-02-19T14:30:00.000000000,20306.911318,15072.937429,-9065.842619
2022-02-19T14:45:00.000000000,19155.340468,14938.757849,-11505.048116
2022-02-19T15:00:00.000000000,17748.977339,14788.569684,-13753.189977
2022-02-19T15:15:00.000000000,16105.58146,14656.768289,-15773.133521
2022-02-19T15:30:00.000000000,14249.935072,14574.5746,-17531.435838
2022-02-19T15:45:00.000000000,12213.083223,14568.780484,-18998.834802
2022-02-19T16:00:00.000000000,10031.358028,14660.661744,-20150.686574
2022-02-19T16:15:00.000000000,7745.218975,14865.095919,-20967.348248
2022-02-19T16:30:00.000000000,5397.946865,15189.915987,-21434.501865
2022-02-19T16:45:00.000000000,3034.233796,15635.524231,-21543.415434
2022-02-19T17:00:00.000000000,698.715594,16194.782894,-21291.135946
2022-02-19T17:15:00.000000000,-1565.504134,16853.189859,-20680.608837
2022-02-19T17:30:00.000000000,-3718.287535,17589.33858,-19720.717911
2022-02-19T17:45:00.000000000,-5723.802516,18375.651982,-18426.239608
2022-02-19T18:00:00.000000000,-7551.719553,19179.370245,-16817.705678
2022-02-19T18:15:00.000000000,-9178.218592,19963.762516,-14921.169012
2022-02-19T18:30:00.000000000,-10586.764213,20689.523033,-12767.868579
2022-02-19T18:45:00.000000000,-11768.61408,21316.303295,-10393.791246
2022-02-19T19:00:00.000000000,-12723.034379,21804.324246,-7839.13065
2022-02-19T19:15:00.000000000,-13457.20643,22116.006445,-5147.646317
2022-02-19T19:30:00.000000000,-13985.820677,22217.552494,-2365.929697
2022-02-19T19:45:00.000000000,-14330.367314,22080.414947,457.412435
2022-02-19T20:00:00.000000000,-14518.146405,21682.584988,3272.642808
2022-02-19T20:15:00.000000000,-14581.033704,21009.642557,6029.828564
2022-02-19T20:30:00.000000000,-14554.050815,20055.51727,8679.804815
2022-02-19T20:45:00.000000000,-14473.798819,18822.921267,11175.142732
2022-02-19T21:00:00.000000000,-14376.822481,17323.429493,13471.0965
2022-02-19T21:15:00.000000000,-14297.976859,15577.199045,15526.503027
2022-02-19T21:30:00.000000000,-14268.86906,13612.336371,17304.609045
2022-02-19T21:45:00.000000000,-14316.44506,11463.93802,18773.802402
2022-02-19T22:00:00.000000000,-14461.784766,9172.846329,19908.227558
2022-02-19T22:15:00.000000000,-14719.158414,6784.174996,20688.269489
2022-02-19T22:30:00.000000000,-15095.384576,4345.66989,21100.895089
2022-02-19T22:45:00.000000000,-15589.515269,1905.977283,21139.846368
2022-02-19T23:00:00.000000000,-16192.857922,-487.105336,20805.68497
2022-02-19T23:15:00.000000000,-16889.328271,-2788.321823,20105.692428
2022-02-19T23:30:00.000000000,-17656.113388,-4956.523849,19053.634946
2022-02-19T23:45:00.000000000,-18464.610945,-6956.049696,17669.40503
2022-02-18T00:00:00.000000000,-18838.575079,-7806.994874,16932.851364
2022-02-18T00:15:00.000000000,-19646.981132,-9511.066238,15112.069528
2022-02-18T00:30:00.000000000,-20410.070567,-10988.721144,13030.856543
2022-02-18T00:45:00.000000000,-21089.247268,-12230.223181,10726.148581
2022-02-18T01:00:00.000000000,-21646.344308,-13234.124211,8238.335631
2022-02-18T01:15:00.000000000,-22045.13197,-14007.04647,5610.521613
2022-02-18T01:30:00.000000000,-22252.741862,-14563.168954,2887.767539
2022-02-18T01:45:00.000000000,-22240.956404,-14923.445269,116.331003
2022-02-18T02:00:00.000000000,-21987.319808,-15114.588433,-2657.086493
2022-02-18T02:15:00.000000000,-21476.034466,-15167.86475,-5386.074754
2022-02-18T02:30:00.000000000,-20698.615162,-15117.7437,-8025.224796
2022-02-18T02:45:00.000000000,-19654.282333,-15000.453828,-10530.807055
2022-02-18T03:00:00.000000000,-18350.084498,-14852.496216,-12861.412863
2022-02-18T03:15:00.000000000,-16800.748684,-14709.167052,-14978.555124
2022-02-18T03:30:00.000000000,-15028.266078,-14603.139527,-16847.224755
2022-02-18T03:45:00.000000000,-13061.228094,-14563.152714,-18436.399882
2022-02-18T04:00:00.000000000,-10933.93541,-14612.851416,-19719.504757
2022-02-18T04:15:00.000000000,-8685.309304,-14769.816302,-20674.815262
2022-02-18T04:30:00.000000000,-6357.640618,-15044.81798,-21285.807378
2022-02-18T04:45:00.000000000,-3995.216907,-15441.322201,-21541.444508
2022-02-18T05:00:00.000000000,-1642.872666,-15955.266016,-21436.398904
2022-02-18T05:15:00.000000000,655.489189,-16575.116628,-20971.201842
2022-02-18T05:30:00.000000000,2858.3543,-17282.215929,-20152.316718
2022-02-18T05:45:00.000000000,4927.981108,-18051.404362,-18992.128947
2022-02-18T06:00:00.000000000,6831.661945,-18851.908047,-17508.846616
2022-02-18T06:15:00.000000000,8542.812787,-19648.463218,-15726.3063
2022-02-18T06:30:00.000000000,10041.847635,-20402.64231,-13673.679441
2022-02-18T06:45:00.000000000,11316.799525,-21074.336817,-11385.076253
2022-02-18T07:00:00.000000000,12363.65809,-21623.343831,-8899.046296
2022-02-18T07:15:00.000000000,13186.403395,-22010.99646,-6257.977621
2022-02-18T07:30:00.000000000,13796.727186,-22201.77362,-3507.399699
2022-02-18T07:45:00.000000000,14213.44541,-22164.822482,-695.199013
2022-02-18T08:00:00.000000000,14461.619278,-21875.327673,2129.239871
2022-02-18T08:15:00.000000000,14571.415727,-21315.665294,4915.951133
2022-02-18T08:30:00.000000000,14576.751001,-20476.287205,7615.342257
2022-02-18T08:45:00.000000000,14513.772466,-19356.291553,10179.163179
2022-02-18T09:00:00.000000000,14419.242871,-17963.648913,12561.464928
2022-02-18T09:15:00.000000000,14328.897355,-16315.068932,14719.521645
2022-02-18T09:30:00.000000000,14275.846025,-14435.509213,16614.690161
2022-02-18T09:45:00.000000000,14289.093641,-12357.345301,18213.182945
2022-02-18T10:00:00.000000000,14392.242755,-10119.236963,19486.732947
2022-02-18T10:15:00.000000000,14602.437899,-7764.740495,20413.132765
2022-02-18T10:30:00.000000000,14929.596582,-5340.728556,20976.635129
2022-02-18T10:45:00.000000000,15375.958826,-2895.687372,21168.206903
2022-02-18T11:00:00.000000000,15935.971442,-477.965753,20985.633943
2022-02-18T11:15:00.000000000,16596.507486,1865.94913,20433.479358
2022-02-18T11:30:00.000000000,17337.405996,4093.057489,19522.90221
2022-02-18T11:45:00.000000000,18132.303216,6165.308992,18271.347663
2022-02-18T12:00:00.000000000,18949.714701,8050.845459,16702.122615
2022-02-18T12:15:00.000000000,19754.318355,9724.979898,14843.872946
2022-02-18T12:30:00.000000000,20508.382002,11170.880307,12729.979733
2022-02-18T12:45:00.000000000,21173.275427,12379.940017,10397.892124
2022-02-18T13:00:00.000000000,21711.005963,13351.829489,7888.414096
2022-02-18T13:15:00.000000000,22085.718366,14094.236885,5244.961377
2022-02-18T13:30:00.000000000,22265.103499,14622.316049,2512.803331
2022-02-18T13:45:00.000000000,22221.665993,14957.870323,-261.697154
2022-02-18T14:00:00.000000000,21933.80797,15128.308681,-3031.834524
2022-02-18T14:15:00.000000000,21386.69391,15165.417093,-5751.292775
2022-02-18T14:30:00.000000000,20572.87023,15103.99254,-8374.851419
2022-02-18T14:45:00.000000000,19492.622054,14980.390021,-10859.058966
2022-02-18T15:00:00.000000000,18154.058453,14831.034177,-13162.869088
2022-02-18T15:15:00.000000000,16572.926176,14690.946973,-15248.235463
2022-02-18T15:30:00.000000000,14772.16022,14592.34138,-17080.661964
2022-02-18T15:45:00.000000000,12781.187449,14563.328274,-18629.705179
2022-02-18T16:00:00.000000000,10635.006798,14626.779971,-19869.426256
2022-02-18T16:15:00.000000000,8373.076242,14799.388979,-20778.788847
2022-02-18T16:30:00.000000000,6038.042644,15090.95481,-21341.999501
2022-02-18T16:45:00.000000000,3674.355656,15503.925077,-21548.786307
2022-02-18T17:00:00.000000000,1326.811106,16033.209625,-21394.610936
2022-02-18T17:15:00.000000000,-960.927607,16666.278321,-20880.80868
2022-02-18T17:30:00.000000000,-3147.779626,17383.544202,-20014.650588
2022-02-18T17:45:00.000000000,-5196.61706,18159.024362,-18809.321598
2022-02-18T18:00:00.000000000,-7075.505521,18961.261141,-17283.808618
2022-02-18T18:15:00.000000000,-8758.767055,19754.47636,-15462.693092
2022-02-18T18:30:00.000000000,-10227.822122,20499.921613,-13375.843616
2022-02-18T18:45:00.000000000,-11471.773607,21157.378583,-11058.005831
2022-02-18T19:00:00.000000000,-12487.704014,21686.755258,-8548.289045
2022-02-18T19:15:00.000000000,-13280.667006,22049.717497,-5889.551942
2022-02-18T19:30:00.000000000,-13863.366122,22211.290938,-3127.693027
2022-02-18T19:45:00.000000000,-14255.526296,22141.3665,-310.855241
2022-02-18T20:00:00.000000000,-14482.97731,21816.043884,2511.441938
2022-02-18T20:15:00.000000000,-14576.481854,21218.751946,5289.225738
2022-02-18T20:30:00.000000000,-14570.353562,20341.092639,7973.02811
2022-02-18T20:45:00.000000000,-14500.921531,19183.366163,10514.855002
2022-02-18T21:00:00.000000000,-14404.906563,17754.748703,12869.141609
2022-02-18T21:15:00.000000000,-14317.780007,16073.109859,14993.66743
2022-02-18T21:30:00.000000000,-14272.178066,14164.473881,16850.405474
2022-02-18T21:45:00.000000000,-14296.442646,12062.145839,18406.281701
2022-02-18T22:00:00.000000000,-14413.354093,9805.540052,19633.823728
2022-02-18T22:15:00.000000000,-14639.111986,7438.762275,20511.681779
2022-02-18T22:30:00.000000000,-14982.607943,5009.008525,21025.009598
2022-02-18T22:45:00.000000000,-15445.020095,2564.851223,21165.69819
2022-02-18T23:00:00.000000000,-16019.743334,154.487403,20932.46049
2022-02-18T23:15:00.000000000,-16692.653582,-2175.976275,20330.770119
2022-02-18T23:30:00.000000000,-17442.689218,-4384.130695,19372.661887
2022-02-18T23:45:00.000000000,-18242.719129,-6432.699595,18076.405483
2022-02-19T00:00:00.000000000,-19060.655326,-8290.748748,16466.066741
2022-02-19T00:15:00.000000000,-19860.759162,-9934.626408,14570.972834
2022-02-19T00:30:00.000000000,-20605.08404,-11348.605257,12425.098829
2022-02-19T00:45:00.000000000,-21254.994318,-12525.209393,10066.393298
2022-02-19T01:00:00.000000000,-21772.699532,-13465.22308,7536.060078
2022-02-19T01:15:00.000000000,-22122.745082,-14177.390142,4877.812294
2022-02-19T01:30:00.000000000,-22273.404585,-14677.824091,2137.113228
2022-02-19T01:45:00.000000000,-22197.924892,-14989.158595,-639.583177
2022-02-19T02:00:00.000000000,-21875.581943,-15139.475771,-3405.581182
2022-02-19T02:15:00.000000000,-21292.513607,-15161.055906,-6114.672333
2022-02-19T02:30:00.000000000,-20442.304335,-15088.996562,-8721.837358
2022-02-19T02:45:00.000000000,-19326.305253,-14959.751647,-11183.914856
2022-02-19T03:00:00.000000000,-17953.682232,-14809.642149,-13460.232049
2022-02-19T03:15:00.000000000,-16341.193072,-14673.389855,-15513.193736
2022-02-19T03:30:00.000000000,-14512.70329,-14582.723689,-17308.826152
2022-02-19T03:45:00.000000000,-12498.457738,-14565.105432,-18817.272743
2022-02-19T04:00:00.000000000,-10334.13255,-14642.61765,-20013.238855
2022-02-19T04:15:00.000000000,-8059.698437,-14831.051675,-20876.382041
2022-02-19T04:30:00.000000000,-5718.132199,-15139.227631,-21391.6443
2022-02-19T04:45:00.000000000,-3354.018256,-15568.571761,-21549.521946
2022-02-19T05:00:00.000000000,-1012.086108,-16112.968732,-21346.268191
2022-02-19T05:15:00.000000000,1264.267398,-16758.898373,-20784.022955
2022-02-19T05:30:00.000000000,3434.420364,-17485.857301,-19870.863968
2022-02-19T05:45:00.000000000,5461.881524,-18267.056495,-18620.773031
2022-02-19T06:00:00.000000000,7315.509355,-19070.376056,-17053.511459
2022-02-19T06:15:00.000000000,8970.54739,-19859.548537,-15194.39932
2022-02-19T06:30:00.000000000,10409.433138,-20595.532595,-13073.994243
2022-02-19T06:45:00.000000000,11622.344567,-21238.02975,-10727.667272
2022-02-19T07:00:00.000000000,12607.456581,-21747.089158,-8195.075589
2022-02-19T07:15:00.000000000,13370.890153,-22084.739077,-5519.534869
2022-02-19T07:30:00.000000000,13926.348595,-22216.579661,-2747.29743
2022-02-19T07:45:00.000000000,14294.448441,-22113.270263,73.253882
2022-02-19T08:00:00.000000000,14501.765899,-21751.846078,2892.482208
2022-02-19T08:15:00.000000000,14579.63336,-21116.80388,5660.425945
2022-02-19T08:30:00.000000000,14562.732953,-20200.904828,8327.75973
2022-02-19T08:45:00.000000000,14487.545002,-19005.653725,10846.763352
2022-02-19T09:00:00.000000000,14390.717587,-17541.428127,13172.273096
2022-02-19T09:15:00.000000000,14307.428592,-15827.24669,15262.589347
2022-02-19T09:30:00.000000000,14269.813081,-13890.183179,17080.314975
2022-02-19T09:45:00.000000000,14305.526523,-11764.449566,18593.100894
2022-02-19T10:00:00.000000000,14436.50819,-9490.187605,19774.278325
2022-02-19T10:15:00.000000000,14677.99935,-7112.022112,20603.361348
2022-02-19T10:30:00.000000000,15037.858415,-4677.440121,21066.408128
2022-02-19T10:45:00.000000000,15516.200614,-2235.067364,21156.234417
2022-02-19T11:00:00.000000000,16105.374148,167.082917,20872.478114
2022-02-19T11:15:00.000000000,16790.268937,2483.314407,20221.518716
2022-02-19T11:30:00.000000000,17548.939162,4671.83514,19216.259852
2022-02-19T11:45:00.000000000,18353.507332,6696.165047,17875.786811
2022-02-19T12:00:00.000000000,19171.306463,8526.310856,16224.913766
2022-02-19T12:15:00.000000000,19966.208388,10139.667424,14293.637253
2022-02-19T12:30:00.000000000,20700.080498,11521.617521,12116.513403
2022-02-19T12:45:00.000000000,21334.310351,12665.815465,9731.976589
2022-02-19T13:00:00.000000000,21831.337437,13574.152984,7181.616486
2022-02-19T13:15:00.000000000,22156.133655,14256.417837,4509.42947
2022-02-19T13:30:00.000000000,22277.578407,14729.66664,1761.058696
2022-02-19T13:45:00.000000000,22169.680212,15017.342712,-1016.964583
2022-02-19T14:00:00.000000000,21812.604048,15148.177343,-3777.967705
2022-02-19T14:15:00.000000000,21193.471726,15154.918792,-6475.862423
2022-02-19T14:30:00.000000000,20306.911318,15072.937429,-9065.842619
2022-02-19T14:45:00.000000000,19155.340468,14938.757849,-11505.048116
2022-02-19T15:00:00.000000000,17748.977339,14788.569684,-13753.189977
2022-02-19T15:15:00.000000000,16105.58146,14656.768289,-15773.133521
2022-02-19T15:30:00.000000000,14249.935072,14574.5746,-17531.435838
2022-02-19T15:45:00.000000000,12213.083223,14568.780484,-18998.834802
2022-02-19T16:00:00.000000000,10031.358028,14660.661744,-20150.686574
2022-02-19T16:15:00.000000000,7745.218975,14865.095919,-20967.348248
2022-02-19T16:30:00.000000000,5397.946865,15189.915987,-21434.501865
2022-02-19T16:45:00.000000000,3034.233796,15635.524231,-21543.415434
2022-02-19T17:00:00.000000000,698.715594,16194.782894,-21291.135946
2022-02-19T17:15:00.000000000,-1565.504134,16853.189859,-20680.608837
2022-02-19T17:30:00.000000000,-3718.287535,17589.33858,-19720.717911
2022-02-19T17:45:00.000000000,-5723.802516,18375.651982,-18426.239608
2022-02-19T18:00:00.000000000,-7551.719553,19179.370245,-16817.705678
2022-02-19T18:15:00.000000000,-9178.218592,19963.762516,-14921.169012
2022-02-19T18:30:00.000000000,-10586.764213,20689.523033,-12767.868579
2022-02-19T18:45:00.000000000,-11768.61408,21316.303295,-10393.791246
2022-02-19T19:00:00.000000000,-12723.034379,21804.324246,-7839.13065
2022-02-19T19:15:00.000000000,-13457.20643,22116.006445,-5147.646317
2022-02-19T19:30:00.000000000,-13985.820677,22217.552494,-2365.929697
2022-02-19T19:45:00.000000000,-14330.367314,22080.414947,457.412435
2022-02-19T20:00:00.000000000,-14518.146405,21682.584988,3272.642808
2022-02-19T20:15:00.000000000,-14581.033704,21009.642557,6029.828564
2022-02-19T20:30:00.000000000,-14554.050815,20055.51727,8679.804815
2022-02-19T20:45:00.000000000,-14473.798819,18822.921267,11175.142732
2022-02-19T21:00:00.000000000,-14376.822481,17323.429493,13471.0965
2022-02-19T21:15:00.000000000,-14297.976859,15577.199045,15526.503027
2022-02-19T21:30:00.000000000,-14268.86906,13612.336371,17304.609045
2022-02-19T21:45:00.000000000,-14316.44506,11463.93802,18773.802402
2022-02-19T22:00:00.000000000,-14461.784766,9172.846329,19908.227558
2022-02-19T22:15:00.000000000,-14719.158414,6784.174996,20688.269489
2022-02-19T22:30:00.000000000,-15095.384576,4345.66989,21100.895089
2022-02-19T22:45:00.000000000,-15589.515269,1905.977283,21139.846368
2022-02-19T23:00:00.000000000,-16192.857922,-487.105336,20805.68497
2022-02-19T23:15:00.000000000,-16889.328271,-2788.321823,20105.692428
2022-02-19T23:30:00.000000000,-17656.113388,-4956.523849,19053.634946
2022-02-19T23:45:00.000000000,-18464.610945,-6956.049696,17669.40503
2022-02-18T00:00:00.000000000,-18838.575079,-7806.994874,16932.851364
2022-02-18T00:15:00.000000000,-19646.981132,-9511.066238,15112.069528
2022-02-18T00:30:00.000000000,-20410.070567,-10988.721144,13030.856543
2022-02-18T00:45:00.000000000,-21089.247268,-12230.223181,10726.148581
2022-02-18T01:00:00.000000000,-21646.344308,-13234.124211,8238.335631
2022-02-18T01:15:00.000000000,-22045.13197,-14007.04647,5610.521613
2022-02-18T01:30:00.000000000,-22252.741862,-14563.168954,2887.767539
2022-02-18T01:45:00.000000000,-22240.956404,-14923.445269,116.331003
2022-02-18T02:00:00.000000000,-21987.319808,-15114.588433,-2657.086493
2022-02-18T02:15:00.000000000,-21476.034466,-15167.86475,-5386.074754
2022-02-18T02:30:00.000000000,-20698.615162,-15117.7437,-8025.224796
2022-02-18T02:45:00.000000000,-19654.282333,-15000.453828,-10530.807055
2022-02-18T03:00:00.000000000,-18350.084498,-14852.496216,-12861.412863
2022-02-18T03:15:00.000000000,-16800.748684,-14709.167052,-14978.555124
2022-02-18T03:30:00.000000000,-15028.266078,-14603.139527,-16847.224755
2022-02-18T03:45:00.000000000,-13061.228094,-14563.152714,-18436.399882
2022-02-18T04:00:00.000000000,-10933.93541,-14612.851416,-19719.504757
2022-02-18T04:15:00.000000000,-8685.309304,-14769.816302,-20674.815262
2022-02-18T04:30:00.000000000,-6357.640618,-15044.81798,-21285.807378
2022-02-18T04:45:00.000000000,-3995.216907,-15441.322201,-21541.444508
2022-02-18T05:00:00.000000000,-1642.872666,-15955.266016,-21436.398904
2022-02-18T05:15:00.000000000,655.489189,-16575.116628,-20971.201842
2022-02-18T05:30:00.000000000,2858.3543,-17282.215929,-20152.316718
2022-02-18T05:45:00.000000000,4927.981108,-18051.404362,-18992.128947
2022-02-18T06:00:00.000000000,6831.661945,-18851.908047,-17508.846616
2022-02-18T06:15:00.000000000,8542.812787,-19648.463218,-15726.3063
2022-02-18T06:30:00.000000000,10041.847635,-20402.64231,-13673.679441
2022-02-18T06:45:00.000000000,11316.799525,-21074.336817,-11385.076253
2022-02-18T07:00:00.000000000,12363.65809,-21623.343831,-8899.046296
2022-02-18T07:15:00.000000000,13186.403395,-22010.99646,-6257.977621
2022-02-18T07:30:00.000000000,13796.727186,-22201.77362,-3507.399699
2022-02-18T07:45:00.000000000,14213.44541,-22164.822482,-695.199013
2022-02-18T08:00:00.000000000,14461.619278,-21875.327673,2129.239871
2022-02-18T08:15:00.000000000,14571.415727,-21315.665294,4915.951133
2022-02-18T08:30:00.000000000,14576.751001,-20476.287205,7615.342257
2022-02-18T08:45:00.000000000,14513.772466,-19356.291553,10179.163179
2022-02-18T09:00:00.000000000,14419.242871,-17963.648913,12561.464928
2022-02-18T09:15:00.000000000,14328.897355,-16315.068932,14719.521645
2022-02-18T09:30:00.000000000,14275.846025,-14435.509213,16614.690161
2022-02-18T09:45:00.000000000,14289.093641,-12357.345301,18213.182945
2022-02-18T10:00:00.000000000,14392.242755,-10119.236963,19486.732947
2022-02-18T10:15:00.000000000,14602.437899,-7764.740495,20413.132765
2022-02-18T10:30:00.000000000,14929.596582,-5340.728556,20976.635129
2022-02-18T10:45:00.000000000,15375.958826,-2895.687372,21168.206903
2022-02-18T11:00:00.000000000,15935.971442,-477.965753,20985.633943
2022-02-18T11:15:00.000000000,16596.507486,1865.94913,20433.479358
2022-02-18T11:30:00.000000000,17337.405996,4093.057489,19522.90221
2022-02-18T11:45:00.000000000,18132.303216,6165.308992,18271.347663
2022-02-18T12:00:00.000000000,18949.714701,8050.845459,16702.122615
2022-02-18T12:15:00.000000000,19754.318355,9724.979898,14843.872946
2022-02-18T12:30:00.000000000,20508.382002,11170.880307,12729.979733
2022-02-18T12:45:00.000000000,21173.275427,12379.940017,10397.892124
2022-02-18T13:00:00.000000000,21711.005963,13351.829489,7888.414096
2022-02-18T13:15:00.000000000,22085.718366,14094.236885,5244.961377
2022-02-18T13:30:00.000000000,22265.103499,14622.316049,2512.803331
2022-02-18T13:45:00.000000000,22221.665993,14957.870323,-261.697154
2022-02-18T14:00:00.000000000,21933.80797,15128.308681,-3031.834524
2022-02-18T14:15:00.000000000,21386.69391,15165.417093,-5751.292775
2022-02-18T14:30:00.000000000,20572.87023,15103.99254,-8374.851419
2022-02-18T14:45:00.000000000,19492.622054,14980.390021,-10859.058966
2022-02-18T15:00:00.000000000,18154.058453,14831.034177,-13162.869088
2022-02-18T15:15:00.000000000,16572.926176,14690.946973,-15248.235463
2022-02-18T15:30:00.000000000,14772.16022,14592.34138,-17080.661964
2022-02-18T15:45:00.000000000,12781.187449,14563.328274,-18629.705179
2022-02-18T16:00:00.000000000,10635.006798,14626.779971,-19869.426256
2022-02-18T16:15:00.000000000,8373.076242,14799.388979,-20778.788847
2022-02-18T16:30:00.000000000,6038.042644,15090.95481,-21341.999501
2022-02-18T16:45:00.000000000,3674.355656,15503.925077,-21548.786307
2022-02-18T17:00:00.000000000,1326.811106,16033.209625,-21394.610936
2022-02-18T17:15:00.000000000,-960.927607,16666.278321,-20880.80868
2022-02-18T17:30:00.000000000,-3147.779626,17383.544202,-20014.650588
2022-02-18T17:45:00.000000000,-5196.61706,18159.024362,-18809.321598
2022-02-18T18:00:00.000000000,-7075.505521,18961.261141,-17283.808618
2022-02-18T18:15:00.000000000,-8758.767055,19754.47636,-15462.693092
2022-02-18T18:30:00.000000000,-10227.822122,20499.921613,-13375.843616
2022-02-18T18:45:00.000000000,-11471.773607,21157.378583,-11058.005831
2022-02-18T19:00:00.000000000,-12487.704014,21686.755258,-8548.289045
2022-02-18T19:15:00.000000000,-13280.667006,22049.717497,-5889.551942
2022-02-18T19:30:00.000000000,-13863.366122,22211.290938,-3127.693027
2022-02-18T19:45:00.000000000,-14255.526296,22141.3665,-310.855241
2022-02-18T20:00:00.000000000,-14482.97731,21816.043884,2511.441938
2022-02-18T20:15:00.000000000,-14576.481854,21218.751946,5289.225738
2022-02-18T20:30:00.000000000,-14570.353562,20341.092639,7973.02811
2022-02-18T20:45:00.000000000,-14500.921531,19183.366163,10514.855002
2022-02-18T21:00:00.000000000,-14404.906563,17754.748703,12869.141609
2022-02-18T21:15:00.000000000,-14317.780007,16073.109859,14993.66743
2022-02-18T21:30:00.000000000,-14272.178066,14164.473881,16850.405474
2022-02-18T21:45:00.000000000,-14296.442646,12062.145839,18406.281701
2022-02-18T22:00:00.000000000,-14413.354093,9805.540052,19633.823728
2022-02-18T22:15:00.000000000,-14639.111986,7438.762275,20511.681779
2022-02-18T22:30:00.000000000,-14982.607943,5009.008525,21025.009598
2022-02-18T22:45:00.000000000,-15445.020095,2564.851223,21165.69819
2022-02-18T23:00:00.000000000,-16019.743334,154.487403,20932.46049
2022-02-18T23:15:00.000000000,-16692.653582,-2175.976275,20330.770119
2022-02-18T23:30:00.000000000,-17442.689218,-4384.130695,19372.661887
2022-02-18T23:45:00.000000000,-18242.719129,-6432.699595,18076.405483
2022-02-19T00:00:00.000000000,-19060.655326,-8290.748748,16466.066741
2022-02-19T00:15:00.000000000,-19860.759162,-9934.626408,14570.972834
2022-02-19T00:30:00.000000000,-20605.08404,-11348.605257,12425.098829
2022-02-19T00:45:00.000000000,-21254.994318,-12525.209393,10066.393298
2022-02-19T01:00:00.000000000,-21772.699532,-13465.22308,7536.060078
2022-02-19T01:15:00.000000000,-22122.745082,-14177.390142,4877.812294
2022-02-19T01:30:00.000000000,-22273.404585,-14677.824091,2137.113228
2022-02-19T01:45:00.000000000,-22197.924892,-14989.158595,-639.583177
2022-02-19T02:00:00.000000000,-21875.581943,-15139.475771,-3405.581182
2022-02-19T02:15:00.000000000,-21292.513607,-15161.055906,-6114.672333
2022-02-19T02:30:00.000000000,-20442.304335,-15088.996562,-8721.837358
2022-02-19T02:45:00.000000000,-19326.305253,-14959.751647,-11183.914856
2022-02-19T03:00:00.000000000,-17953.682232,-14809.642149,-13460.232049
2022-02-19T03:15:00.000000000,-16341.193072,-14673.389855,-15513.193736
2022-02-19T03:30:00.000000000,-14512.70329,-14582.723689,-17308.826152
2022-02-19T03:45:00.000000000,-12498.457738,-14565.105432,-18817.272743
2022-02-19T04:00:00.000000000,-10334.13255,-14642.61765,-20013.238855
2022-02-19T04:15:00.000000000,-8059.698437,-14831.051675,-20876.382041
2022-02-19T04:30:00.000000000,-5718.132199,-15139.227631,-21391.6443
2022-02-19T04:45:00.000000000,-3354.018256,-15568.571761,-21549.521946
2022-02-19T05:00:00.000000000,-1012.086108,-16112.968732,-21346.268191
2022-02-19T05:15:00.000000000,1264.267398,-16758.898373,-20784.022955
2022-02-19T05:30:00.000000000,3434.420364,-17485.857301,-19870.863968
2022-02-19T05:45:00.000000000,5461.881524,-18267.056495,-18620.773031
2022-02-19T06:00:00.000000000,7315.509355,-19070.376056,-17053.511459
2022-02-19T06:15:00.000000000,8970.54739,-19859.548537,-15194.39932
2022-02-19T06:30:00.000000000,10409.433138,-20595.532595,-13073.994243
2022-02-19T06:45:00.000000000,11622.344567,-21238.02975,-10727.667272
2022-02-19T07:00:00.000000000,12607.456581,-21747.089158,-8195.075589
2022-02-19T07:15:00.000000000,13370.890153,-22084.739077,-5519.534869
2022-02-19T07:30:00.000000000,13926.348595,-22216.579661,-2747.29743
2022-02-19T07:45:00.000000000,14294.448441,-22113.270263,73.253882
2022-02-19T08:00:00.000000000,14501.765899,-21751.846078,2892.482208
2022-02-19T08:15:00.000000000,14579.63336,-21116.80388,5660.425945
2022-02-19T08:30:00.000000000,14562.732953,-20200.904828,8327.75973
2022-02-19T08:45:00.000000000,14487.545002,-19005.653725,10846.763352
2022-02-19T09:00:00.000000000,14390.717587,-17541.428127,13172.273096
2022-02-19T09:15:00.000000000,14307.428592,-15827.24669,15262.589347
2022-02-19T09:30:00.000000000,14269.813081,-13890.183179,17080.314975
2022-02-19T09:45:00.000000000,14305.526523,-11764.449566,18593.100894
2022-02-19T10:00:00.000000000,14436.50819,-9490.187605,19774.278325
2022-02-19T10:15:00.000000000,14677.99935,-7112.022112,20603.361348
2022-02-19T10:30:00.000000000,15037.858415,-4677.440121,21066.408128
2022-02-19T10:45:00.000000000,15516.200614,-2235.067364,21156.234417
2022-02-19T11:00:00.000000000,16105.374148,167.082917,20872.478114
2022-02-19T11:15:00.000000000,16790.268937,2483.314407,20221.518716
2022-02-19T11:30:00.000000000,17548.939162,4671.83514,19216.259852
2022-02-19T11:45:00.000000000,18353.507332,6696.165047,17875.786811
2022-02-19T12:00:00.000000000,19171.306463,8526.310856,16224.913766
2022-02-19T12:15:00.000000000,19966.208388,10139.667424,14293.637253
2022-02-19T12:30:00.000000000,20700.080498,11521.617521,12116.513403
2022-02-19T12:45:00.000000000,21334.310351,12665.815465,9731.976589
2022-02-19T13:00:00.000000000,21831.337437,13574.152984,7181.616486
2022-02-19T13:15:00.000000000,22156.133655,14256.417837,4509.42947
2022-02-19T13:30:00.000000000,22277.578407,14729.66664,1761.058696
2022-02-19T13:45:00.000000000,22169.680212,15017.342712,-1016.964583
2022-02-19T14:00:00.000000000,21812.604048,15148.177343,-3777.967705
2022-02-19T14:15:00.000000000,21193.471726,15154.918792,-6475.862423
2022-02-19T14:30:00.000000000,20306.911318,15072.937429,-9065.842619
2022-02-19T14:45:00.000000000,19155.340468,14938.757849,-11505.048116
2022-02-19T15:00:00.000000000,17748.977339,14788.569684,-13753.189977
2022-02-19T15:15:00.000000000,16105.58146,14656.768289,-15773.133521
2022-02-19T15:30:00.000000000,14249.935072,14574.5746,-17531.435838
2022-02-19T15:45:00.000000000,12213.083223,14568.780484,-18998.834802
2022-02-19T16:00:00.000000000,10031.358028,14660.661744,-20150.686574
2022-02-19T16:15:00.000000000,7745.218975,14865.095919,-20967.348248
2022-02-19T16:30:00.000000000,5397.946865,15189.915987,-21434.501865
2022-02-19T16:45:00.000000000,3034.233796,15635.524231,-21543.415434
2022-02-19T17:00:00.000000000,698.715594,16194.782894,-21291.135946
2022-02-19T17:15:00.000000000,-1565.504134,16853.189859,-20680.608837
2022-02-19T17:30:00.000000000,-3718.287535,17589.33858,-19720.717911
2022-02-19T17:45:00.000000000,-5723.802516,18375.651982,-18426.239608
2022-02-19T18:00:00.000000000,-7551.719553,19179.370245,-16817.705678
2022-02-19T18:15:00.000000000,-9178.218592,19963.762516,-14921.169012
2022-02-19T18:30:00.000000000,-10586.764213,20689.523033,-12767.868579
2022-02-19T18:45:00.000000000,-11768.61408,21316.303295,-10393.791246
2022-02-19T19:00:00.000000000,-12723.034379,21804.324246,-7839.13065
2022-02-19T19:15:00.000000000,-13457.20643,22116.006445,-5147.646317
2022-02-19T19:30:00.000000000,-13985.820677,22217.552494,-2365.929697
2022-02-19T19:45:00.000000000,-14330.367314,22080.414947,457.412435
2022-02-19T20:00:00.000000000,-14518.146405,21682.584988,3272.642808
2022-02-19T20:15:00.000000000,-14581.033704,21009.642557,6029.828564
2022-02-19T20:30:00.000000000,-14554.050815,20055.51727,8679.804815
2022-02-19T20:45:00.000000000,-14473.798819,18822.921267,11175.142732
2022-02-19T21:00:00.000000000,-14376.822481,17323.429493,13471.0965
2022-02-19T21:15:00.000000000,-14297.976859,15577.199045,15526.503027
2022-02-19T21:30:00.000000000,-14268.86906,13612.336371,17304.609045
2022-02-19T21:45:00.000000000,-14316.44506,11463.93802,18773.802402
2022-02-19T22:00:00.000000000,-14461.784766,9172.846329,19908.227558
2022-02-19T22:15:00.000000000,-14719.158414,6784.174996,20688.269489
2022-02-19T22:30:00.000000000,-15095.384576,4345.66989,21100.895089
2022-02-19T22:45:00.000000000,-15589.515269,1905.977283,21139.846368
2022-02-19T23:00:00.000000000,-16192.857922,-487.105336,20805.68497
2022-02-19T23:15:00.000000000,-16889.328271,-2788.321823,20105.692428
2022-02-19T23:30:00.000000000,-17656.113388,-4956.523849,19053.634946
2022-02-19T23:45:00.000000000,-18464.610945,-6956.049696,17669.40503
