2022-02-19T00:00:00.000000000,-18889.406076,14792.522577,10796.307085
2022-02-19T00:15:00.000000000,-18353.977438,13452.560798,13176.271109
2022-02-19T00:30:00.000000000,-17764.515605,11857.695273,15322.566418
2022-02-19T00:45:00.000000000,-17161.034875,10024.691402,17196.859438
2022-02-19T01:00:00.000000000,-16581.166129,7978.784597,18765.73885
2022-02-19T01:15:00.000000000,-16058.574228,5752.87658,20001.372726
2022-02-19T01:30:00.000000000,-15621.5525,3386.416913,20882.046078
2022-02-19T01:45:00.000000000,-15291.855326,924.017519,21392.565338
2022-02-19T02:00:00.000000000,-15083.818506,-1586.139934,21524.520754
2022-02-19T02:15:00.000000000,-15003.803416,-4094.034936,21276.402403
2022-02-19T02:30:00.000000000,-15049.98567,-6549.603161,20653.570296
2022-02-19T02:45:00.000000000,-15212.493065,-8904.519817,19668.083489
2022-02-19T03:00:00.000000000,-15473.881904,-11113.897745,18338.397161
2022-02-19T03:15:00.000000000,-15809.926162,-13137.83226,16688.939915
2022-02-19T03:30:00.000000000,-16190.681159,-14942.733194,14749.586175
2022-02-19T03:45:00.000000000,-16581.772936,-16502.395482,12555.040239
2022-02-19T04:00:00.000000000,-16945.856736,-17798.771985,10144.149492
2022-02-19T04:15:00.000000000,-17244.183051,-18822.42553,7559.164483
2022-02-19T04:30:00.000000000,-17438.20762,-19572.650653,4844.963005
2022-02-19T04:45:00.000000000,-17491.182346,-20057.268559,2048.254356
2022-02-19T05:00:00.000000000,-17369.66708,-20292.110953,-783.22146
2022-02-19T05:15:00.000000000,-17044.907317,-20300.219231,-3601.486507
2022-02-19T05:30:00.000000000,-16494.029511,-20110.79475,-6359.09835
2022-02-19T05:45:00.000000000,-15701.013772,-19757.943348,-9009.894533
2022-02-19T06:00:00.000000000,-14657.412548,-19279.262964,-11509.700206
2022-02-19T06:15:00.000000000,-13362.793292,-18714.327021,-13816.992414
2022-02-19T06:30:00.000000000,-11824.892781,-18103.118275,-15893.515765
2022-02-19T06:45:00.000000000,-10059.480314,-17484.468278,-17704.845181
2022-02-19T07:00:00.000000000,-8089.936318,-16894.556385,-19220.892036
2022-02-19T07:15:00.000000000,-5946.561849,-16365.519695,-20416.350415
2022-02-19T07:30:00.000000000,-3665.64272,-15924.221391,-21271.080323
2022-02-19T07:45:00.000000000,-1288.299578,-15591.219857,-21770.42465
2022-02-19T08:00:00.000000000,1140.837907,-15379.974708,-21905.456455
2022-02-19T08:15:00.000000000,3575.088859,-15296.318713,-21673.152853
2022-02-19T08:30:00.000000000,5967.262332,-15338.216384,-21076.49152
2022-02-19T08:45:00.000000000,8271.229523,-15495.821135,-20124.465599
2022-02-19T09:00:00.000000000,10443.472697,-15751.833255,-18832.012784
2022-02-19T09:15:00.000000000,12444.555741,-16082.15084,-17219.85459
2022-02-19T09:30:00.000000000,14240.46231,-16456.795442,-15314.242392
2022-02-19T09:45:00.000000000,15803.750357,-16841.083737,-13146.607814
2022-02-19T10:00:00.000000000,17114.476646,-17197.006506,-10753.116511
2022-02-19T10:15:00.000000000,18160.851605,-17484.766852,-8174.126323
2022-02-19T10:30:00.000000000,18939.593621,-17664.421516,-5453.55321
2022-02-19T10:45:00.000000000,19455.962511,-17697.562696,-2638.151153
2022-02-19T11:00:00.000000000,19723.463952,-17548.973629,223.284611
2022-02-19T11:15:00.000000000,19763.230038,-17188.189592,3080.778444
2022-02-19T11:30:00.000000000,19603.094971,-16590.897429,5884.083436
2022-02-19T11:45:00.000000000,19276.398742,-15740.111352,8583.619994
2022-02-19T12:00:00.000000000,18820.564665,-14627.07067,11131.422704
2022-02-19T12:15:00.000000000,18275.508011,-13251.815984,13482.072449
2022-02-19T12:30:00.000000000,17681.942001,-11623.413985,15593.589952
2022-02-19T12:45:00.000000000,17079.653394,-9759.816473,17428.267082
2022-02-19T13:00:00.000000000,16505.822383,-7687.355872,18953.413517
2022-02-19T13:15:00.000000000,15993.460171,-5439.896445,20141.998625
2022-02-19T13:30:00.000000000,15570.032489,-3057.676423,20973.171677
2022-02-19T13:45:00.000000000,15256.328688,-585.89059,21432.647515
2022-02-19T14:00:00.000000000,15065.624353,1926.925348,21512.949243
2022-02-19T14:15:00.000000000,15003.171459,4430.638847,21213.504335
2022-02-19T14:30:00.000000000,15066.034619,6875.318431,20540.595223
2022-02-19T14:45:00.000000000,15243.276042,9213.009712,19507.16988
2022-02-19T15:00:00.000000000,15516.476234,11399.416499,18132.521836
2022-02-19T15:15:00.000000000,15860.563018,13395.419997,16441.852295
2022-02-19T15:30:00.000000000,16244.909001,15168.3779,14465.729498
2022-02-19T15:45:00.000000000,16634.647425,16693.156301,12239.462081
2022-02-19T16:00:00.000000000,16992.148965,17952.859934,9802.404001
2022-02-19T16:15:00.000000000,17278.597503,18939.239513,7197.208681
2022-02-19T16:30:00.000000000,17455.601164,19652.768497,4469.049469
2022-02-19T16:45:00.000000000,17486.77587,20102.394524,1664.822347
2022-02-19T17:00:00.000000000,17339.24194,20304.982706,-1167.654501
2022-02-19T17:15:00.000000000,16984.979592,20284.478651,-3980.43145
2022-02-19T17:30:00.000000000,16401.996105,20070.828057,-6726.197431
2022-02-19T17:45:00.000000000,15575.265557,19698.696914,-9359.019795
2022-02-19T18:00:00.000000000,14497.411012,19206.041817,-11835.046367
2022-02-19T18:15:00.000000000,13169.108449,18632.583394,-14113.163368
2022-02-19T18:30:00.000000000,11599.201434,18018.237737,-16155.604103
2022-02-19T18:45:00.000000000,9804.52502,17401.560881,-17928.504185
2022-02-19T19:00:00.000000000,7809.446685,16818.260003,-19402.39972
2022-02-19T19:15:00.000000000,5645.140907,16299.82226,-20552.665166
2022-02-19T19:30:00.000000000,3348.622223,15872.308107,-21359.887746
2022-02-19T19:45:00.000000000,961.56905,15555.350685,-21810.175157
2022-02-19T20:00:00.000000000,-1471.022739,15361.396502,-21895.393131
2022-02-19T20:15:00.000000000,-3902.311862,15295.215312,-21613.329072
2022-02-19T20:30:00.000000000,-6285.160081,15353.698809,-20967.777761
2022-02-19T20:45:00.000000000,-8573.704446,15525.958775,-19968.54488
2022-02-19T21:00:00.000000000,-10724.898748,15793.72556,-18631.364165
2022-02-19T21:15:00.000000000,-12699.969192,16132.037665,-16977.724235
2022-02-19T21:30:00.000000000,-14465.730475,16510.202725,-15034.601798
2022-02-19T21:45:00.000000000,-15995.711637,16892.999859,-12834.098974
2022-02-19T22:00:00.000000000,-17271.046072,17242.083301,-10412.98402
2022-02-19T22:15:00.000000000,-18281.087114,17517.538096,-7812.136722
2022-02-19T22:30:00.000000000,-19023.719678,17679.530717,-5075.902235
2022-02-19T22:45:00.000000000,-19505.349193,17689.991308,-2251.359956
2022-02-19T23:00:00.000000000,-19740.561408,17514.260429,612.482776
2022-02-19T23:15:00.000000000,-19751.460076,17122.631972,3465.559086
2022-02-19T23:30:00.000000000,-19566.703432,16491.725785,6257.656892
2022-02-19T23:45:00.000000000,-19220.27416,15605.628646,8939.359937
2022-02-19T00:00:00.000000000,-18889.406076,14792.522577,10796.307085
2022-02-19T00:15:00.000000000,-18353.977438,13452.560798,13176.271109
2022-02-19T00:30:00.000000000,-17764.515605,11857.695273,15322.566418
2022-02-19T00:45:00.000000000,-17161.034875,10024.691402,17196.859438
2022-02-19T01:00:00.000000000,-16581.166129,7978.784597,18765.73885
2022-02-19T01:15:00.000000000,-16058.574228,5752.87658,20001.372726
2022-02-19T01:30:00.000000000,-15621.5525,3386.416913,20882.046078
2022-02-19T01:45:00.000000000,-15291.855326,924.017519,21392.565338
2022-02-19T02:00:00.000000000,-15083.818506,-1586.139934,21524.520754
2022-02-19T02:15:00.000000000,-15003.803416,-4094.034936,21276.402403
2022-02-19T02:30:00.000000000,-15049.98567,-6549.603161,20653.570296
2022-02-19T02:45:00.000000000,-15212.493065,-8904.519817,19668.083489
2022-02-19T03:00:00.000000000,-15473.881904,-11113.897745,18338.397161
2022-02-19T03:15:00.000000000,-15809.926162,-13137.83226,16688.939915
2022-02-19T03:30:00.000000000,-16190.681159,-14942.733194,14749.586175
2022-02-19T03:45:00.000000000,-16581.772936,-16502.395482,12555.040239
2022-02-19T04:00:00.000000000,-16945.856736,-17798.771985,10144.149492
2022-02-19T04:15:00.000000000,-17244.183051,-18822.42553,7559.164483
2022-02-19T04:30:00.000000000,-17438.20762,-19572.650653,4844.963005
2022-02-19T04:45:00.000000000,-17491.182346,-20057.268559,2048.254356
2022-02-19T05:00:00.000000000,-17369.66708,-20292.110953,-783.22146
2022-02-19T05:15:00.000000000,-17044.907317,-20300.219231,-3601.486507
2022-02-19T05:30:00.000000000,-16494.029511,-20110.79475,-6359.09835
2022-02-19T05:45:00.000000000,-15701.013772,-19757.943348,-9009.894533
2022-02-19T06:00:00.000000000,-14657.412548,-19279.262964,-11509.700206
2022-02-19T06:15:00.000000000,-13362.793292,-18714.327021,-13816.992414
2022-02-19T06:30:00.000000000,-11824.892781,-18103.118275,-15893.515765
2022-02-19T06:45:00.000000000,-10059.480314,-17484.468278,-17704.845181
2022-02-19T07:00:00.000000000,-8089.936318,-16894.556385,-19220.892036
2022-02-19T07:15:00.000000000,-5946.561849,-16365.519695,-20416.350415
2022-02-19T07:30:00.000000000,-3665.64272,-15924.221391,-21271.080323
2022-02-19T07:45:00.000000000,-1288.299578,-15591.219857,-21770.42465
2022-02-19T08:00:00.000000000,1140.837907,-15379.974708,-21905.456455
2022-02-19T08:15:00.000000000,3575.088859,-15296.318713,-21673.152853
2022-02-19T08:30:00.000000000,5967.262332,-15338.216384,-21076.49152
2022-02-19T08:45:00.000000000,8271.229523,-15495.821135,-20124.465599
2022-02-19T09:00:00.000000000,10443.472697,-15751.833255,-18832.012784
2022-02-19T09:15:00.000000000,12444.555741,-16082.15084,-17219.85459
2022-02-19T09:30:00.000000000,14240.46231,-16456.795442,-15314.242392
2022-02-19T09:45:00.000000000,15803.750357,-16841.083737,-13146.607814
2022-02-19T10:00:00.000000000,17114.476646,-17197.006506,-10753.116511
2022-02-19T10:15:00.000000000,18160.851605,-17484.766852,-8174.126323
2022-02-19T10:30:00.000000000,18939.593621,-17664.421516,-5453.55321
2022-02-19T10:45:00.000000000,19455.962511,-17697.562696,-2638.151153
2022-02-19T11:00:00.000000000,19723.463952,-17548.973629,223.284611
2022-02-19T11:15:00.000000000,19763.230038,-17188.189592,3080.778444
2022-02-19T11:30:00.000000000,19603.094971,-16590.897429,5884.083436
2022-02-19T11:45:00.000000000,19276.398742,-15740.111352,8583.619994
2022-02-19T12:00:00.000000000,18820.564665,-14627.07067,11131.422704
2022-02-19T12:15:00.000000000,18275.508011,-13251.815984,13482.072449
2022-02-19T12:30:00.000000000,17681.942001,-11623.413985,15593.589952
2022-02-19T12:45:00.000000000,17079.653394,-9759.816473,17428.267082
2022-02-19T13:00:00.000000000,16505.822383,-7687.355872,18953.413517
2022-02-19T13:15:00.000000000,15993.460171,-5439.896445,20141.998625
2022-02-19T13:30:00.000000000,15570.032489,-3057.676423,20973.171677
2022-02-19T13:45:00.000000000,15256.328688,-585.89059,21432.647515
2022-02-19T14:00:00.000000000,15065.624353,1926.925348,21512.949243
2022-02-19T14:15:00.000000000,15003.171459,4430.638847,21213.504335
2022-02-19T14:30:00.000000000,15066.034619,6875.318431,20540.595223
2022-02-19T14:45:00.000000000,15243.276042,9213.009712,19507.16988
2022-02-19T15:00:00.000000000,15516.476234,11399.416499,18132.521836
2022-02-19T15:15:00.000000000,15860.563018,13395.419997,16441.852295
2022-02-19T15:30:00.000000000,16244.909001,15168.3779,14465.729498
2022-02-19T15:45:00.000000000,16634.647425,16693.156301,12239.462081
2022-02-19T16:00:00.000000000,16992.148965,17952.859934,9802.404001
2022-02-19T16:15:00.000000000,17278.597503,18939.239513,7197.208681
2022-02-19T16:30:00.000000000,17455.601164,19652.768497,4469.049469
2022-02-19T16:45:00.000000000,17486.77587,20102.394524,1664.822347
2022-02-19T17:00:00.000000000,17339.24194,20304.982706,-1167.654501
2022-02-19T17:15:00.000000000,16984.979592,20284.478651,-3980.43145
2022-02-19T17:30:00.000000000,16401.996105,20070.828057,-6726.197431
2022-02-19T17:45:00.000000000,15575.265557,19698.696914,-9359.019795
2022-02-19T18:00:00.000000000,14497.411012,19206.041817,-11835.046367
2022-02-19T18:15:00.000000000,13169.108449,18632.583394,-14113.163368
2022-02-19T18:30:00.000000000,11599.201434,18018.237737,-16155.604103
2022-02-19T18:45:00.000000000,9804.52502,17401.560881,-17928.504185
2022-02-19T19:00:00.000000000,7809.446685,16818.260003,-19402.39972
2022-02-19T19:15:00.000000000,5645.140907,16299.82226,-20552.665166
2022-02-19T19:30:00.000000000,3348.622223,15872.308107,-21359.887746
2022-02-19T19:45:00.000000000,961.56905,15555.350685,-21810.175157
2022-02-19T20:00:00.000000000,-1471.022739,15361.396502,-21895.393131
2022-02-19T20:15:00.000000000,-3902.311862,15295.215312,-21613.329072
2022-02-19T20:30:00.000000000,-6285.160081,15353.698809,-20967.777761
2022-02-19T20:45:00.000000000,-8573.704446,15525.958775,-19968.54488
2022-02-19T21:00:00.000000000,-10724.898748,15793.72556,-18631.364165
2022-02-19T21:15:00.000000000,-12699.969192,16132.037665,-16977.724235
2022-02-19T21:30:00.000000000,-14465.730475,16510.202725,-15034.601798
2022-02-19T21:45:00.000000000,-15995.711637,16892.999859,-12834.098974
2022-02-19T22:00:00.000000000,-17271.046072,17242.083301,-10412.98402
2022-02-19T22:15:00.000000000,-18281.087114,17517.538096,-7812.136722
2022-02-19T22:30:00.000000000,-19023.719678,17679.530717,-5075.902235
2022-02-19T22:45:00.000000000,-19505.349193,17689.991308,-2251.359956
2022-02-19T23:00:00.000000000,-19740.561408,17514.260429,612.482776
2022-02-19T23:15:00.000000000,-19751.460076,17122.631972,3465.559086
2022-02-19T23:30:00.000000000,-19566.703432,16491.725785,6257.656892
2022-02-19T23:45:00.000000000,-19220.27416,15605.628646,8939.359937
2022-02-19T00:00:00.000000000,-18889.406076,14792.522577,10796.307085
2022-02-19T00:15:00.000000000,-18353.977438,13452.560798,13176.271109
2022-02-19T00:30:00.000000000,-17764.515605,11857.695273,15322.566418
2022-02-19T00:45:00.000000000,-17161.034875,10024.691402,17196.859438
2022-02-19T01:00:00.000000000,-16581.166129,7978.784597,18765.73885
2022-02-19T01:15:00.000000000,-16058.574228,5752.87658,20001.372726
2022-02-19T01:30:00.000000000,-15621.5525,3386.416913,20882.046078
2022-02-19T01:45:00.000000000,-15291.855326,924.017519,21392.565338
2022-02-19T02:00:00.000000000,-15083.818506,-1586.139934,21524.520754
2022-02-19T02:15:00.000000000,-15003.803416,-4094.034936,21276.402403
2022-02-19T02:30:00.000000000,-15049.98567,-6549.603161,20653.570296
2022-02-19T02:45:00.000000000,-15212.493065,-8904.519817,19668.083489
2022-02-19T03:00:00.000000000,-15473.881904,-11113.897745,18338.397161
2022-02-19T03:15:00.000000000,-15809.926162,-13137.83226,16688.939915
2022-02-19T03:30:00.000000000,-16190.681159,-14942.733194,14749.586175
2022-02-19T03:45:00.000000000,-16581.772936,-16502.395482,12555.040239
2022-02-19T04:00:00.000000000,-16945.856736,-17798.771985,10144.149492
2022-02-19T04:15:00.000000000,-17244.183051,-18822.42553,7559.164483
2022-02-19T04:30:00.000000000,-17438.20762,-19572.650653,4844.963005
2022-02-19T04:45:00.000000000,-17491.182346,-20057.268559,2048.254356
2022-02-19T05:00:00.000000000,-17369.66708,-20292.110953,-783.22146
2022-02-19T05:15:00.000000000,-17044.907317,-20300.219231,-3601.486507
2022-02-19T05:30:00.000000000,-16494.029511,-20110.79475,-6359.09835
2022-02-19T05:45:00.000000000,-15701.013772,-19757.943348,-9009.894533
2022-02-19T06:00:00.000000000,-14657.412548,-19279.262964,-11509.700206
2022-02-19T06:15:00.000000000,-13362.793292,-18714.327021,-13816.992414
2022-02-19T06:30:00.000000000,-11824.892781,-18103.118275,-15893.515765
2022-02-19T06:45:00.000000000,-10059.480314,-17484.468278,-17704.845181
2022-02-19T07:00:00.000000000,-8089.936318,-16894.556385,-19220.892036
2022-02-19T07:15:00.000000000,-5946.561849,-16365.519695,-20416.350415
2022-02-19T07:30:00.000000000,-3665.64272,-15924.221391,-21271.080323
2022-02-19T07:45:00.000000000,-1288.299578,-15591.219857,-21770.42465
2022-02-19T08:00:00.000000000,1140.837907,-15379.974708,-21905.456455
2022-02-19T08:15:00.000000000,3575.088859,-15296.318713,-21673.152853
2022-02-19T08:30:00.000000000,5967.262332,-15338.216384,-21076.49152
2022-02-19T08:45:00.000000000,8271.229523,-15495.821135,-20124.465599
2022-02-19T09:00:00.000000000,10443.472697,-15751.833255,-18832.012784
2022-02-19T09:15:00.000000000,12444.555741,-16082.15084,-17219.85459
2022-02-19T09:30:00.000000000,14240.46231,-16456.795442,-15314.242392
2022-02-19T09:45:00.000000000,15803.750357,-16841.083737,-13146.607814
2022-02-19T10:00:00.000000000,17114.476646,-17197.006506,-10753.116511
2022-02-19T10:15:00.000000000,18160.851605,-17484.766852,-8174.126323
2022-02-19T10:30:00.000000000,18939.593621,-17664.421516,-5453.55321
2022-02-19T10:45:00.000000000,19455.962511,-17697.562696,-2638.151153
2022-02-19T11:00:00.000000000,19723.463952,-17548.973629,223.284611
2022-02-19T11:15:00.000000000,19763.230038,-17188.189592,3080.778444
2022-02-19T11:30:00.000000000,19603.094971,-16590.897429,5884.083436
2022-02-19T11:45:00.000000000,19276.398742,-15740.111352,8583.619994
2022-02-19T12:00:00.000000000,18820.564665,-14627.07067,11131.422704
2022-02-19T12:15:00.000000000,18275.508011,-13251.815984,13482.072449
2022-02-19T12:30:00.000000000,17681.942001,-11623.413985,15593.589952
2022-02-19T12:45:00.000000000,17079.653394,-9759.816473,17428.267082
2022-02-19T13:00:00.000000000,16505.822383,-7687.355872,18953.413517
2022-02-19T13:15:00.000000000,15993.460171,-5439.896445,20141.998625
2022-02-19T13:30:00.000000000,15570.032489,-3057.676423,20973.171677
2022-02-19T13:45:00.000000000,15256.328688,-585.89059,21432.647515
2022-02-19T14:00:00.000000000,15065.624353,1926.925348,21512.949243
2022-02-19T14:15:00.000000000,15003.171459,4430.638847,21213.504335
2022-02-19T14:30:00.000000000,15066.034619,6875.318431,20540.595223
2022-02-19T14:45:00.000000000,15243.276042,9213.009712,19507.16988
2022-02-19T15:00:00.000000000,15516.476234,11399.416499,18132.521836
2022-02-19T15:15:00.000000000,15860.563018,13395.419997,16441.852295
2022-02-19T15:30:00.000000000,16244.909001,15168.3779,14465.729498
2022-02-19T15:45:00.000000000,16634.647425,16693.156301,12239.462081
2022-02-19T16:00:00.000000000,16992.148965,17952.859934,9802.404001
2022-02-19T16:15:00.000000000,17278.597503,18939.239513,7197.208681
2022-02-19T16:30:00.000000000,17455.601164,19652.768497,4469.049469
2022-02-19T16:45:00.000000000,17486.77587,20102.394524,1664.822347
2022-02-19T17:00:00.000000000,17339.24194,20304.982706,-1167.654501
2022-02-19T17:15:00.000000000,16984.979592,20284.478651,-3980.43145
2022-02-19T17:30:00.000000000,16401.996105,20070.828057,-6726.197431
2022-02-19T17:45:00.000000000,15575.265557,19698.696914,-9359.019795
2022-02-19T18:00:00.000000000,14497.411012,19206.041817,-11835.046367
2022-02-19T18:15:00.000000000,13169.108449,18632.583394,-14113.163368
2022-02-19T18:30:00.000000000,11599.201434,18018.237737,-16155.604103
2022-02-19T18:45:00.000000000,9804.52502,17401.560881,-17928.504185
2022-02-19T19:00:00.000000000,7809.446685,16818.260003,-19402.39972
2022-02-19T19:15:00.000000000,5645.140907,16299.82226,-20552.665166
2022-02-19T19:30:00.000000000,3348.622223,15872.308107,-21359.887746
2022-02-19T19:45:00.000000000,961.56905,15555.350685,-21810.175157
2022-02-19T20:00:00.000000000,-1471.022739,15361.396502,-21895.393131
2022-02-19T20:15:00.000000000,-3902.311862,15295.215312,-21613.329072
2022-02-19T20:30:00.000000000,-6285.160081,15353.698809,-20967.777761
2022-02-19T20:45:00.000000000,-8573.704446,15525.958775,-19968.54488
2022-02-19T21:00:00.000000000,-10724.898748,15793.72556,-18631.364165
2022-02-19T21:15:00.000000000,-12699.969192,16132.037665,-16977.724235
2022-02-19T21:30:00.000000000,-14465.730475,16510.202725,-15034.601798
2022-02-19T21:45:00.000000000,-15995.711637,16892.999859,-12834.098974
2022-02-19T22:00:00.000000000,-17271.046072,17242.083301,-10412.98402
2022-02-19T22:15:00.000000000,-18281.087114,17517.538096,-7812.136722
2022-02-19T22:30:00.000000000,-19023.719678,17679.530717,-5075.902235
2022-02-19T22:45:00.000000000,-19505.349193,17689.991308,-2251.359956
2022-02-19T23:00:00.000000000,-19740.561408,17514.260429,612.482776
2022-02-19T23:15:00.000000000,-19751.460076,17122.631972,3465.559086
2022-02-19T23:30:00.000000000,-19566.703432,16491.725785,6257.656892
2022-02-19T23:45:00.000000000,-19220.27416,15605.628646,8939.359937
2022-02-19T00:00:00.000000000,-18889.406076,14792.522577,10796.307085
2022-02-19T00:15:00.000000000,-18353.977438,13452.560798,13176.271109
2022-02-19T00:30:00.000000000,-17764.515605,11857.695273,15322.566418
2022-02-19T00:45:00.000000000,-17161.034875,10024.691402,17196.859438
2022-02-19T01:00:00.000000000,-16581.166129,7978.784597,18765.73885
2022-02-19T01:15:00.000000000,-16058.574228,5752.87658,20001.372726
2022-02-19T01:30:00.000000000,-15621.5525,3386.416913,20882.046078
2022-02-19T01:45:00.000000000,-15291.855326,924.017519,21392.565338
2022-02-19T02:00:00.000000000,-15083.818506,-1586.139934,21524.520754
2022-02-19T02:15:00.000000000,-15003.803416,-4094.034936,21276.402403
2022-02-19T02:30:00.000000000,-15049.98567,-6549.603161,20653.570296
2022-02-19T02:45:00.000000000,-15212.493065,-8904.519817,19668.083489
2022-02-19T03:00:00.000000000,-15473.881904,-11113.897745,18338.397161
2022-02-19T03:15:00.000000000,-15809.926162,-13137.83226,16688.939915
2022-02-19T03:30:00.000000000,-16190.681159,-14942.733194,14749.586175
2022-02-19T03:45:00.000000000,-16581.772936,-16502.395482,12555.040239
2022-02-19T04:00:00.000000000,-16945.856736,-17798.771985,10144.149492
2022-02-19T04:15:00.000000000,-17244.183051,-18822.42553,7559.164483
2022-02-19T04:30:00.000000000,-17438.20762,-19572.650653,4844.963005
2022-02-19T04:45:00.000000000,-17491.182346,-20057.268559,2048.254356
2022-02-19T05:00:00.000000000,-17369.66708,-20292.110953,-783.22146
2022-02-19T05:15:00.000000000,-17044.907317,-20300.219231,-3601.486507
2022-02-19T05:30:00.000000000,-16494.029511,-20110.79475,-6359.09835
2022-02-19T05:45:00.000000000,-15701.013772,-19757.943348,-9009.894533
2022-02-19T06:00:00.000000000,-14657.412548,-19279.262964,-11509.700206
2022-02-19T06:15:00.000000000,-13362.793292,-18714.327021,-13816.992414
2022-02-19T06:30:00.000000000,-11824.892781,-18103.118275,-15893.515765
2022-02-19T06:45:00.000000000,-10059.480314,-17484.468278,-17704.845181
2022-02-19T07:00:00.000000000,-8089.936318,-16894.556385,-19220.892036
2022-02-19T07:15:00.000000000,-5946.561849,-16365.519695,-20416.350415
2022-02-19T07:30:00.000000000,-3665.64272,-15924.221391,-21271.080323
2022-02-19T07:45:00.000000000,-1288.299578,-15591.219857,-21770.42465
2022-02-19T08:00:00.000000000,1140.837907,-15379.974708,-21905.456455
2022-02-19T08:15:00.000000000,3575.088859,-15296.318713,-21673.152853
2022-02-19T08:30:00.000000000,5967.262332,-15338.216384,-21076.49152
2022-02-19T08:45:00.000000000,8271.229523,-15495.821135,-20124.465599
2022-02-19T09:00:00.000000000,10443.472697,-15751.833255,-18832.012784
2022-02-19T09:15:00.000000000,12444.555741,-16082.15084,-17219.85459
2022-02-19T09:30:00.000000000,14240.46231,-16456.795442,-15314.242392
2022-02-19T09:45:00.000000000,15803.750357,-16841.083737,-13146.607814
2022-02-19T10:00:00.000000000,17114.476646,-17197.006506,-10753.116511
2022-02-19T10:15:00.000000000,18160.851605,-17484.766852,-8174.126323
2022-02-19T10:30:00.000000000,18939.593621,-17664.421516,-5453.55321
2022-02-19T10:45:00.000000000,19455.962511,-17697.562696,-2638.151153
2022-02-19T11:00:00.000000000,19723.463952,-17548.973629,223.284611
2022-02-19T11:15:00.000000000,19763.230038,-17188.189592,3080.778444
2022-02-19T11:30:00.000000000,19603.094971,-16590.897429,5884.083436
2022-02-19T11:45:00.000000000,19276.398742,-15740.111352,8583.619994
2022-02-19T12:00:00.000000000,18820.564665,-14627.07067,11131.422704
2022-02-19T12:15:00.000000000,18275.508011,-13251.815984,13482.072449
2022-02-19T12:30:00.000000000,17681.942001,-11623.413985,15593.589952
2022-02-19T12:45:00.000000000,17079.653394,-9759.816473,17428.267082
2022-02-19T13:00:00.000000000,16505.822383,-7687.355872,18953.413517
2022-02-19T13:15:00.000000000,15993.460171,-5439.896445,20141.998625
2022-02-19T13:30:00.000000000,15570.032489,-3057.676423,20973.171677
2022-02-19T13:45:00.000000000,15256.328688,-585.89059,21432.647515
2022-02-19T14:00:00.000000000,15065.624353,1926.925348,21512.949243
2022-02-19T14:15:00.000000000,15003.171459,4430.638847,21213.504335
2022-02-19T14:30:00.000000000,15066.034619,6875.318431,20540.595223
2022-02-19T14:45:00.000000000,15243.276042,9213.009712,19507.16988
2022-02-19T15:00:00.000000000,15516.476234,11399.416499,18132.521836
2022-02-19T15:15:00.000000000,15860.563018,13395.419997,16441.852295
2022-02-19T15:30:00.000000000,16244.909001,15168.3779,14465.729498
2022-02-19T15:45:00.000000000,16634.647425,16693.156301,12239.462081
2022-02-19T16:00:00.000000000,16992.148965,17952.859934,9802.404001
2022-02-19T16:15:00.000000000,17278.597503,18939.239513,7197.208681
2022-02-19T16:30:00.000000000,17455.601164,19652.768497,4469.049469
2022-02-19T16:45:00.000000000,17486.77587,20102.394524,1664.822347
2022-02-19T17:00:00.000000000,17339.24194,20304.982706,-1167.654501
2022-02-19T17:15:00.000000000,16984.979592,20284.478651,-3980.43145
2022-02-19T17:30:00.000000000,16401.996105,20070.828057,-6726.197431
2022-02-19T17:45:00.000000000,15575.265557,19698.696914,-9359.019795
2022-02-19T18:00:00.000000000,14497.411012,19206.041817,-11835.046367
2022-02-19T18:15:00.000000000,13169.108449,18632.583394,-14113.163368
2022-02-19T18:30:00.000000000,11599.201434,18018.237737,-16155.604103
2022-02-19T18:45:00.000000000,9804.52502,17401.560881,-17928.504185
2022-02-19T19:00:00.000000000,7809.446685,16818.260003,-19402.39972
2022-02-19T19:15:00.000000000,5645.140907,16299.82226,-20552.665166
2022-02-19T19:30:00.000000000,3348.622223,15872.308107,-21359.887746
2022-02-19T19:45:00.000000000,961.56905,15555.350685,-21810.175157
2022-02-19T20:00:00.000000000,-1471.022739,15361.396502,-21895.393131
2022-02-19T20:15:00.000000000,-3902.311862,15295.215312,-21613.329072
2022-02-19T20:30:00.000000000,-6285.160081,15353.698809,-20967.777761
2022-02-19T20:45:00.000000000,-8573.704446,15525.958775,-19968.54488
2022-02-19T21:00:00.000000000,-10724.898748,15793.72556,-18631.364165
2022-02-19T21:15:00.000000000,-12699.969192,16132.037665,-16977.724235
2022-02-19T21:30:00.000000000,-14465.730475,16510.202725,-15034.601798
2022-02-19T21:45:00.000000000,-15995.711637,16892.999859,-12834.098974
2022-02-19T22:00:00.000000000,-17271.046072,17242.083301,-10412.98402
2022-02-19T22:15:00.000000000,-18281.087114,17517.538096,-7812.136722
2022-02-19T22:30:00.000000000,-19023.719678,17679.530717,-5075.902235
2022-02-19T22:45:00.000000000,-19505.349193,17689.991308,-2251.359956
2022-02-19T23:00:00.000000000,-19740.561408,17514.260429,612.482776
2022-02-19T23:15:00.000000000,-19751.460076,17122.631972,3465.559086
2022-02-19T23:30:00.000000000,-19566.703432,16491.725785,6257.656892
2022-02-19T23:45:00.000000000,-19220.27416,15605.628646,8939.359937
2022-02-19T00:00:00.000000000,-18889.406076,14792.522577,10796.307085
2022-02-19T00:15:00.000000000,-18353.977438,13452.560798,13176.271109
2022-02-19T00:30:00.000000000,-17764.515605,11857.695273,15322.566418
2022-02-19T00:45:00.000000000,-17161.034875,10024.691402,17196.859438
2022-02-19T01:00:00.000000000,-16581.166129,7978.784597,18765.73885
2022-02-19T01:15:00.000000000,-16058.574228,5752.87658,20001.372726
2022-02-19T01:30:00.000000000,-15621.5525,3386.416913,20882.046078
2022-02-19T01:45:00.000000000,-15291.855326,924.017519,21392.565338
2022-02-19T02:00:00.000000000,-15083.818506,-1586.139934,21524.520754
2022-02-19T02:15:00.000000000,-15003.803416,-4094.034936,21276.402403
2022-02-19T02:30:00.000000000,-15049.98567,-6549.603161,20653.570296
2022-02-19T02:45:00.000000000,-15212.493065,-8904.519817,19668.083489
2022-02-19T03:00:00.000000000,-15473.881904,-11113.897745,18338.397161
2022-02-19T03:15:00.000000000,-15809.926162,-13137.83226,16688.939915
2022-02-19T03:30:00.000000000,-16190.681159,-14942.733194,14749.586175
2022-02-19T03:45:00.000000000,-16581.772936,-16502.395482,12555.040239
2022-02-19T04:00:00.000000000,-16945.856736,-17798.771985,10144.149492
2022-02-19T04:15:00.000000000,-17244.183051,-18822.42553,7559.164483
2022-02-19T04:30:00.000000000,-17438.20762,-19572.650653,4844.963005
2022-02-19T04:45:00.000000000,-17491.182346,-20057.268559,2048.254356
2022-02-19T05:00:00.000000000,-17369.66708,-20292.110953,-783.22146
2022-02-19T05:15:00.000000000,-17044.907317,-20300.219231,-3601.486507
2022-02-19T05:30:00.000000000,-16494.029511,-20110.79475,-6359.09835
2022-02-19T05:45:00.000000000,-15701.013772,-19757.943348,-9009.894533
2022-02-19T06:00:00.000000000,-14657.412548,-19279.262964,-11509.700206
2022-02-19T06:15:00.000000000,-13362.793292,-18714.327021,-13816.992414
2022-02-19T06:30:00.000000000,-11824.892781,-18103.118275,-15893.515765
2022-02-19T06:45:00.000000000,-10059.480314,-17484.468278,-17704.845181
2022-02-19T07:00:00.000000000,-8089.936318,-16894.556385,-19220.892036
2022-02-19T07:15:00.000000000,-5946.561849,-16365.519695,-20416.350415
2022-02-19T07:30:00.000000000,-3665.64272,-15924.221391,-21271.080323
2022-02-19T07:45:00.000000000,-1288.299578,-15591.219857,-21770.42465
2022-02-19T08:00:00.000000000,1140.837907,-15379.974708,-21905.456455
2022-02-19T08:15:00.000000000,3575.088859,-15296.318713,-21673.152853
2022-02-19T08:30:00.000000000,5967.262332,-15338.216384,-21076.49152
2022-02-19T08:45:00.000000000,8271.229523,-15495.821135,-20124.465599
2022-02-19T09:00:00.000000000,10443.472697,-15751.833255,-18832.012784
2022-02-19T09:15:00.000000000,12444.555741,-16082.15084,-17219.85459
2022-02-19T09:30:00.000000000,14240.46231,-16456.795442,-15314.242392
2022-02-19T09:45:00.000000000,15803.750357,-16841.083737,-13146.607814
2022-02-19T10:00:00.000000000,17114.476646,-17197.006506,-10753.116511
2022-02-19T10:15:00.000000000,18160.851605,-17484.766852,-8174.126323
2022-02-19T10:30:00.000000000,18939.593621,-17664.421516,-5453.55321
2022-02-19T10:45:00.000000000,19455.962511,-17697.562696,-2638.151153
2022-02-19T11:00:00.000000000,19723.463952,-17548.973629,223.284611
2022-02-19T11:15:00.000000000,19763.230038,-17188.189592,3080.778444
2022-02-19T11:30:00.000000000,19603.094971,-16590.897429,5884.083436
2022-02-19T11:45:00.000000000,19276.398742,-15740.111352,8583.619994
2022-02-19T12:00:00.000000000,18820.564665,-14627.07067,11131.422704
2022-02-19T12:15:00.000000000,18275.508011,-13251.815984,13482.072449
2022-02-19T12:30:00.000000000,17681.942001,-11623.413985,15593.589952
2022-02-19T12:45:00.000000000,17079.653394,-9759.816473,17428.267082
2022-02-19T13:00:00.000000000,16505.822383,-7687.355872,18953.413517
2022-02-19T13:15:00.000000000,15993.460171,-5439.896445,20141.998625
2022-02-19T13:30:00.000000000,15570.032489,-3057.676423,20973.171677
2022-02-19T13:45:00.000000000,15256.328688,-585.89059,21432.647515
2022-02-19T14:00:00.000000000,15065.624353,1926.925348,21512.949243
2022-02-19T14:15:00.000000000,15003.171459,4430.638847,21213.504335
2022-02-19T14:30:00.000000000,15066.034619,6875.318431,20540.595223
2022-02-19T14:45:00.000000000,15243.276042,9213.009712,19507.16988
2022-02-19T15:00:00.000000000,15516.476234,11399.416499,18132.521836
2022-02-19T15:15:00.000000000,15860.563018,13395.419997,16441.852295
2022-02-19T15:30:00.000000000,16244.909001,15168.3779,14465.729498
2022-02-19T15:45:00.000000000,16634.647425,16693.156301,12239.462081
2022-02-19T16:00:00.000000000,16992.148965,17952.859934,9802.404001
2022-02-19T16:15:00.000000000,17278.597503,18939.239513,7197.208681
2022-02-19T16:30:00.000000000,17455.601164,19652.768497,4469.049469
2022-02-19T16:45:00.000000000,17486.77587,20102.394524,1664.822347
2022-02-19T17:00:00.000000000,17339.24194,20304.982706,-1167.654501
2022-02-19T17:15:00.000000000,16984.979592,20284.478651,-3980.43145
2022-02-19T17:30:00.000000000,16401.996105,20070.828057,-6726.197431
2022-02-19T17:45:00.000000000,15575.265557,19698.696914,-9359.019795
2022-02-19T18:00:00.000000000,14497.411012,19206.041817,-11835.046367
2022-02-19T18:15:00.000000000,13169.108449,18632.583394,-14113.163368
2022-02-19T18:30:00.000000000,11599.201434,18018.237737,-16155.604103
2022-02-19T18:45:00.000000000,9804.52502,17401.560881,-17928.504185
2022-02-19T19:00:00.000000000,7809.446685,16818.260003,-19402.39972
2022-02-19T19:15:00.000000000,5645.140907,16299.82226,-20552.665166
2022-02-19T19:30:00.000000000,3348.622223,15872.308107,-21359.887746
2022-02-19T19:45:00.000000000,961.56905,15555.350685,-21810.175157
2022-02-19T20:00:00.000000000,-1471.022739,15361.396502,-21895.393131
2022-02-19T20:15:00.000000000,-3902.311862,15295.215312,-21613.329072
2022-02-19T20:30:00.000000000,-6285.160081,15353.698809,-20967.777761
2022-02-19T20:45:00.000000000,-8573.704446,15525.958775,-19968.54488
2022-02-19T21:00:00.000000000,-10724.898748,15793.72556,-18631.364165
2022-02-19T21:15:00.000000000,-12699.969192,16132.037665,-16977.724235
2022-02-19T21:30:00.000000000,-14465.730475,16510.202725,-15034.601798
2022-02-19T21:45:00.000000000,-15995.711637,16892.999859,-12834.098974
2022-02-19T22:00:00.000000000,-17271.046072,17242.083301,-10412.98402
2022-02-19T22:15:00.000000000,-18281.087114,17517.538096,-7812.136722
2022-02-19T22:30:00.000000000,-19023.719678,17679.530717,-5075.902235
2022-02-19T22:45:00.000000000,-19505.349193,17689.991308,-2251.359956
2022-02-19T23:00:00.000000000,-19740.561408,17514.260429,612.482776
2022-02-19T23:15:00.000000000,-19751.460076,17122.631972,3465.559086
2022-02-19T23:30:00.000000000,-19566.703432,16491.725785,6257.656892
2022-02-19T23:45:00.000000000,-19220.27416,15605.628646,8939.359937
2022-02-19T00:00:00.000000000,-18889.406076,14792.522577,10796.307085
2022-02-19T00:15:00.000000000,-18353.977438,13452.560798,13176.271109
2022-02-19T00:30:00.000000000,-17764.515605,11857.695273,15322.566418
2022-02-19T00:45:00.000000000,-17161.034875,10024.691402,17196.859438
2022-02-19T01:00:00.000000000,-16581.166129,7978.784597,18765.73885
2022-02-19T01:15:00.000000000,-16058.574228,5752.87658,20001.372726
2022-02-19T01:30:00.000000000,-15621.5525,3386.416913,20882.046078
2022-02-19T01:45:00.000000000,-15291.855326,924.017519,21392.565338
2022-02-19T02:00:00.000000000,-15083.818506,-1586.139934,21524.520754
2022-02-19T02:15:00.000000000,-15003.803416,-4094.034936,21276.402403
2022-02-19T02:30:00.000000000,-15049.98567,-6549.603161,20653.570296
2022-02-19T02:45:00.000000000,-15212.493065,-8904.519817,19668.083489
2022-02-19T03:00:00.000000000,-15473.881904,-11113.897745,18338.397161
2022-02-19T03:15:00.000000000,-15809.926162,-13137.83226,16688.939915
2022-02-19T03:30:00.000000000,-16190.681159,-14942.733194,14749.586175
2022-02-19T03:45:00.000000000,-16581.772936,-16502.395482,12555.040239
2022-02-19T04:00:00.000000000,-16945.856736,-17798.771985,10144.149492
2022-02-19T04:15:00.000000000,-17244.183051,-18822.42553,7559.164483
2022-02-19T04:30:00.000000000,-17438.20762,-19572.650653,4844.963005
2022-02-19T04:45:00.000000000,-17491.182346,-20057.268559,2048.254356
2022-02-19T05:00:00.000000000,-17369.66708,-20292.110953,-783.22146
2022-02-19T05:15:00.000000000,-17044.907317,-20300.219231,-3601.486507
2022-02-19T05:30:00.000000000,-16494.029511,-20110.79475,-6359.09835
2022-02-19T05:45:00.000000000,-15701.013772,-19757.943348,-9009.894533
2022-02-19T06:00:00.000000000,-14657.412548,-19279.262964,-11509.700206
2022-02-19T06:15:00.000000000,-13362.793292,-18714.327021,-13816.992414
2022-02-19T06:30:00.000000000,-11824.892781,-18103.118275,-15893.515765
2022-02-19T06:45:00.000000000,-10059.480314,-17484.468278,-17704.845181
2022-02-19T07:00:00.000000000,-8089.936318,-16894.556385,-19220.892036
2022-02-19T07:15:00.000000000,-5946.561849,-16365.519695,-20416.350415
2022-02-19T07:30:00.000000000,-3665.64272,-15924.221391,-21271.080323
2022-02-19T07:45:00.000000000,-1288.299578,-15591.219857,-21770.42465
2022-02-19T08:00:00.000000000,1140.837907,-15379.974708,-21905.456455
2022-02-19T08:15:00.000000000,3575.088859,-15296.318713,-21673.152853
2022-02-19T08:30:00.000000000,5967.262332,-15338.216384,-21076.49152
2022-02-19T08:45:00.000000000,8271.229523,-15495.821135,-20124.465599
2022-02-19T09:00:00.000000000,10443.472697,-15751.833255,-18832.012784
2022-02-19T09:15:00.000000000,12444.555741,-16082.15084,-17219.85459
2022-02-19T09:30:00.000000000,14240.46231,-16456.795442,-15314.242392
2022-02-19T09:45:00.000000000,15803.750357,-16841.083737,-13146.607814
2022-02-19T10:00:00.000000000,17114.476646,-17197.006506,-10753.116511
2022-02-19T10:15:00.000000000,18160.851605,-17484.766852,-8174.126323
2022-02-19T10:30:00.000000000,18939.593621,-17664.421516,-5453.55321
2022-02-19T10:45:00.000000000,19455.962511,-17697.562696,-2638.151153
2022-02-19T11:00:00.000000000,19723.463952,-17548.973629,223.284611
2022-02-19T11:15:00.000000000,19763.230038,-17188.189592,3080.778444
2022-02-19T11:30:00.000000000,19603.094971,-16590.897429,5884.083436
2022-02-19T11:45:00.000000000,19276.398742,-15740.111352,8583.619994
2022-02-19T12:00:00.000000000,18820.564665,-14627.07067,11131.422704
2022-02-19T12:15:00.000000000,18275.508011,-13251.815984,13482.072449
2022-02-19T12:30:00.000000000,17681.942001,-11623.413985,15593.589952
2022-02-19T12:45:00.000000000,17079.653394,-9759.816473,17428.267082
2022-02-19T13:00:00.000000000,16505.822383,-7687.355872,18953.413517
2022-02-19T13:15:00.000000000,15993.460171,-5439.896445,20141.998625
2022-02-19T13:30:00.000000000,15570.032489,-3057.676423,20973.171677
2022-02-19T13:45:00.000000000,15256.328688,-585.89059,21432.647515
2022-02-19T14:00:00.000000000,15065.624353,1926.925348,21512.949243
2022-02-19T14:15:00.000000000,15003.171459,4430.638847,21213.504335
2022-02-19T14:30:00.000000000,15066.034619,6875.318431,20540.595223
2022-02-19T14:45:00.000000000,15243.276042,9213.009712,19507.16988
2022-02-19T15:00:00.000000000,15516.476234,11399.416499,18132.521836
2022-02-19T15:15:00.000000000,15860.563018,13395.419997,16441.852295
2022-02-19T15:30:00.000000000,16244.909001,15168.3779,14465.729498
2022-02-19T15:45:00.000000000,16634.647425,16693.156301,12239.462081
2022-02-19T16:00:00.000000000,16992.148965,17952.859934,9802.404001
2022-02-19T16:15:00.000000000,17278.597503,18939.239513,7197.208681
2022-02-19T16:30:00.000000000,17455.601164,19652.768497,4469.049469
2022-02-19T16:45:00.000000000,17486.77587,20102.394524,1664.822347
2022-02-19T17:00:00.000000000,17339.24194,20304.982706,-1167.654501
2022-02-19T17:15:00.000000000,16984.979592,20284.478651,-3980.43145
2022-02-19T17:30:00.000000000,16401.996105,20070.828057,-6726.197431
2022-02-19T17:45:00.000000000,15575.265557,19698.696914,-9359.019795
2022-02-19T18:00:00.000000000,14497.411012,19206.041817,-11835.046367
2022-02-19T18:15:00.000000000,13169.108449,18632.583394,-14113.163368
2022-02-19T18:30:00.000000000,11599.201434,18018.237737,-16155.604103
2022-02-19T18:45:00.000000000,9804.52502,17401.560881,-17928.504185
2022-02-19T19:00:00.000000000,7809.446685,16818.260003,-19402.39972
2022-02-19T19:15:00.000000000,5645.140907,16299.82226,-20552.665166
2022-02-19T19:30:00.000000000,3348.622223,15872.308107,-21359.887746
2022-02-19T19:45:00.000000000,961.56905,15555.350685,-21810.175157
2022-02-19T20:00:00.000000000,-1471.022739,15361.396502,-21895.393131
2022-02-19T20:15:00.000000000,-3902.311862,15295.215312,-21613.329072
2022-02-19T20:30:00.000000000,-6285.160081,15353.698809,-20967.777761
2022-02-19T20:45:00.000000000,-8573.704446,15525.958775,-19968.54488
2022-02-19T21:00:00.000000000,-10724.898748,15793.72556,-18631.364165
2022-02-19T21:15:00.000000000,-12699.969192,16132.037665,-16977.724235
2022-02-19T21:30:00.000000000,-14465.730475,16510.202725,-15034.601798
2022-02-19T21:45:00.000000000,-15995.711637,16892.999859,-12834.098974
2022-02-19T22:00:00.000000000,-17271.046072,17242.083301,-10412.98402
2022-02-19T22:15:00.000000000,-18281.087114,17517.538096,-7812.136722
2022-02-19T22:30:00.000000000,-19023.719678,17679.530717,-5075.902235
2022-02-19T22:45:00.000000000,-19505.349193,17689.991308,-2251.359956
2022-02-19T23:00:00.000000000,-19740.561408,17514.260429,612.482776
2022-02-19T23:15:00.000000000,-19751.460076,17122.631972,3465.559086
2022-02-19T23:30:00.000000000,-19566.703432,16491.725785,6257.656892
2022-02-19T23:45:00.000000000,-19220.27416,15605.628646,8939.359937
2022-02-19T00:00:00.000000000,-18889.406076,14792.522577,10796.307085
2022-02-19T00:15:00.000000000,-18353.977438,13452.560798,13176.271109
2022-02-19T00:30:00.000000000,-17764.515605,11857.695273,15322.566418
2022-02-19T00:45:00.000000000,-17161.034875,10024.691402,17196.859438
2022-02-19T01:00:00.000000000,-16581.166129,7978.784597,18765.73885
2022-02-19T01:15:00.000000000,-16058.574228,5752.87658,20001.372726
2022-02-19T01:30:00.000000000,-15621.5525,3386.416913,20882.046078
2022-02-19T01:45:00.000000000,-15291.855326,924.017519,21392.565338
2022-02-19T02:00:00.000000000,-15083.818506,-1586.139934,21524.520754
2022-02-19T02:15:00.000000000,-15003.803416,-4094.034936,21276.402403
2022-02-19T02:30:00.000000000,-15049.98567,-6549.603161,20653.570296
2022-02-19T02:45:00.000000000,-15212.493065,-8904.519817,19668.083489
2022-02-19T03:00:00.000000000,-15473.881904,-11113.897745,18338.397161
2022-02-19T03:15:00.000000000,-15809.926162,-13137.83226,16688.939915
2022-02-19T03:30:00.000000000,-16190.681159,-14942.733194,14749.586175
2022-02-19T03:45:00.000000000,-16581.772936,-16502.395482,12555.040239
2022-02-19T04:00:00.000000000,-16945.856736,-17798.771985,10144.149492
2022-02-19T04:15:00.000000000,-17244.183051,-18822.42553,7559.164483
2022-02-19T04:30:00.000000000,-17438.20762,-19572.650653,4844.963005
2022-02-19T04:45:00.000000000,-17491.182346,-20057.268559,2048.254356
2022-02-19T05:00:00.000000000,-17369.66708,-20292.110953,-783.22146
2022-02-19T05:15:00.000000000,-17044.907317,-20300.219231,-3601.486507
2022-02-19T05:30:00.000000000,-16494.029511,-20110.79475,-6359.09835
2022-02-19T05:45:00.000000000,-15701.013772,-19757.943348,-9009.894533
2022-02-19T06:00:00.000000000,-14657.412548,-19279.262964,-11509.700206
2022-02-19T06:15:00.000000000,-13362.793292,-18714.327021,-13816.992414
2022-02-19T06:30:00.000000000,-11824.892781,-18103.118275,-15893.515765
2022-02-19T06:45:00.000000000,-10059.480314,-17484.468278,-17704.845181
2022-02-19T07:00:00.000000000,-8089.936318,-16894.556385,-19220.892036
2022-02-19T07:15:00.000000000,-5946.561849,-16365.519695,-20416.350415
2022-02-19T07:30:00.000000000,-3665.64272,-15924.221391,-21271.080323
2022-02-19T07:45:00.000000000,-1288.299578,-15591.219857,-21770.42465
2022-02-19T08:00:00.000000000,1140.837907,-15379.974708,-21905.456455
2022-02-19T08:15:00.000000000,3575.088859,-15296.318713,-21673.152853
2022-02-19T08:30:00.000000000,5967.262332,-15338.216384,-21076.49152
2022-02-19T08:45:00.000000000,8271.229523,-15495.821135,-20124.465599
2022-02-19T09:00:00.000000000,10443.472697,-15751.833255,-18832.012784
2022-02-19T09:15:00.000000000,12444.555741,-16082.15084,-17219.85459
2022-02-19T09:30:00.000000000,14240.46231,-16456.795442,-15314.242392
2022-02-19T09:45:00.000000000,15803.750357,-16841.083737,-13146.607814
2022-02-19T10:00:00.000000000,17114.476646,-17197.006506,-10753.116511
2022-02-19T10:15:00.000000000,18160.851605,-17484.766852,-8174.126323
2022-02-19T10:30:00.000000000,18939.593621,-17664.421516,-5453.55321
2022-02-19T10:45:00.000000000,19455.962511,-17697.562696,-2638.151153
2022-02-19T11:00:00.000000000,19723.463952,-17548.973629,223.284611
2022-02-19T11:15:00.000000000,19763.230038,-17188.189592,3080.778444
2022-02-19T11:30:00.000000000,19603.094971,-16590.897429,5884.083436
2022-02-19T11:45:00.000000000,19276.398742,-15740.111352,8583.619994
2022-02-19T12:00:00.000000000,18820.564665,-14627.07067,11131.422704
2022-02-19T12:15:00.000000000,18275.508011,-13251.815984,13482.072449
2022-02-19T12:30:00.000000000,17681.942001,-11623.413985,15593.589952
2022-02-19T12:45:00.000000000,17079.653394,-9759.816473,17428.267082
2022-02-19T13:00:00.000000000,16505.822383,-7687.355872,18953.413517
2022-02-19T13:15:00.000000000,15993.460171,-5439.896445,20141.998625
2022-02-19T13:30:00.000000000,15570.032489,-3057.676423,20973.171677
2022-02-19T13:45:00.000000000,15256.328688,-585.89059,21432.647515
2022-02-19T14:00:00.000000000,15065.624353,1926.925348,21512.949243
2022-02-19T14:15:00.000000000,15003.171459,4430.638847,21213.504335
2022-02-19T14:30:00.000000000,15066.034619,6875.318431,20540.595223
2022-02-19T14:45:00.000000000,15243.276042,9213.009712,19507.16988
2022-02-19T15:00:00.000000000,15516.476234,11399.416499,18132.521836
2022-02-19T15:15:00.000000000,15860.563018,13395.419997,16441.852295
2022-02-19T15:30:00.000000000,16244.909001,15168.3779,14465.729498
2022-02-19T15:45:00.000000000,16634.647425,16693.156301,12239.462081
2022-02-19T16:00:00.000000000,16992.148965,17952.859934,9802.404001
2022-02-19T16:15:00.000000000,17278.597503,18939.239513,7197.208681
2022-02-19T16:30:00.000000000,17455.601164,19652.768497,4469.049469
2022-02-19T16:45:00.000000000,17486.77587,20102.394524,1664.822347
2022-02-19T17:00:00.000000000,17339.24194,20304.982706,-1167.654501
2022-02-19T17:15:00.000000000,16984.979592,20284.478651,-3980.43145
2022-02-19T17:30:00.000000000,16401.996105,20070.828057,-6726.197431
2022-02-19T17:45:00.000000000,15575.265557,19698.696914,-9359.019795
2022-02-19T18:00:00.000000000,14497.411012,19206.041817,-11835.046367
2022-02-19T18:15:00.000000000,13169.108449,18632.583394,-14113.163368
2022-02-19T18:30:00.000000000,11599.201434,18018.237737,-16155.604103
2022-02-19T18:45:00.000000000,9804.52502,17401.560881,-17928.504185
2022-02-19T19:00:00.000000000,7809.446685,16818.260003,-19402.39972
2022-02-19T19:15:00.000000000,5645.140907,16299.82226,-20552.665166
2022-02-19T19:30:00.000000000,3348.622223,15872.308107,-21359.887746
2022-02-19T19:45:00.000000000,961.56905,15555.350685,-21810.175157
2022-02-19T20:00:00.000000000,-1471.022739,15361.396502,-21895.393131
2022-02-19T20:15:00.000000000,-3902.311862,15295.215312,-21613.329072
2022-02-19T20:30:00.000000000,-6285.160081,15353.698809,-20967.777761
2022-02-19T20:45:00.000000000,-8573.704446,15525.958775,-19968.54488
2022-02-19T21:00:00.000000000,-10724.898748,15793.72556,-18631.364165
2022-02-19T21:15:00.000000000,-12699.969192,16132.037665,-16977.724235
2022-02-19T21:30:00.000000000,-14465.730475,16510.202725,-15034.601798
2022-02-19T21:45:00.000000000,-15995.711637,16892.999859,-12834.098974
2022-02-19T22:00:00.000000000,-17271.046072,17242.083301,-10412.98402
2022-02-19T22:15:00.000000000,-18281.087114,17517.538096,-7812.136722
2022-02-19T22:30:00.000000000,-19023.719678,17679.530717,-5075.902235
2022-02-19T22:45:00.000000000,-19505.349193,17689.991308,-2251.359956
2022-02-19T23:00:00.000000000,-19740.561408,17514.260429,612.482776
2022-02-19T23:15:00.000000000,-19751.460076,17122.631972,3465.559086
2022-02-19T23:30:00.000000000,-19566.703432,16491.725785,6257.656892
2022-02-19T23:45:00.000000000,-19220.27416,15605.628646,8939.359937
2022-02-18T00:00:00.000000000,-19021.644792,15109.113614,10115.532542
2022-02-18T00:15:00.000000000,-18507.72688,13840.171802,12551.792266
2022-02-18T00:30:00.000000000,-17928.694959,12313.304858,14765.540006
2022-02-18T00:45:00.000000000,-17324.924684,10542.880714,16717.233088
2022-02-18T01:00:00.000000000,-16734.860399,8551.896856,18372.05429
2022-02-18T01:15:00.000000000,-16193.396006,6371.268594,19700.598556
2022-02-18T01:30:00.000000000,-15730.4148,4038.792026,20679.444465
2022-02-18T01:45:00.000000000,-15369.551802,1597.825693,21291.595887
2022-02-18T02:00:00.000000000,-15127.231648,-904.2522,21526.783537
2022-02-18T02:15:00.000000000,-15012.021934,-3417.744256,21381.620862
2022-02-18T02:30:00.000000000,-15024.326999,-5892.418965,20859.613447
2022-02-18T02:45:00.000000000,-15156.431283,-8279.304656,19971.025691
2022-02-18T03:00:00.000000000,-15392.885523,-10532.417801,18732.612685
2022-02-18T03:15:00.000000000,-15711.214105,-12610.355849,17167.228717
2022-02-18T03:30:00.000000000,-16082.908504,-14477.692474,15303.326631
2022-02-18T03:45:00.000000000,-16474.6606,-16106.123454,13174.364236
2022-02-18T04:00:00.000000000,-16849.781116,-17475.323391,10818.135074
2022-02-18T04:15:00.000000000,-17169.742713,-18573.486579,8276.041251
2022-02-18T04:30:00.000000000,-17395.784408,-19397.538857,5592.325695
2022-02-18T04:45:00.000000000,-17490.513877,-19953.020461,2813.28029
2022-02-18T05:00:00.000000000,-17419.44656,-20253.65236,-13.554916
2022-02-18T05:15:00.000000000,-17152.425017,-20320.609731,-2840.187887
2022-02-18T05:30:00.000000000,-16664.868316,-20181.535965,-5618.954364
2022-02-18T05:45:00.000000000,-15938.808881,-19869.338502,-8303.27112
2022-02-18T06:00:00.000000000,-14963.682931,-19420.814015,-10848.35438
2022-02-18T06:15:00.000000000,-13736.849922,-18875.154703,-13211.896536
2022-02-18T06:30:00.000000000,-12263.826005,-18272.390069,-15354.69557
2022-02-18T06:45:00.000000000,-10558.226146,-17651.819332,-17241.232631
2022-02-18T07:00:00.000000000,-8641.418951,-17050.488915,-18840.193955
2022-02-18T07:15:00.000000000,-6541.907285,-16501.767229,-20124.933729
2022-02-18T07:30:00.000000000,-4294.456272,-16034.065407,-21073.874758
2022-02-18T07:45:00.000000000,-1938.997987,-15669.747879,-21670.843745
2022-02-18T08:00:00.000000000,480.650734,-15424.270732,-21905.337819
2022-02-18T08:15:00.000000000,2918.214943,-15305.578853,-21772.71871
2022-02-18T08:30:00.000000000,5326.485198,-15313.784979,-21274.330613
2022-02-18T08:45:00.000000000,7658.886714,-15441.145018,-20417.53762
2022-02-18T09:00:00.000000000,9871.040142,-15672.334567,-19215.676464
2022-02-18T09:15:00.000000000,11922.258923,-15985.021562,-17687.920486
2022-02-18T09:30:00.000000000,13776.928699,-16350.719652,-15859.05123
2022-02-18T09:45:00.000000000,15405.716646,-16735.896415,-13759.134935
2022-02-18T10:00:00.000000000,16786.562809,-17103.300385,-11423.102502
2022-02-18T10:15:00.000000000,17905.411765,-17413.46125,-8890.233369
2022-02-18T10:30:00.000000000,18756.651153,-17626.309131,-6203.545976
2022-02-18T10:45:00.000000000,19343.233738,-17702.851905,-3409.100221
2022-02-18T11:00:00.000000000,19676.471392,-17606.844712,-555.220394
2022-02-18T11:15:00.000000000,19775.502413,-17306.383452,2308.349718
2022-02-18T11:30:00.000000000,19666.447436,-16775.354667,5131.344601
2022-02-18T11:45:00.000000000,19381.283028,-15994.677973,7863.909623
2022-02-18T12:00:00.000000000,18956.475471,-14953.284234,10457.547851
2022-02-18T12:15:00.000000000,18431.429048,-13648.782768,12866.058517
2022-02-18T12:30:00.000000000,17846.812943,-12087.783801,15046.443365
2022-02-18T12:45:00.000000000,17242.837695,-10285.857434,16959.757129
2022-02-18T13:00:00.000000000,16657.555605,-8267.126809,18571.879236
2022-02-18T13:15:00.000000000,16125.259233,-6063.510112,19854.185906
2022-02-18T13:30:00.000000000,15675.047979,-3713.642417,20784.104804
2022-02-18T13:45:00.000000000,15329.625069,-1261.523235,21345.538218
2022-02-18T14:00:00.000000000,15104.37632,1245.051796,21529.145084
2022-02-18T14:15:00.000000000,15006.768678,3756.207281,21332.476961
2022-02-18T14:30:00.000000000,15036.091368,6221.778824,20759.967747
2022-02-18T14:45:00.000000000,15183.546622,8593.10236,19822.781512
2022-02-18T15:00:00.000000000,15432.681148,10824.727996,18538.526872
2022-02-18T15:15:00.000000000,15760.134729,12875.989419,16930.849763
2022-02-18T15:30:00.000000000,16136.66921,14712.368004,15028.919177
2022-02-18T15:45:00.000000000,16528.430362,16306.601408,12866.822227
2022-02-18T16:00:00.000000000,16898.386891,17639.498574,10482.885988
2022-02-18T16:15:00.000000000,17207.885602,18700.436292,7918.943777
2022-02-18T16:30:00.000000000,17418.259178,19487.525982,5219.563185
2022-02-18T16:45:00.000000000,17492.42335,20007.452477,2431.252131
2022-02-18T17:00:00.000000000,17396.402848,20274.998875,-398.34205
2022-02-18T17:15:00.000000000,17100.730386,20312.282562,-3221.227186
2022-02-18T17:30:00.000000000,16581.669393,20147.736966,-5989.842948
2022-02-18T17:45:00.000000000,15822.219095,19814.881303,-8657.809799
2022-02-18T18:00:00.000000000,14812.8693,19350.926507,-11180.642073
2022-02-18T18:15:00.000000000,13552.081586,18795.269573,-13516.418536
2022-02-18T18:30:00.000000000,12046.483245,18187.930875,-15626.404991
2022-02-18T18:45:00.000000000,10310.769897,17567.989606,-17475.624484
2022-02-18T19:00:00.000000000,8367.32208,16972.071544,-19033.371391
2022-02-18T19:15:00.000000000,6245.550104,16432.940978,-20273.666022
2022-02-18T19:30:00.000000000,3980.989825,15978.244838,-21175.646605
2022-02-18T19:45:00.000000000,1614.17968,15629.452192,-21723.895446
2022-02-18T20:00:00.000000000,-810.643721,15401.026159,-21908.695874
2022-02-18T20:15:00.000000000,-3246.988284,15299.858238,-21726.216304
2022-02-18T20:30:00.000000000,-5647.639286,15324.986995,-21178.61745
2022-02-18T20:45:00.000000000,-7966.230565,15467.614268,-20274.078522
2022-02-18T21:00:00.000000000,-10158.79987,15711.42247,-19026.738167
2022-02-18T21:15:00.000000000,-12185.273311,16033.186524,-17456.546111
2022-02-18T21:30:00.000000000,-14010.824607,16403.663627,-15589.022005
2022-02-18T21:45:00.000000000,-15607.057448,16788.733533,-13454.918871
2022-02-18T22:00:00.000000000,-16952.963795,17150.751986,-11089.789979
2022-02-18T22:15:00.000000000,-18035.617435,17450.070443,-8533.45984
2022-02-18T22:30:00.000000000,-18850.57061,17646.66694,-5829.402352
2022-02-18T22:45:00.000000000,-19401.931878,17701.826286,-3024.031898
2022-02-18T23:00:00.000000000,-19702.115303,17579.803246,-165.916305
2022-02-18T23:15:00.000000000,-19771.264242,17249.400421,2695.076185
2022-02-18T23:30:00.000000000,-19636.366856,16685.39353,5508.680552
2022-02-18T23:45:00.000000000,-19330.094345,15869.741052,8225.170813
2022-02-19T00:00:00.000000000,-18889.406076,14792.522577,10796.307085
2022-02-19T00:15:00.000000000,-18353.977438,13452.560798,13176.271109
2022-02-19T00:30:00.000000000,-17764.515605,11857.695273,15322.566418
2022-02-19T00:45:00.000000000,-17161.034875,10024.691402,17196.859438
2022-02-19T01:00:00.000000000,-16581.166129,7978.784597,18765.73885
2022-02-19T01:15:00.000000000,-16058.574228,5752.87658,20001.372726
2022-02-19T01:30:00.000000000,-15621.5525,3386.416913,20882.046078
2022-02-19T01:45:00.000000000,-15291.855326,924.017519,21392.565338
2022-02-19T02:00:00.000000000,-15083.818506,-1586.139934,21524.520754
2022-02-19T02:15:00.000000000,-15003.803416,-4094.034936,21276.402403
2022-02-19T02:30:00.000000000,-15049.98567,-6549.603161,20653.570296
2022-02-19T02:45:00.000000000,-15212.493065,-8904.519817,19668.083489
2022-02-19T03:00:00.000000000,-15473.881904,-11113.897745,18338.397161
2022-02-19T03:15:00.000000000,-15809.926162,-13137.83226,16688.939915
2022-02-19T03:30:00.000000000,-16190.681159,-14942.733194,14749.586175
2022-02-19T03:45:00.000000000,-16581.772936,-16502.395482,12555.040239
2022-02-19T04:00:00.000000000,-16945.856736,-17798.771985,10144.149492
2022-02-19T04:15:00.000000000,-17244.183051,-18822.42553,7559.164483
2022-02-19T04:30:00.000000000,-17438.20762,-19572.650653,4844.963005
2022-02-19T04:45:00.000000000,-17491.182346,-20057.268559,2048.254356
2022-02-19T05:00:00.000000000,-17369.66708,-20292.110953,-783.22146
2022-02-19T05:15:00.000000000,-17044.907317,-20300.219231,-3601.486507
2022-02-19T05:30:00.000000000,-16494.029511,-20110.79475,-6359.09835
2022-02-19T05:45:00.000000000,-15701.013772,-19757.943348,-9009.894533
2022-02-19T06:00:00.000000000,-14657.412548,-19279.262964,-11509.700206
2022-02-19T06:15:00.000000000,-13362.793292,-18714.327021,-13816.992414
2022-02-19T06:30:00.000000000,-11824.892781,-18103.118275,-15893.515765
2022-02-19T06:45:00.000000000,-10059.480314,-17484.468278,-17704.845181
2022-02-19T07:00:00.000000000,-8089.936318,-16894.556385,-19220.892036
2022-02-19T07:15:00.000000000,-5946.561849,-16365.519695,-20416.350415
2022-02-19T07:30:00.000000000,-3665.64272,-15924.221391,-21271.080323
2022-02-19T07:45:00.000000000,-1288.299578,-15591.219857,-21770.42465
2022-02-19T08:00:00.000000000,1140.837907,-15379.974708,-21905.456455
2022-02-19T08:15:00.000000000,3575.088859,-15296.318713,-21673.152853
2022-02-19T08:30:00.000000000,5967.262332,-15338.216384,-21076.49152
2022-02-19T08:45:00.000000000,8271.229523,-15495.821135,-20124.465599
2022-02-19T09:00:00.000000000,10443.472697,-15751.833255,-18832.012784
2022-02-19T09:15:00.000000000,12444.555741,-16082.15084,-17219.85459
2022-02-19T09:30:00.000000000,14240.46231,-16456.795442,-15314.242392
2022-02-19T09:45:00.000000000,15803.750357,-16841.083737,-13146.607814
2022-02-19T10:00:00.000000000,17114.476646,-17197.006506,-10753.116511
2022-02-19T10:15:00.000000000,18160.851605,-17484.766852,-8174.126323
2022-02-19T10:30:00.000000000,18939.593621,-17664.421516,-5453.55321
2022-02-19T10:45:00.000000000,19455.962511,-17697.562696,-2638.151153
2022-02-19T11:00:00.000000000,19723.463952,-17548.973629,223.284611
2022-02-19T11:15:00.000000000,19763.230038,-17188.189592,3080.778444
2022-02-19T11:30:00.000000000,19603.094971,-16590.897429,5884.083436
2022-02-19T11:45:00.000000000,19276.398742,-15740.111352,8583.619994
2022-02-19T12:00:00.000000000,18820.564665,-14627.07067,11131.422704
2022-02-19T12:15:00.000000000,18275.508011,-13251.815984,13482.072449
2022-02-19T12:30:00.000000000,17681.942001,-11623.413985,15593.589952
2022-02-19T12:45:00.000000000,17079.653394,-9759.816473,17428.267082
2022-02-19T13:00:00.000000000,16505.822383,-7687.355872,18953.413517
2022-02-19T13:15:00.000000000,15993.460171,-5439.896445,20141.998625
2022-02-19T13:30:00.000000000,15570.032489,-3057.676423,20973.171677
2022-02-19T13:45:00.000000000,15256.328688,-585.89059,21432.647515
2022-02-19T14:00:00.000000000,15065.624353,1926.925348,21512.949243
2022-02-19T14:15:00.000000000,15003.171459,4430.638847,21213.504335
2022-02-19T14:30:00.000000000,15066.034619,6875.318431,20540.595223
2022-02-19T14:45:00.000000000,15243.276042,9213.009712,19507.16988
2022-02-19T15:00:00.000000000,15516.476234,11399.416499,18132.521836
2022-02-19T15:15:00.000000000,15860.563018,13395.419997,16441.852295
2022-02-19T15:30:00.000000000,16244.909001,15168.3779,14465.729498
2022-02-19T15:45:00.000000000,16634.647425,16693.156301,12239.462081
2022-02-19T16:00:00.000000000,16992.148965,17952.859934,9802.404001
2022-02-19T16:15:00.000000000,17278.597503,18939.239513,7197.208681
2022-02-19T16:30:00.000000000,17455.601164,19652.768497,4469.049469
2022-02-19T16:45:00.000000000,17486.77587,20102.394524,1664.822347
2022-02-19T17:00:00.000000000,17339.24194,20304.982706,-1167.654501
2022-02-19T17:15:00.000000000,16984.979592,20284.478651,-3980.43145
2022-02-19T17:30:00.000000000,16401.996105,20070.828057,-6726.197431
2022-02-19T17:45:00.000000000,15575.265557,19698.696914,-9359.019795
2022-02-19T18:00:00.000000000,14497.411012,19206.041817,-11835.046367
2022-02-19T18:15:00.000000000,13169.108449,18632.583394,-14113.163368
2022-02-19T18:30:00.000000000,11599.201434,18018.237737,-16155.604103
2022-02-19T18:45:00.000000000,9804.52502,17401.560881,-17928.504185
2022-02-19T19:00:00.000000000,7809.446685,16818.260003,-19402.39972
2022-02-19T19:15:00.000000000,5645.140907,16299.82226,-20552.665166
2022-02-19T19:30:00.000000000,3348.622223,15872.308107,-21359.887746
2022-02-19T19:45:00.000000000,961.56905,15555.350685,-21810.175157
2022-02-19T20:00:00.000000000,-1471.022739,15361.396502,-21895.393131
2022-02-19T20:15:00.000000000,-3902.311862,15295.215312,-21613.329072
2022-02-19T20:30:00.000000000,-6285.160081,15353.698809,-20967.777761
2022-02-19T20:45:00.000000000,-8573.704446,15525.958775,-19968.54488
2022-02-19T21:00:00.000000000,-10724.898748,15793.72556,-18631.364165
2022-02-19T21:15:00.000000000,-12699.969192,16132.037665,-16977.724235
2022-02-19T21:30:00.000000000,-14465.730475,16510.202725,-15034.601798
2022-02-19T21:45:00.000000000,-15995.711637,16892.999859,-12834.098974
2022-02-19T22:00:00.000000000,-17271.046072,17242.083301,-10412.98402
2022-02-19T22:15:00.000000000,-18281.087114,17517.538096,-7812.136722
2022-02-19T22:30:00.000000000,-19023.719678,17679.530717,-5075.902235
2022-02-19T22:45:00.000000000,-19505.349193,17689.991308,-2251.359956
2022-02-19T23:00:00.000000000,-19740.561408,17514.260429,612.482776
2022-02-19T23:15:00.000000000,-19751.460076,17122.631972,3465.559086
2022-02-19T23:30:00.000000000,-19566.703432,16491.725785,6257.656892
2022-02-19T23:45:00.000000000,-19220.27416,15605.628646,8939.359937
2022-02-18T00:00:00.000000000,-19021.644792,15109.113614,10115.532542
2022-02-18T00:15:00.000000000,-18507.72688,13840.171802,12551.792266
2022-02-18T00:30:00.000000000,-17928.694959,12313.304858,14765.540006
2022-02-18T00:45:00.000000000,-17324.924684,10542.880714,16717.233088
2022-02-18T01:00:00.000000000,-16734.860399,8551.896856,18372.05429
2022-02-18T01:15:00.000000000,-16193.396006,6371.268594,19700.598556
2022-02-18T01:30:00.000000000,-15730.4148,4038.792026,20679.444465
2022-02-18T01:45:00.000000000,-15369.551802,1597.825693,21291.595887
2022-02-18T02:00:00.000000000,-15127.231648,-904.2522,21526.783537
2022-02-18T02:15:00.000000000,-15012.021934,-3417.744256,21381.620862
2022-02-18T02:30:00.000000000,-15024.326999,-5892.418965,20859.613447
2022-02-18T02:45:00.000000000,-15156.431283,-8279.304656,19971.025691
2022-02-18T03:00:00.000000000,-15392.885523,-10532.417801,18732.612685
2022-02-18T03:15:00.000000000,-15711.214105,-12610.355849,17167.228717
2022-02-18T03:30:00.000000000,-16082.908504,-14477.692474,15303.326631
2022-02-18T03:45:00.000000000,-16474.6606,-16106.123454,13174.364236
2022-02-18T04:00:00.000000000,-16849.781116,-17475.323391,10818.135074
2022-02-18T04:15:00.000000000,-17169.742713,-18573.486579,8276.041251
2022-02-18T04:30:00.000000000,-17395.784408,-19397.538857,5592.325695
2022-02-18T04:45:00.000000000,-17490.513877,-19953.020461,2813.28029
2022-02-18T05:00:00.000000000,-17419.44656,-20253.65236,-13.554916
2022-02-18T05:15:00.000000000,-17152.425017,-20320.609731,-2840.187887
2022-02-18T05:30:00.000000000,-16664.868316,-20181.535965,-5618.954364
2022-02-18T05:45:00.000000000,-15938.808881,-19869.338502,-8303.27112
2022-02-18T06:00:00.000000000,-14963.682931,-19420.814015,-10848.35438
2022-02-18T06:15:00.000000000,-13736.849922,-18875.154703,-13211.896536
2022-02-18T06:30:00.000000000,-12263.826005,-18272.390069,-15354.69557
2022-02-18T06:45:00.000000000,-10558.226146,-17651.819332,-17241.232631
2022-02-18T07:00:00.000000000,-8641.418951,-17050.488915,-18840.193955
2022-02-18T07:15:00.000000000,-6541.907285,-16501.767229,-20124.933729
2022-02-18T07:30:00.000000000,-4294.456272,-16034.065407,-21073.874758
2022-02-18T07:45:00.000000000,-1938.997987,-15669.747879,-21670.843745
2022-02-18T08:00:00.000000000,480.650734,-15424.270732,-21905.337819
2022-02-18T08:15:00.000000000,2918.214943,-15305.578853,-21772.71871
2022-02-18T08:30:00.000000000,5326.485198,-15313.784979,-21274.330613
2022-02-18T08:45:00.000000000,7658.886714,-15441.145018,-20417.53762
2022-02-18T09:00:00.000000000,9871.040142,-15672.334567,-19215.676464
2022-02-18T09:15:00.000000000,11922.258923,-15985.021562,-17687.920486
2022-02-18T09:30:00.000000000,13776.928699,-16350.719652,-15859.05123
2022-02-18T09:45:00.000000000,15405.716646,-16735.896415,-13759.134935
2022-02-18T10:00:00.000000000,16786.562809,-17103.300385,-11423.102502
2022-02-18T10:15:00.000000000,17905.411765,-17413.46125,-8890.233369
2022-02-18T10:30:00.000000000,18756.651153,-17626.309131,-6203.545976
2022-02-18T10:45:00.000000000,19343.233738,-17702.851905,-3409.100221
2022-02-18T11:00:00.000000000,19676.471392,-17606.844712,-555.220394
2022-02-18T11:15:00.000000000,19775.502413,-17306.383452,2308.349718
2022-02-18T11:30:00.000000000,19666.447436,-16775.354667,5131.344601
2022-02-18T11:45:00.000000000,19381.283028,-15994.677973,7863.909623
2022-02-18T12:00:00.000000000,18956.475471,-14953.284234,10457.547851
2022-02-18T12:15:00.000000000,18431.429048,-13648.782768,12866.058517
2022-02-18T12:30:00.000000000,17846.812943,-12087.783801,15046.443365
2022-02-18T12:45:00.000000000,17242.837695,-10285.857434,16959.757129
2022-02-18T13:00:00.000000000,16657.555605,-8267.126809,18571.879236
2022-02-18T13:15:00.000000000,16125.259233,-6063.510112,19854.185906
2022-02-18T13:30:00.000000000,15675.047979,-3713.642417,20784.104804
2022-02-18T13:45:00.000000000,15329.625069,-1261.523235,21345.538218
2022-02-18T14:00:00.000000000,15104.37632,1245.051796,21529.145084
2022-02-18T14:15:00.000000000,15006.768678,3756.207281,21332.476961
2022-02-18T14:30:00.000000000,15036.091368,6221.778824,20759.967747
2022-02-18T14:45:00.000000000,15183.546622,8593.10236,19822.781512
2022-02-18T15:00:00.000000000,15432.681148,10824.727996,18538.526872
2022-02-18T15:15:00.000000000,15760.134729,12875.989419,16930.849763
2022-02-18T15:30:00.000000000,16136.66921,14712.368004,15028.919177
2022-02-18T15:45:00.000000000,16528.430362,16306.601408,12866.822227
2022-02-18T16:00:00.000000000,16898.386891,17639.498574,10482.885988
2022-02-18T16:15:00.000000000,17207.885602,18700.436292,7918.943777
2022-02-18T16:30:00.000000000,17418.259178,19487.525982,5219.563185
2022-02-18T16:45:00.000000000,17492.42335,20007.452477,2431.252131
2022-02-18T17:00:00.000000000,17396.402848,20274.998875,-398.34205
2022-02-18T17:15:00.000000000,17100.730386,20312.282562,-3221.227186
2022-02-18T17:30:00.000000000,16581.669393,20147.736966,-5989.842948
2022-02-18T17:45:00.000000000,15822.219095,19814.881303,-8657.809799
2022-02-18T18:00:00.000000000,14812.8693,19350.926507,-11180.642073
2022-02-18T18:15:00.000000000,13552.081586,18795.269573,-13516.418536
2022-02-18T18:30:00.000000000,12046.483245,18187.930875,-15626.404991
2022-02-18T18:45:00.000000000,10310.769897,17567.989606,-17475.624484
2022-02-18T19:00:00.000000000,8367.32208,16972.071544,-19033.371391
2022-02-18T19:15:00.000000000,6245.550104,16432.940978,-20273.666022
2022-02-18T19:30:00.000000000,3980.989825,15978.244838,-21175.646605
2022-02-18T19:45:00.000000000,1614.17968,15629.452192,-21723.895446
2022-02-18T20:00:00.000000000,-810.643721,15401.026159,-21908.695874
2022-02-18T20:15:00.000000000,-3246.988284,15299.858238,-21726.216304
2022-02-18T20:30:00.000000000,-5647.639286,15324.986995,-21178.61745
2022-02-18T20:45:00.000000000,-7966.230565,15467.614268,-20274.078522
2022-02-18T21:00:00.000000000,-10158.79987,15711.42247,-19026.738167
2022-02-18T21:15:00.000000000,-12185.273311,16033.186524,-17456.546111
2022-02-18T21:30:00.000000000,-14010.824607,16403.663627,-15589.022005
2022-02-18T21:45:00.000000000,-15607.057448,16788.733533,-13454.918871
2022-02-18T22:00:00.000000000,-16952.963795,17150.751986,-11089.789979
2022-02-18T22:15:00.000000000,-18035.617435,17450.070443,-8533.45984
2022-02-18T22:30:00.000000000,-18850.57061,17646.66694,-5829.402352
2022-02-18T22:45:00.000000000,-19401.931878,17701.826286,-3024.031898
2022-02-18T23:00:00.000000000,-19702.115303,17579.803246,-165.916305
2022-02-18T23:15:00.000000000,-19771.264242,17249.400421,2695.076185
2022-02-18T23:30:00.000000000,-19636.366856,16685.39353,5508.680552
2022-02-18T23:45:00.000000000,-19330.094345,15869.741052,8225.170813
2022-02-19T00:00:00.000000000,-18889.406076,14792.522577,10796.307085
2022-02-19T00:15:00.000000000,-18353.977438,13452.560798,13176.271109
2022-02-19T00:30:00.000000000,-17764.515605,11857.695273,15322.566418
2022-02-19T00:45:00.000000000,-17161.034875,10024.691402,17196.859438
2022-02-19T01:00:00.000000000,-16581.166129,7978.784597,18765.73885
2022-02-19T01:15:00.000000000,-16058.574228,5752.87658,20001.372726
2022-02-19T01:30:00.000000000,-15621.5525,3386.416913,20882.046078
2022-02-19T01:45:00.000000000,-15291.855326,924.017519,21392.565338
2022-02-19T02:00:00.000000000,-15083.818506,-1586.139934,21524.520754
2022-02-19T02:15:00.000000000,-15003.803416,-4094.034936,21276.402403
2022-02-19T02:30:00.000000000,-15049.98567,-6549.603161,20653.570296
2022-02-19T02:45:00.000000000,-15212.493065,-8904.519817,19668.083489
2022-02-19T03:00:00.000000000,-15473.881904,-11113.897745,18338.397161
2022-02-19T03:15:00.000000000,-15809.926162,-13137.83226,16688.939915
2022-02-19T03:30:00.000000000,-16190.681159,-14942.733194,14749.586175
2022-02-19T03:45:00.000000000,-16581.772936,-16502.395482,12555.040239
2022-02-19T04:00:00.000000000,-16945.856736,-17798.771985,10144.149492
2022-02-19T04:15:00.000000000,-17244.183051,-18822.42553,7559.164483
2022-02-19T04:30:00.000000000,-17438.20762,-19572.650653,4844.963005
2022-02-19T04:45:00.000000000,-17491.182346,-20057.268559,2048.254356
2022-02-19T05:00:00.000000000,-17369.66708,-20292.110953,-783.22146
2022-02-19T05:15:00.000000000,-17044.907317,-20300.219231,-3601.486507
2022-02-19T05:30:00.000000000,-16494.029511,-20110.79475,-6359.09835
2022-02-19T05:45:00.000000000,-15701.013772,-19757.943348,-9009.894533
2022-02-19T06:00:00.000000000,-14657.412548,-19279.262964,-11509.700206
2022-02-19T06:15:00.000000000,-13362.793292,-18714.327021,-13816.992414
2022-02-19T06:30:00.000000000,-11824.892781,-18103.118275,-15893.515765
2022-02-19T06:45:00.000000000,-10059.480314,-17484.468278,-17704.845181
2022-02-19T07:00:00.000000000,-8089.936318,-16894.556385,-19220.892036
2022-02-19T07:15:00.000000000,-5946.561849,-16365.519695,-20416.350415
2022-02-19T07:30:00.000000000,-3665.64272,-15924.221391,-21271.080323
2022-02-19T07:45:00.000000000,-1288.299578,-15591.219857,-21770.42465
2022-02-19T08:00:00.000000000,1140.837907,-15379.974708,-21905.456455
2022-02-19T08:15:00.000000000,3575.088859,-15296.318713,-21673.152853
2022-02-19T08:30:00.000000000,5967.262332,-15338.216384,-21076.49152
2022-02-19T08:45:00.000000000,8271.229523,-15495.821135,-20124.465599
2022-02-19T09:00:00.000000000,10443.472697,-15751.833255,-18832.012784
2022-02-19T09:15:00.000000000,12444.555741,-16082.15084,-17219.85459
2022-02-19T09:30:00.000000000,14240.46231,-16456.795442,-15314.242392
2022-02-19T09:45:00.000000000,15803.750357,-16841.083737,-13146.607814
2022-02-19T10:00:00.000000000,17114.476646,-17197.006506,-10753.116511
2022-02-19T10:15:00.000000000,18160.851605,-17484.766852,-8174.126323
2022-02-19T10:30:00.000000000,18939.593621,-17664.421516,-5453.55321
2022-02-19T10:45:00.000000000,19455.962511,-17697.562696,-2638.151153
2022-02-19T11:00:00.000000000,19723.463952,-17548.973629,223.284611
2022-02-19T11:15:00.000000000,19763.230038,-17188.189592,3080.778444
2022-02-19T11:30:00.000000000,19603.094971,-16590.897429,5884.083436
2022-02-19T11:45:00.000000000,19276.398742,-15740.111352,8583.619994
2022-02-19T12:00:00.000000000,18820.564665,-14627.07067,11131.422704
2022-02-19T12:15:00.000000000,18275.508011,-13251.815984,13482.072449
2022-02-19T12:30:00.000000000,17681.942001,-11623.413985,15593.589952
2022-02-19T12:45:00.000000000,17079.653394,-9759.816473,17428.267082
2022-02-19T13:00:00.000000000,16505.822383,-7687.355872,18953.413517
2022-02-19T13:15:00.000000000,15993.460171,-5439.896445,20141.998625
2022-02-19T13:30:00.000000000,15570.032489,-3057.676423,20973.171677
2022-02-19T13:45:00.000000000,15256.328688,-585.89059,21432.647515
2022-02-19T14:00:00.000000000,15065.624353,1926.925348,21512.949243
2022-02-19T14:15:00.000000000,15003.171459,4430.638847,21213.504335
2022-02-19T14:30:00.000000000,15066.034619,6875.318431,20540.595223
2022-02-19T14:45:00.000000000,15243.276042,9213.009712,19507.16988
2022-02-19T15:00:00.000000000,15516.476234,11399.416499,18132.521836
2022-02-19T15:15:00.000000000,15860.563018,13395.419997,16441.852295
2022-02-19T15:30:00.000000000,16244.909001,15168.3779,14465.729498
2022-02-19T15:45:00.000000000,16634.647425,16693.156301,12239.462081
2022-02-19T16:00:00.000000000,16992.148965,17952.859934,9802.404001
2022-02-19T16:15:00.000000000,17278.597503,18939.239513,7197.208681
2022-02-19T16:30:00.000000000,17455.601164,19652.768497,4469.049469
2022-02-19T16:45:00.000000000,17486.77587,20102.394524,1664.822347
2022-02-19T17:00:00.000000000,17339.24194,20304.982706,-1167.654501
2022-02-19T17:15:00.000000000,16984.979592,20284.478651,-3980.43145
2022-02-19T17:30:00.000000000,16401.996105,20070.828057,-6726.197431
2022-02-19T17:45:00.000000000,15575.265557,19698.696914,-9359.019795
2022-02-19T18:00:00.000000000,14497.411012,19206.041817,-11835.046367
2022-02-19T18:15:00.000000000,13169.108449,18632.583394,-14113.163368
2022-02-19T18:30:00.000000000,11599.201434,18018.237737,-16155.604103
2022-02-19T18:45:00.000000000,9804.52502,17401.560881,-17928.504185
2022-02-19T19:00:00.000000000,7809.446685,16818.260003,-19402.39972
2022-02-19T19:15:00.000000000,5645.140907,16299.82226,-20552.665166
2022-02-19T19:30:00.000000000,3348.622223,15872.308107,-21359.887746
2022-02-19T19:45:00.000000000,961.56905,15555.350685,-21810.175157
2022-02-19T20:00:00.000000000,-1471.022739,15361.396502,-21895.393131
2022-02-19T20:15:00.000000000,-3902.311862,15295.215312,-21613.329072
2022-02-19T20:30:00.000000000,-6285.160081,15353.698809,-20967.777761
2022-02-19T20:45:00.000000000,-8573.704446,15525.958775,-19968.54488
2022-02-19T21:00:00.000000000,-10724.898748,15793.72556,-18631.364165
2022-02-19T21:15:00.000000000,-12699.969192,16132.037665,-16977.724235
2022-02-19T21:30:00.000000000,-14465.730475,16510.202725,-15034.601798
2022-02-19T21:45:00.000000000,-15995.711637,16892.999859,-12834.098974
2022-02-19T22:00:00.000000000,-17271.046072,17242.083301,-10412.98402
2022-02-19T22:15:00.000000000,-18281.087114,17517.538096,-7812.136722
2022-02-19T22:30:00.000000000,-19023.719678,17679.530717,-5075.902235
2022-02-19T22:45:00.000000000,-19505.349193,17689.991308,-2251.359956
2022-02-19T23:00:00.000000000,-19740.561408,17514.260429,612.482776
2022-02-19T23:15:00.000000000,-19751.460076,17122.631972,3465.559086
2022-02-19T23:30:00.000000000,-19566.703432,16491.725785,6257.656892
2022-02-19T23:45:00.000000000,-19220.27416,15605.628646,8939.359937
2022-02-18T00:00:00.000000000,-19021.644792,15109.113614,10115.532542
2022-02-18T00:15:00.000000000,-18507.72688,13840.171802,12551.792266
2022-02-18T00:30:00.000000000,-17928.694959,12313.304858,14765.540006
2022-02-18T00:45:00.000000000,-17324.924684,10542.880714,16717.233088
2022-02-18T01:00:00.000000000,-16734.860399,8551.896856,18372.05429
2022-02-18T01:15:00.000000000,-16193.396006,6371.268594,19700.598556
2022-02-18T01:30:00.000000000,-15730.4148,4038.792026,20679.444465
2022-02-18T01:45:00.000000000,-15369.551802,1597.825693,21291.595887
2022-02-18T02:00:00.000000000,-15127.231648,-904.2522,21526.783537
2022-02-18T02:15:00.000000000,-15012.021934,-3417.744256,21381.620862
2022-02-18T02:30:00.000000000,-15024.326999,-5892.418965,20859.613447
2022-02-18T02:45:00.000000000,-15156.431283,-8279.304656,19971.025691
2022-02-18T03:00:00.000000000,-15392.885523,-10532.417801,18732.612685
2022-02-18T03:15:00.000000000,-15711.214105,-12610.355849,17167.228717
2022-02-18T03:30:00.000000000,-16082.908504,-14477.692474,15303.326631
2022-02-18T03:45:00.000000000,-16474.6606,-16106.123454,13174.364236
2022-02-18T04:00:00.000000000,-16849.781116,-17475.323391,10818.135074
2022-02-18T04:15:00.000000000,-17169.742713,-18573.486579,8276.041251
2022-02-18T04:30:00.000000000,-17395.784408,-19397.538857,5592.325695
2022-02-18T04:45:00.000000000,-17490.513877,-19953.020461,2813.28029
2022-02-18T05:00:00.000000000,-17419.44656,-20253.65236,-13.554916
2022-02-18T05:15:00.000000000,-17152.425017,-20320.609731,-2840.187887
2022-02-18T05:30:00.000000000,-16664.868316,-20181.535965,-5618.954364
2022-02-18T05:45:00.000000000,-15938.808881,-19869.338502,-8303.27112
2022-02-18T06:00:00.000000000,-14963.682931,-19420.814015,-10848.35438
2022-02-18T06:15:00.000000000,-13736.849922,-18875.154703,-13211.896536
2022-02-18T06:30:00.000000000,-12263.826005,-18272.390069,-15354.69557
2022-02-18T06:45:00.000000000,-10558.226146,-17651.819332,-17241.232631
2022-02-18T07:00:00.000000000,-8641.418951,-17050.488915,-18840.193955
2022-02-18T07:15:00.000000000,-6541.907285,-16501.767229,-20124.933729
2022-02-18T07:30:00.000000000,-4294.456272,-16034.065407,-21073.874758
2022-02-18T07:45:00.000000000,-1938.997987,-15669.747879,-21670.843745
2022-02-18T08:00:00.000000000,480.650734,-15424.270732,-21905.337819
2022-02-18T08:15:00.000000000,2918.214943,-15305.578853,-21772.71871
2022-02-18T08:30:00.000000000,5326.485198,-15313.784979,-21274.330613
2022-02-18T08:45:00.000000000,7658.886714,-15441.145018,-20417.53762
2022-02-18T09:00:00.000000000,9871.040142,-15672.334567,-19215.676464
2022-02-18T09:15:00.000000000,11922.258923,-15985.021562,-17687.920486
2022-02-18T09:30:00.000000000,13776.928699,-16350.719652,-15859.05123
2022-02-18T09:45:00.000000000,15405.716646,-16735.896415,-13759.134935
2022-02-18T10:00:00.000000000,16786.562809,-17103.300385,-11423.102502
2022-02-18T10:15:00.000000000,17905.411765,-17413.46125,-8890.233369
2022-02-18T10:30:00.000000000,18756.651153,-17626.309131,-6203.545976
2022-02-18T10:45:00.000000000,19343.233738,-17702.851905,-3409.100221
2022-02-18T11:00:00.000000000,19676.471392,-17606.844712,-555.220394
2022-02-18T11:15:00.000000000,19775.502413,-17306.383452,2308.349718
2022-02-18T11:30:00.000000000,19666.447436,-16775.354667,5131.344601
2022-02-18T11:45:00.000000000,19381.283028,-15994.677973,7863.909623
2022-02-18T12:00:00.000000000,18956.475471,-14953.284234,10457.547851
2022-02-18T12:15:00.000000000,18431.429048,-13648.782768,12866.058517
2022-02-18T12:30:00.000000000,17846.812943,-12087.783801,15046.443365
2022-02-18T12:45:00.000000000,17242.837695,-10285.857434,16959.757129
2022-02-18T13:00:00.000000000,16657.555605,-8267.126809,18571.879236
2022-02-18T13:15:00.000000000,16125.259233,-6063.510112,19854.185906
2022-02-18T13:30:00.000000000,15675.047979,-3713.642417,20784.104804
2022-02-18T13:45:00.000000000,15329.625069,-1261.523235,21345.538218
2022-02-18T14:00:00.000000000,15104.37632,1245.051796,21529.145084
2022-02-18T14:15:00.000000000,15006.768678,3756.207281,21332.476961
2022-02-18T14:30:00.000000000,15036.091368,6221.778824,20759.967747
2022-02-18T14:45:00.000000000,15183.546622,8593.10236,19822.781512
2022-02-18T15:00:00.000000000,15432.681148,10824.727996,18538.526872
2022-02-18T15:15:00.000000000,15760.134729,12875.989419,16930.849763
2022-02-18T15:30:00.000000000,16136.66921,14712.368004,15028.919177
2022-02-18T15:45:00.000000000,16528.430362,16306.601408,12866.822227
2022-02-18T16:00:00.000000000,16898.386891,17639.498574,10482.885988
2022-02-18T16:15:00.000000000,17207.885602,18700.436292,7918.943777
2022-02-18T16:30:00.000000000,17418.259178,19487.525982,5219.563185
2022-02-18T16:45:00.000000000,17492.42335,20007.452477,2431.252131
2022-02-18T17:00:00.000000000,17396.402848,20274.998875,-398.34205
2022-02-18T17:15:00.000000000,17100.730386,20312.282562,-3221.227186
2022-02-18T17:30:00.000000000,16581.669393,20147.736966,-5989.842948
2022-02-18T17:45:00.000000000,15822.219095,19814.881303,-8657.809799
2022-02-18T18:00:00.000000000,14812.8693,19350.926507,-11180.642073
2022-02-18T18:15:00.000000000,13552.081586,18795.269573,-13516.418536
2022-02-18T18:30:00.000000000,12046.483245,18187.930875,-15626.404991
2022-02-18T18:45:00.000000000,10310.769897,17567.989606,-17475.624484
2022-02-18T19:00:00.000000000,8367.32208,16972.071544,-19033.371391
2022-02-18T19:15:00.000000000,6245.550104,16432.940978,-20273.666022
2022-02-18T19:30:00.000000000,3980.989825,15978.244838,-21175.646605
2022-02-18T19:45:00.000000000,1614.17968,15629.452192,-21723.895446
2022-02-18T20:00:00.000000000,-810.643721,15401.026159,-21908.695874
2022-02-18T20:15:00.000000000,-3246.988284,15299.858238,-21726.216304
2022-02-18T20:30:00.000000000,-5647.639286,15324.986995,-21178.61745
2022-02-18T20:45:00.000000000,-7966.230565,15467.614268,-20274.078522
2022-02-18T21:00:00.000000000,-10158.79987,15711.42247,-19026.738167
2022-02-18T21:15:00.000000000,-12185.273311,16033.186524,-17456.546111
2022-02-18T21:30:00.000000000,-14010.824607,16403.663627,-15589.022005
2022-02-18T21:45:00.000000000,-15607.057448,16788.733533,-13454.918871
2022-02-18T22:00:00.000000000,-16952.963795,17150.751986,-11089.789979
2022-02-18T22:15:00.000000000,-18035.617435,17450.070443,-8533.45984
2022-02-18T22:30:00.000000000,-18850.57061,17646.66694,-5829.402352
2022-02-18T22:45:00.000000000,-19401.931878,17701.826286,-3024.031898
2022-02-18T23:00:00.000000000,-19702.115303,17579.803246,-165.916305
2022-02-18T23:15:00.000000000,-19771.264242,17249.400421,2695.076185
2022-02-18T23:30:00.000000000,-19636.366856,16685.39353,5508.680552
2022-02-18T23:45:00.000000000,-19330.094345,15869.741052,8225.170813
2022-02-19T00:00:00.000000000,-18889.406076,14792.522577,10796.307085
2022-02-19T00:15:00.000000000,-18353.977438,13452.560798,13176.271109
2022-02-19T00:30:00.000000000,-17764.515605,11857.695273,15322.566418
2022-02-19T00:45:00.000000000,-17161.034875,10024.691402,17196.859438
2022-02-19T01:00:00.000000000,-16581.166129,7978.784597,18765.73885
2022-02-19T01:15:00.000000000,-16058.574228,5752.87658,20001.372726
2022-02-19T01:30:00.000000000,-15621.5525,3386.416913,20882.046078
2022-02-19T01:45:00.000000000,-15291.855326,924.017519,21392.565338
2022-02-19T02:00:00.000000000,-15083.818506,-1586.139934,21524.520754
2022-02-19T02:15:00.000000000,-15003.803416,-4094.034936,21276.402403
2022-02-19T02:30:00.000000000,-15049.98567,-6549.603161,20653.570296
2022-02-19T02:45:00.000000000,-15212.493065,-8904.519817,19668.083489
2022-02-19T03:00:00.000000000,-15473.881904,-11113.897745,18338.397161
2022-02-19T03:15:00.000000000,-15809.926162,-13137.83226,16688.939915
2022-02-19T03:30:00.000000000,-16190.681159,-14942.733194,14749.586175
2022-02-19T03:45:00.000000000,-16581.772936,-16502.395482,12555.040239
2022-02-19T04:00:00.000000000,-16945.856736,-17798.771985,10144.149492
2022-02-19T04:15:00.000000000,-17244.183051,-18822.42553,7559.164483
2022-02-19T04:30:00.000000000,-17438.20762,-19572.650653,4844.963005
2022-02-19T04:45:00.000000000,-17491.182346,-20057.268559,2048.254356
2022-02-19T05:00:00.000000000,-17369.66708,-20292.110953,-783.22146
2022-02-19T05:15:00.000000000,-17044.907317,-20300.219231,-3601.486507
2022-02-19T05:30:00.000000000,-16494.029511,-20110.79475,-6359.09835
2022-02-19T05:45:00.000000000,-15701.013772,-19757.943348,-9009.894533
2022-02-19T06:00:00.000000000,-14657.412548,-19279.262964,-11509.700206
2022-02-19T06:15:00.000000000,-13362.793292,-18714.327021,-13816.992414
2022-02-19T06:30:00.000000000,-11824.892781,-18103.118275,-15893.515765
2022-02-19T06:45:00.000000000,-10059.480314,-17484.468278,-17704.845181
2022-02-19T07:00:00.000000000,-8089.936318,-16894.556385,-19220.892036
2022-02-19T07:15:00.000000000,-5946.561849,-16365.519695,-20416.350415
2022-02-19T07:30:00.000000000,-3665.64272,-15924.221391,-21271.080323
2022-02-19T07:45:00.000000000,-1288.299578,-15591.219857,-21770.42465
2022-02-19T08:00:00.000000000,1140.837907,-15379.974708,-21905.456455
2022-02-19T08:15:00.000000000,3575.088859,-15296.318713,-21673.152853
2022-02-19T08:30:00.000000000,5967.262332,-15338.216384,-21076.49152
2022-02-19T08:45:00.000000000,8271.229523,-15495.821135,-20124.465599
2022-02-19T09:00:00.000000000,10443.472697,-15751.833255,-18832.012784
2022-02-19T09:15:00.000000000,12444.555741,-16082.15084,-17219.85459
2022-02-19T09:30:00.000000000,14240.46231,-16456.795442,-15314.242392
2022-02-19T09:45:00.000000000,15803.750357,-16841.083737,-13146.607814
2022-02-19T10:00:00.000000000,17114.476646,-17197.006506,-10753.116511
2022-02-19T10:15:00.000000000,18160.851605,-17484.766852,-8174.126323
2022-02-19T10:30:00.000000000,18939.593621,-17664.421516,-5453.55321
2022-02-19T10:45:00.000000000,19455.962511,-17697.562696,-2638.151153
2022-02-19T11:00:00.000000000,19723.463952,-17548.973629,223.284611
2022-02-19T11:15:00.000000000,19763.230038,-17188.189592,3080.778444
2022-02-19T11:30:00.000000000,19603.094971,-16590.897429,5884.083436
2022-02-19T11:45:00.000000000,19276.398742,-15740.111352,8583.619994
2022-02-19T12:00:00.000000000,18820.564665,-14627.07067,11131.422704
2022-02-19T12:15:00.000000000,18275.508011,-13251.815984,13482.072449
2022-02-19T12:30:00.000000000,17681.942001,-11623.413985,15593.589952
2022-02-19T12:45:00.000000000,17079.653394,-9759.816473,17428.267082
2022-02-19T13:00:00.000000000,16505.822383,-7687.355872,18953.413517
2022-02-19T13:15:00.000000000,15993.460171,-5439.896445,20141.998625
2022-02-19T13:30:00.000000000,15570.032489,-3057.676423,20973.171677
2022-02-19T13:45:00.000000000,15256.328688,-585.89059,21432.647515
2022-02-19T14:00:00.000000000,15065.624353,1926.925348,21512.949243
2022-02-19T14:15:00.000000000,15003.171459,4430.638847,21213.504335
2022-02-19T14:30:00.000000000,15066.034619,6875.318431,20540.595223
2022-02-19T14:45:00.000000000,15243.276042,9213.009712,19507.16988
2022-02-19T15:00:00.000000000,15516.476234,11399.416499,18132.521836
2022-02-19T15:15:00.000000000,15860.563018,13395.419997,16441.852295
2022-02-19T15:30:00.000000000,16244.909001,15168.3779,14465.729498
2022-02-19T15:45:00.000000000,16634.647425,16693.156301,12239.462081
2022-02-19T16:00:00.000000000,16992.148965,17952.859934,9802.404001
2022-02-19T16:15:00.000000000,17278.597503,18939.239513,7197.208681
2022-02-19T16:30:00.000000000,17455.601164,19652.768497,4469.049469
2022-02-19T16:45:00.000000000,17486.77587,20102.394524,1664.822347
2022-02-19T17:00:00.000000000,17339.24194,20304.982706,-1167.654501
2022-02-19T17:15:00.000000000,16984.979592,20284.478651,-3980.43145
2022-02-19T17:30:00.000000000,16401.996105,20070.828057,-6726.197431
2022-02-19T17:45:00.000000000,15575.265557,19698.696914,-9359.019795
2022-02-19T18:00:00.000000000,14497.411012,19206.041817,-11835.046367
2022-02-19T18:15:00.000000000,13169.108449,18632.583394,-14113.163368
2022-02-19T18:30:00.000000000,11599.201434,18018.237737,-16155.604103
2022-02-19T18:45:00.000000000,9804.52502,17401.560881,-17928.504185
2022-02-19T19:00:00.000000000,7809.446685,16818.260003,-19402.39972
2022-02-19T19:15:00.000000000,5645.140907,16299.82226,-20552.665166
2022-02-19T19:30:00.000000000,3348.622223,15872.308107,-21359.887746
2022-02-19T19:45:00.000000000,961.56905,15555.350685,-21810.175157
2022-02-19T20:00:00.000000000,-1471.022739,15361.396502,-21895.393131
2022-02-19T20:15:00.000000000,-3902.311862,15295.215312,-21613.329072
2022-02-19T20:30:00.000000000,-6285.160081,15353.698809,-20967.777761
2022-02-19T20:45:00.000000000,-8573.704446,15525.958775,-19968.54488
2022-02-19T21:00:00.000000000,-10724.898748,15793.72556,-18631.364165
2022-02-19T21:15:00.000000000,-12699.969192,16132.037665,-16977.724235
2022-02-19T21:30:00.000000000,-14465.730475,16510.202725,-15034.601798
2022-02-19T21:45:00.000000000,-15995.711637,16892.999859,-12834.098974
2022-02-19T22:00:00.000000000,-17271.046072,17242.083301,-10412.98402
2022-02-19T22:15:00.000000000,-18281.087114,17517.538096,-7812.136722
2022-02-19T22:30:00.000000000,-19023.719678,17679.530717,-5075.902235
2022-02-19T22:45:00.000000000,-19505.349193,17689.991308,-2251.359956
2022-02-19T23:00:00.000000000,-19740.561408,17514.260429,612.482776
2022-02-19T23:15:00.000000000,-19751.460076,17122.631972,3465.559086
2022-02-19T23:30:00.000000000,-19566.703432,16491.725785,6257.656892
2022-02-19T23:45:00.000000000,-19220.27416,15605.628646,8939.359937
