2022-02-19T00:00:00.000000000,-1141.027498,-14978.920087,21660.511323
2022-02-19T00:15:00.000000000,1376.542803,-14634.653651,21862.567963
2022-02-19T00:30:00.000000000,3911.986476,-14427.10705,21679.165847
2022-02-19T00:45:00.000000000,6413.306554,-14357.646685,21113.036146
2022-02-19T01:00:00.000000000,8829.275245,-14419.12603,20173.847081
2022-02-19T01:15:00.000000000,11111.28104,-14596.200492,18878.04404
2022-02-19T01:30:00.000000000,13215.076001,-14865.992753,17248.547629
2022-02-19T01:45:00.000000000,15102.349476,-15199.080869,15314.316049
2022-02-19T02:00:00.000000000,16742.062104,-15560.766663,13109.782364
2022-02-19T02:15:00.000000000,18111.484893,-15912.569378,10674.180995
2022-02-19T02:30:00.000000000,19196.901694,-16213.879713,8050.780895
2022-02-19T02:45:00.000000000,19993.948807,-16423.702798,5286.045328
2022-02-19T03:00:00.000000000,20507.581895,-16502.415739,2428.739661
2022-02-19T03:15:00.000000000,20751.676758,-16413.465891,-470.990805
2022-02-19T03:30:00.000000000,20748.286335,-16124.940217,-3362.551155
2022-02-19T03:45:00.000000000,20526.590271,-15610.943134,-6195.814677
2022-02-19T04:00:00.000000000,20121.585418,-14852.730051,-8922.009235
2022-02-19T04:15:00.000000000,19572.574737,-13839.555318,-11494.555566
2022-02-19T04:30:00.000000000,18921.518381,-12569.20606,-13869.843504
2022-02-19T04:45:00.000000000,18211.314102,-11048.206703,-16007.93492
2022-02-19T05:00:00.000000000,17484.074523,-9291.692133,-17873.184922
2022-02-19T05:15:00.000000000,16779.466688,-7322.960061,-19434.775441
2022-02-19T05:30:00.000000000,16133.17474,-5172.724532,-20667.157702
2022-02-19T05:45:00.000000000,15575.540199,-2878.102675,-21550.401978
2022-02-19T06:00:00.000000000,15130.426304,-481.375154,-22070.454662
2022-02-19T06:15:00.000000000,14814.343833,1971.432507,-22219.303872
2022-02-19T06:30:00.000000000,14635.865967,4432.095603,-21995.055593
2022-02-19T06:45:00.000000000,14595.349448,6851.807742,-21401.922928
2022-02-19T07:00:00.000000000,14684.968917,9182.813525,-20450.131225
2022-02-19T07:15:00.000000000,14889.060928,11380.00006,-19155.741994
2022-02-19T07:30:00.000000000,15184.76417,13402.392769,-17540.398466
2022-02-19T07:45:00.000000000,15542.932891,15214.504318,-15630.99564
2022-02-19T08:00:00.000000000,15929.291702,16787.490162,-13459.277707
2022-02-19T08:15:00.000000000,16305.791948,18100.070284,-11061.365877
2022-02-19T08:30:00.000000000,16632.122871,19139.183979,-8477.219962
2022-02-19T08:45:00.000000000,16867.325059,19900.35285,-5750.03768
2022-02-19T09:00:00.000000000,16971.449319,20387.736566,-2925.596357
2022-02-19T09:15:00.000000000,16907.201357,20613.87607,-51.542845
2022-02-19T09:30:00.000000000,16641.511692,20599.129575,2823.361272
2022-02-19T09:45:00.000000000,16146.971258,20370.817749,5650.030617
2022-02-19T10:00:00.000000000,15403.076203,19962.105439,8379.872885
2022-02-19T10:15:00.000000000,14397.230732,19410.657809,10965.619671
2022-02-19T10:30:00.000000000,13125.464297,18757.118496,13362.157657
2022-02-19T10:45:00.000000000,11592.828996,18043.465743,15527.344993
2022-02-19T11:00:00.000000000,9813.454552,17311.309085,17422.796416
2022-02-19T11:15:00.000000000,7810.251217,16600.193476,19014.619803
2022-02-19T11:30:00.000000000,5614.265033,15945.979511,20274.086472
2022-02-19T11:45:00.000000000,3263.704602,15379.367211,21178.217782
2022-02-19T12:00:00.000000000,802.672838,14924.626546,21710.271562
2022-02-19T12:15:00.000000000,-1720.349175,14598.590566,21860.113516
2022-02-19T12:30:00.000000000,-4254.207236,14409.956775,21624.461214
2022-02-19T12:45:00.000000000,-6746.899474,14358.929634,21006.991296
2022-02-19T13:00:00.000000000,-9147.447154,14437.222423,20018.304189
2022-02-19T13:15:00.000000000,-11407.73272,14628.420759,18675.744716
2022-02-19T13:30:00.000000000,-13484.22766,14908.693737,17003.08124
2022-02-19T13:45:00.000000000,-15339.537303,15247.822891,15030.050351
2022-02-19T14:00:00.000000000,-16943.697687,15610.504645,12791.778181
2022-02-19T14:15:00.000000000,-18275.171007,15957.869731,10328.093166
2022-02-19T14:30:00.000000000,-19321.49996,16249.153568,7682.748066
2022-02-19T14:45:00.000000000,-20079.59692,16443.445605,4902.571433
2022-02-19T15:00:00.000000000,-20555.660375,16501.443063,2036.57007
2022-02-19T15:15:00.000000000,-20764.727373,16387.135655,-864.995491
2022-02-19T15:30:00.000000000,-20729.886351,16069.352406,-3751.540788
2022-02-19T15:45:00.000000000,-20481.188457,15523.10916,-6573.072043
2022-02-19T16:00:00.000000000,-20054.307135,14730.705464,-9281.066942
2022-02-19T16:15:00.000000000,-19489.004476,13682.531217,-11829.305288
2022-02-19T16:30:00.000000000,-18827.46873,12377.556349,-14174.635899
2022-02-19T16:45:00.000000000,-18112.590363,10823.490132,-16277.66891
2022-02-19T17:00:00.000000000,-17386.24404,9036.609853,-18103.385396
2022-02-19T17:15:00.000000000,-16687.641481,7041.271018,-19621.658766
2022-02-19T17:30:00.000000000,-16051.815252,4869.122496,-20807.684714
2022-02-19T17:45:00.000000000,-15508.286976,2558.059956,-21642.31835
2022-02-19T18:00:00.000000000,-15079.965247,150.959062,-22112.318764
2022-02-19T18:15:00.000000000,-14782.309369,-2305.763613,-22210.50232
2022-02-19T18:30:00.000000000,-14622.785079,-4763.70931,-21935.806814
2022-02-19T18:45:00.000000000,-14600.628123,-7174.119943,-21293.269101
2022-02-19T19:00:00.000000000,-14706.921116,-9489.508438,-20293.918988
2022-02-19T19:15:00.000000000,-14924.978831,-11665.240316,-18954.592308
2022-02-19T19:30:00.000000000,-15231.027095,-13661.012388,-17297.666043
2022-02-19T19:45:00.000000000,-15595.151044,-15442.177939,-15350.718325
2022-02-19T20:00:00.000000000,-15982.479796,-16980.87265,-13146.116234
2022-02-19T20:15:00.000000000,-16354.566685,-18256.901771,-10720.534448
2022-02-19T20:30:00.000000000,-16670.917476,-19258.356464,-8114.408156
2022-02-19T20:45:00.000000000,-16890.613339,-19981.93571,-5371.324281
2022-02-19T21:00:00.000000000,-16973.971276,-20432.959672,-2537.355845
2022-02-19T21:15:00.000000000,-16884.182142,-20625.070609,339.654598
2022-02-19T21:30:00.000000000,-16588.86572,-20579.628187,3210.855151
2022-02-19T21:45:00.000000000,-16061.483584,-20324.817061,6027.179641
2022-02-19T22:00:00.000000000,-15282.55385,-19894.495551,8740.167095
2022-02-19T22:15:00.000000000,-14240.617581,-19326.824659,11302.793438
2022-02-19T22:30:00.000000000,-12932.914289,-18662.726263,13670.301585
2022-02-19T22:45:00.000000000,-11365.733882,-17944.227434,15801.014579
2022-02-19T23:00:00.000000000,-9554.424077,-17212.754192,17657.115158
2022-02-19T23:15:00.000000000,-7523.04552,-16507.441993,19205.374384
2022-02-19T23:30:00.000000000,-5303.680993,-15863.531601,20417.811618
2022-02-19T23:45:00.000000000,-2935.419839,-15310.917417,21272.268491
2022-02-19T00:00:00.000000000,-1141.027498,-14978.920087,21660.511323
2022-02-19T00:15:00.000000000,1376.542803,-14634.653651,21862.567963
2022-02-19T00:30:00.000000000,3911.986476,-14427.10705,21679.165847
2022-02-19T00:45:00.000000000,6413.306554,-14357.646685,21113.036146
2022-02-19T01:00:00.000000000,8829.275245,-14419.12603,20173.847081
2022-02-19T01:15:00.000000000,11111.28104,-14596.200492,18878.04404
2022-02-19T01:30:00.000000000,13215.076001,-14865.992753,17248.547629
2022-02-19T01:45:00.000000000,15102.349476,-15199.080869,15314.316049
2022-02-19T02:00:00.000000000,16742.062104,-15560.766663,13109.782364
2022-02-19T02:15:00.000000000,18111.484893,-15912.569378,10674.180995
2022-02-19T02:30:00.000000000,19196.901694,-16213.879713,8050.780895
2022-02-19T02:45:00.000000000,19993.948807,-16423.702798,5286.045328
2022-02-19T03:00:00.000000000,20507.581895,-16502.415739,2428.739661
2022-02-19T03:15:00.000000000,20751.676758,-16413.465891,-470.990805
2022-02-19T03:30:00.000000000,20748.286335,-16124.940217,-3362.551155
2022-02-19T03:45:00.000000000,20526.590271,-15610.943134,-6195.814677
2022-02-19T04:00:00.000000000,20121.585418,-14852.730051,-8922.009235
2022-02-19T04:15:00.000000000,19572.574737,-13839.555318,-11494.555566
2022-02-19T04:30:00.000000000,18921.518381,-12569.20606,-13869.843504
2022-02-19T04:45:00.000000000,18211.314102,-11048.206703,-16007.93492
2022-02-19T05:00:00.000000000,17484.074523,-9291.692133,-17873.184922
2022-02-19T05:15:00.000000000,16779.466688,-7322.960061,-19434.775441
2022-02-19T05:30:00.000000000,16133.17474,-5172.724532,-20667.157702
2022-02-19T05:45:00.000000000,15575.540199,-2878.102675,-21550.401978
2022-02-19T06:00:00.000000000,15130.426304,-481.375154,-22070.454662
2022-02-19T06:15:00.000000000,14814.343833,1971.432507,-22219.303872
2022-02-19T06:30:00.000000000,14635.865967,4432.095603,-21995.055593
2022-02-19T06:45:00.000000000,14595.349448,6851.807742,-21401.922928
2022-02-19T07:00:00.000000000,14684.968917,9182.813525,-20450.131225
2022-02-19T07:15:00.000000000,14889.060928,11380.00006,-19155.741994
2022-02-19T07:30:00.000000000,15184.76417,13402.392769,-17540.398466
2022-02-19T07:45:00.000000000,15542.932891,15214.504318,-15630.99564
2022-02-19T08:00:00.000000000,15929.291702,16787.490162,-13459.277707
2022-02-19T08:15:00.000000000,16305.791948,18100.070284,-11061.365877
2022-02-19T08:30:00.000000000,16632.122871,19139.183979,-8477.219962
2022-02-19T08:45:00.000000000,16867.325059,19900.35285,-5750.03768
2022-02-19T09:00:00.000000000,16971.449319,20387.736566,-2925.596357
2022-02-19T09:15:00.000000000,16907.201357,20613.87607,-51.542845
2022-02-19T09:30:00.000000000,16641.511692,20599.129575,2823.361272
2022-02-19T09:45:00.000000000,16146.971258,20370.817749,5650.030617
2022-02-19T10:00:00.000000000,15403.076203,19962.105439,8379.872885
2022-02-19T10:15:00.000000000,14397.230732,19410.657809,10965.619671
2022-02-19T10:30:00.000000000,13125.464297,18757.118496,13362.157657
2022-02-19T10:45:00.000000000,11592.828996,18043.465743,15527.344993
2022-02-19T11:00:00.000000000,9813.454552,17311.309085,17422.796416
2022-02-19T11:15:00.000000000,7810.251217,16600.193476,19014.619803
2022-02-19T11:30:00.000000000,5614.265033,15945.979511,20274.086472
2022-02-19T11:45:00.000000000,3263.704602,15379.367211,21178.217782
2022-02-19T12:00:00.000000000,802.672838,14924.626546,21710.271562
2022-02-19T12:15:00.000000000,-1720.349175,14598.590566,21860.113516
2022-02-19T12:30:00.000000000,-4254.207236,14409.956775,21624.461214
2022-02-19T12:45:00.000000000,-6746.899474,14358.929634,21006.991296
2022-02-19T13:00:00.000000000,-9147.447154,14437.222423,20018.304189
2022-02-19T13:15:00.000000000,-11407.73272,14628.420759,18675.744716
2022-02-19T13:30:00.000000000,-13484.22766,14908.693737,17003.08124
2022-02-19T13:45:00.000000000,-15339.537303,15247.822891,15030.050351
2022-02-19T14:00:00.000000000,-16943.697687,15610.504645,12791.778181
2022-02-19T14:15:00.000000000,-18275.171007,15957.869731,10328.093166
2022-02-19T14:30:00.000000000,-19321.49996,16249.153568,7682.748066
2022-02-19T14:45:00.000000000,-20079.59692,16443.445605,4902.571433
2022-02-19T15:00:00.000000000,-20555.660375,16501.443063,2036.57007
2022-02-19T15:15:00.000000000,-20764.727373,16387.135655,-864.995491
2022-02-19T15:30:00.000000000,-20729.886351,16069.352406,-3751.540788
2022-02-19T15:45:00.000000000,-20481.188457,15523.10916,-6573.072043
2022-02-19T16:00:00.000000000,-20054.307135,14730.705464,-9281.066942
2022-02-19T16:15:00.000000000,-19489.004476,13682.531217,-11829.305288
2022-02-19T16:30:00.000000000,-18827.46873,12377.556349,-14174.635899
2022-02-19T16:45:00.000000000,-18112.590363,10823.490132,-16277.66891
2022-02-19T17:00:00.000000000,-17386.24404,9036.609853,-18103.385396
2022-02-19T17:15:00.000000000,-16687.641481,7041.271018,-19621.658766
2022-02-19T17:30:00.000000000,-16051.815252,4869.122496,-20807.684714
2022-02-19T17:45:00.000000000,-15508.286976,2558.059956,-21642.31835
2022-02-19T18:00:00.000000000,-15079.965247,150.959062,-22112.318764
2022-02-19T18:15:00.000000000,-14782.309369,-2305.763613,-22210.50232
2022-02-19T18:30:00.000000000,-14622.785079,-4763.70931,-21935.806814
2022-02-19T18:45:00.000000000,-14600.628123,-7174.119943,-21293.269101
2022-02-19T19:00:00.000000000,-14706.921116,-9489.508438,-20293.918988
2022-02-19T19:15:00.000000000,-14924.978831,-11665.240316,-18954.592308
2022-02-19T19:30:00.000000000,-15231.027095,-13661.012388,-17297.666043
2022-02-19T19:45:00.000000000,-15595.151044,-15442.177939,-15350.718325
2022-02-19T20:00:00.000000000,-15982.479796,-16980.87265,-13146.116234
2022-02-19T20:15:00.000000000,-16354.566685,-18256.901771,-10720.534448
2022-02-19T20:30:00.000000000,-16670.917476,-19258.356464,-8114.408156
2022-02-19T20:45:00.000000000,-16890.613339,-19981.93571,-5371.324281
2022-02-19T21:00:00.000000000,-16973.971276,-20432.959672,-2537.355845
2022-02-19T21:15:00.000000000,-16884.182142,-20625.070609,339.654598
2022-02-19T21:30:00.000000000,-16588.86572,-20579.628187,3210.855151
2022-02-19T21:45:00.000000000,-16061.483584,-20324.817061,6027.179641
2022-02-19T22:00:00.000000000,-15282.55385,-19894.495551,8740.167095
2022-02-19T22:15:00.000000000,-14240.617581,-19326.824659,11302.793438
2022-02-19T22:30:00.000000000,-12932.914289,-18662.726263,13670.301585
2022-02-19T22:45:00.000000000,-11365.733882,-17944.227434,15801.014579
2022-02-19T23:00:00.000000000,-9554.424077,-17212.754192,17657.115158
2022-02-19T23:15:00.000000000,-7523.04552,-16507.441993,19205.374384
2022-02-19T23:30:00.000000000,-5303.680993,-15863.531601,20417.811618
2022-02-19T23:45:00.000000000,-2935.419839,-15310.917417,21272.268491
2022-02-19T00:00:00.000000000,-1141.027498,-14978.920087,21660.511323
2022-02-19T00:15:00.000000000,1376.542803,-14634.653651,21862.567963
2022-02-19T00:30:00.000000000,3911.986476,-14427.10705,21679.165847
2022-02-19T00:45:00.000000000,6413.306554,-14357.646685,21113.036146
2022-02-19T01:00:00.000000000,8829.275245,-14419.12603,20173.847081
2022-02-19T01:15:00.000000000,11111.28104,-14596.200492,18878.04404
2022-02-19T01:30:00.000000000,13215.076001,-14865.992753,17248.547629
2022-02-19T01:45:00.000000000,15102.349476,-15199.080869,15314.316049
2022-02-19T02:00:00.000000000,16742.062104,-15560.766663,13109.782364
2022-02-19T02:15:00.000000000,18111.484893,-15912.569378,10674.180995
2022-02-19T02:30:00.000000000,19196.901694,-16213.879713,8050.780895
2022-02-19T02:45:00.000000000,19993.948807,-16423.702798,5286.045328
2022-02-19T03:00:00.000000000,20507.581895,-16502.415739,2428.739661
2022-02-19T03:15:00.000000000,20751.676758,-16413.465891,-470.990805
2022-02-19T03:30:00.000000000,20748.286335,-16124.940217,-3362.551155
2022-02-19T03:45:00.000000000,20526.590271,-15610.943134,-6195.814677
2022-02-19T04:00:00.000000000,20121.585418,-14852.730051,-8922.009235
2022-02-19T04:15:00.000000000,19572.574737,-13839.555318,-11494.555566
2022-02-19T04:30:00.000000000,18921.518381,-12569.20606,-13869.843504
2022-02-19T04:45:00.000000000,18211.314102,-11048.206703,-16007.93492
2022-02-19T05:00:00.000000000,17484.074523,-9291.692133,-17873.184922
2022-02-19T05:15:00.000000000,16779.466688,-7322.960061,-19434.775441
2022-02-19T05:30:00.000000000,16133.17474,-5172.724532,-20667.157702
2022-02-19T05:45:00.000000000,15575.540199,-2878.102675,-21550.401978
2022-02-19T06:00:00.000000000,15130.426304,-481.375154,-22070.454662
2022-02-19T06:15:00.000000000,14814.343833,1971.432507,-22219.303872
2022-02-19T06:30:00.000000000,14635.865967,4432.095603,-21995.055593
2022-02-19T06:45:00.000000000,14595.349448,6851.807742,-21401.922928
2022-02-19T07:00:00.000000000,14684.968917,9182.813525,-20450.131225
2022-02-19T07:15:00.000000000,14889.060928,11380.00006,-19155.741994
2022-02-19T07:30:00.000000000,15184.76417,13402.392769,-17540.398466
2022-02-19T07:45:00.000000000,15542.932891,15214.504318,-15630.99564
2022-02-19T08:00:00.000000000,15929.291702,16787.490162,-13459.277707
2022-02-19T08:15:00.000000000,16305.791948,18100.070284,-11061.365877
2022-02-19T08:30:00.000000000,16632.122871,19139.183979,-8477.219962
2022-02-19T08:45:00.000000000,16867.325059,19900.35285,-5750.03768
2022-02-19T09:00:00.000000000,16971.449319,20387.736566,-2925.596357
2022-02-19T09:15:00.000000000,16907.201357,20613.87607,-51.542845
2022-02-19T09:30:00.000000000,16641.511692,20599.129575,2823.361272
2022-02-19T09:45:00.000000000,16146.971258,20370.817749,5650.030617
2022-02-19T10:00:00.000000000,15403.076203,19962.105439,8379.872885
2022-02-19T10:15:00.000000000,14397.230732,19410.657809,10965.619671
2022-02-19T10:30:00.000000000,13125.464297,18757.118496,13362.157657
2022-02-19T10:45:00.000000000,11592.828996,18043.465743,15527.344993
2022-02-19T11:00:00.000000000,9813.454552,17311.309085,17422.796416
2022-02-19T11:15:00.000000000,7810.251217,16600.193476,19014.619803
2022-02-19T11:30:00.000000000,5614.265033,15945.979511,20274.086472
2022-02-19T11:45:00.000000000,3263.704602,15379.367211,21178.217782
2022-02-19T12:00:00.000000000,802.672838,14924.626546,21710.271562
2022-02-19T12:15:00.000000000,-1720.349175,14598.590566,21860.113516
2022-02-19T12:30:00.000000000,-4254.207236,14409.956775,21624.461214
2022-02-19T12:45:00.000000000,-6746.899474,14358.929634,21006.991296
2022-02-19T13:00:00.000000000,-9147.447154,14437.222423,20018.304189
2022-02-19T13:15:00.000000000,-11407.73272,14628.420759,18675.744716
2022-02-19T13:30:00.000000000,-13484.22766,14908.693737,17003.08124
2022-02-19T13:45:00.000000000,-15339.537303,15247.822891,15030.050351
2022-02-19T14:00:00.000000000,-16943.697687,15610.504645,12791.778181
2022-02-19T14:15:00.000000000,-18275.171007,15957.869731,10328.093166
2022-02-19T14:30:00.000000000,-19321.49996,16249.153568,7682.748066
2022-02-19T14:45:00.000000000,-20079.59692,16443.445605,4902.571433
2022-02-19T15:00:00.000000000,-20555.660375,16501.443063,2036.57007
2022-02-19T15:15:00.000000000,-20764.727373,16387.135655,-864.995491
2022-02-19T15:30:00.000000000,-20729.886351,16069.352406,-3751.540788
2022-02-19T15:45:00.000000000,-20481.188457,15523.10916,-6573.072043
2022-02-19T16:00:00.000000000,-20054.307135,14730.705464,-9281.066942
2022-02-19T16:15:00.000000000,-19489.004476,13682.531217,-11829.305288
2022-02-19T16:30:00.000000000,-18827.46873,12377.556349,-14174.635899
2022-02-19T16:45:00.000000000,-18112.590363,10823.490132,-16277.66891
2022-02-19T17:00:00.000000000,-17386.24404,9036.609853,-18103.385396
2022-02-19T17:15:00.000000000,-16687.641481,7041.271018,-19621.658766
2022-02-19T17:30:00.000000000,-16051.815252,4869.122496,-20807.684714
2022-02-19T17:45:00.000000000,-15508.286976,2558.059956,-21642.31835
2022-02-19T18:00:00.000000000,-15079.965247,150.959062,-22112.318764
2022-02-19T18:15:00.000000000,-14782.309369,-2305.763613,-22210.50232
2022-02-19T18:30:00.000000000,-14622.785079,-4763.70931,-21935.806814
2022-02-19T18:45:00.000000000,-14600.628123,-7174.119943,-21293.269101
2022-02-19T19:00:00.000000000,-14706.921116,-9489.508438,-20293.918988
2022-02-19T19:15:00.000000000,-14924.978831,-11665.240316,-18954.592308
2022-02-19T19:30:00.000000000,-15231.027095,-13661.012388,-17297.666043
2022-02-19T19:45:00.000000000,-15595.151044,-15442.177939,-15350.718325
2022-02-19T20:00:00.000000000,-15982.479796,-16980.87265,-13146.116234
2022-02-19T20:15:00.000000000,-16354.566685,-18256.901771,-10720.534448
2022-02-19T20:30:00.000000000,-16670.917476,-19258.356464,-8114.408156
2022-02-19T20:45:00.000000000,-16890.613339,-19981.93571,-5371.324281
2022-02-19T21:00:00.000000000,-16973.971276,-20432.959672,-2537.355845
2022-02-19T21:15:00.000000000,-16884.182142,-20625.070609,339.654598
2022-02-19T21:30:00.000000000,-16588.86572,-20579.628187,3210.855151
2022-02-19T21:45:00.000000000,-16061.483584,-20324.817061,6027.179641
2022-02-19T22:00:00.000000000,-15282.55385,-19894.495551,8740.167095
2022-02-19T22:15:00.000000000,-14240.617581,-19326.824659,11302.793438
2022-02-19T22:30:00.000000000,-12932.914289,-18662.726263,13670.301585
2022-02-19T22:45:00.000000000,-11365.733882,-17944.227434,15801.014579
2022-02-19T23:00:00.000000000,-9554.424077,-17212.754192,17657.115158
2022-02-19T23:15:00.000000000,-7523.04552,-16507.441993,19205.374384
2022-02-19T23:30:00.000000000,-5303.680993,-15863.531601,20417.811618
2022-02-19T23:45:00.000000000,-2935.419839,-15310.917417,21272.268491
2022-02-19T00:00:00.000000000,-1141.027498,-14978.920087,21660.511323
2022-02-19T00:15:00.000000000,1376.542803,-14634.653651,21862.567963
2022-02-19T00:30:00.000000000,3911.986476,-14427.10705,21679.165847
2022-02-19T00:45:00.000000000,6413.306554,-14357.646685,21113.036146
2022-02-19T01:00:00.000000000,8829.275245,-14419.12603,20173.847081
2022-02-19T01:15:00.000000000,11111.28104,-14596.200492,18878.04404
2022-02-19T01:30:00.000000000,13215.076001,-14865.992753,17248.547629
2022-02-19T01:45:00.000000000,15102.349476,-15199.080869,15314.316049
2022-02-19T02:00:00.000000000,16742.062104,-15560.766663,13109.782364
2022-02-19T02:15:00.000000000,18111.484893,-15912.569378,10674.180995
2022-02-19T02:30:00.000000000,19196.901694,-16213.879713,8050.780895
2022-02-19T02:45:00.000000000,19993.948807,-16423.702798,5286.045328
2022-02-19T03:00:00.000000000,20507.581895,-16502.415739,2428.739661
2022-02-19T03:15:00.000000000,20751.676758,-16413.465891,-470.990805
2022-02-19T03:30:00.000000000,20748.286335,-16124.940217,-3362.551155
2022-02-19T03:45:00.000000000,20526.590271,-15610.943134,-6195.814677
2022-02-19T04:00:00.000000000,20121.585418,-14852.730051,-8922.009235
2022-02-19T04:15:00.000000000,19572.574737,-13839.555318,-11494.555566
2022-02-19T04:30:00.000000000,18921.518381,-12569.20606,-13869.843504
2022-02-19T04:45:00.000000000,18211.314102,-11048.206703,-16007.93492
2022-02-19T05:00:00.000000000,17484.074523,-9291.692133,-17873.184922
2022-02-19T05:15:00.000000000,16779.466688,-7322.960061,-19434.775441
2022-02-19T05:30:00.000000000,16133.17474,-5172.724532,-20667.157702
2022-02-19T05:45:00.000000000,15575.540199,-2878.102675,-21550.401978
2022-02-19T06:00:00.000000000,15130.426304,-481.375154,-22070.454662
2022-02-19T06:15:00.000000000,14814.343833,1971.432507,-22219.303872
2022-02-19T06:30:00.000000000,14635.865967,4432.095603,-21995.055593
2022-02-19T06:45:00.000000000,14595.349448,6851.807742,-21401.922928
2022-02-19T07:00:00.000000000,14684.968917,9182.813525,-20450.131225
2022-02-19T07:15:00.000000000,14889.060928,11380.00006,-19155.741994
2022-02-19T07:30:00.000000000,15184.76417,13402.392769,-17540.398466
2022-02-19T07:45:00.000000000,15542.932891,15214.504318,-15630.99564
2022-02-19T08:00:00.000000000,15929.291702,16787.490162,-13459.277707
2022-02-19T08:15:00.000000000,16305.791948,18100.070284,-11061.365877
2022-02-19T08:30:00.000000000,16632.122871,19139.183979,-8477.219962
2022-02-19T08:45:00.000000000,16867.325059,19900.35285,-5750.03768
2022-02-19T09:00:00.000000000,16971.449319,20387.736566,-2925.596357
2022-02-19T09:15:00.000000000,16907.201357,20613.87607,-51.542845
2022-02-19T09:30:00.000000000,16641.511692,20599.129575,2823.361272
2022-02-19T09:45:00.000000000,16146.971258,20370.817749,5650.030617
2022-02-19T10:00:00.000000000,15403.076203,19962.105439,8379.872885
2022-02-19T10:15:00.000000000,14397.230732,19410.657809,10965.619671
2022-02-19T10:30:00.000000000,13125.464297,18757.118496,13362.157657
2022-02-19T10:45:00.000000000,11592.828996,18043.465743,15527.344993
2022-02-19T11:00:00.000000000,9813.454552,17311.309085,17422.796416
2022-02-19T11:15:00.000000000,7810.251217,16600.193476,19014.619803
2022-02-19T11:30:00.000000000,5614.265033,15945.979511,20274.086472
2022-02-19T11:45:00.000000000,3263.704602,15379.367211,21178.217782
2022-02-19T12:00:00.000000000,802.672838,14924.626546,21710.271562
2022-02-19T12:15:00.000000000,-1720.349175,14598.590566,21860.113516
2022-02-19T12:30:00.000000000,-4254.207236,14409.956775,21624.461214
2022-02-19T12:45:00.000000000,-6746.899474,14358.929634,21006.991296
2022-02-19T13:00:00.000000000,-9147.447154,14437.222423,20018.304189
2022-02-19T13:15:00.000000000,-11407.73272,14628.420759,18675.744716
2022-02-19T13:30:00.000000000,-13484.22766,14908.693737,17003.08124
2022-02-19T13:45:00.000000000,-15339.537303,15247.822891,15030.050351
2022-02-19T14:00:00.000000000,-16943.697687,15610.504645,12791.778181
2022-02-19T14:15:00.000000000,-18275.171007,15957.869731,10328.093166
2022-02-19T14:30:00.000000000,-19321.49996,16249.153568,7682.748066
2022-02-19T14:45:00.000000000,-20079.59692,16443.445605,4902.571433
2022-02-19T15:00:00.000000000,-20555.660375,16501.443063,2036.57007
2022-02-19T15:15:00.000000000,-20764.727373,16387.135655,-864.995491
2022-02-19T15:30:00.000000000,-20729.886351,16069.352406,-3751.540788
2022-02-19T15:45:00.000000000,-20481.188457,15523.10916,-6573.072043
2022-02-19T16:00:00.000000000,-20054.307135,14730.705464,-9281.066942
2022-02-19T16:15:00.000000000,-19489.004476,13682.531217,-11829.305288
2022-02-19T16:30:00.000000000,-18827.46873,12377.556349,-14174.635899
2022-02-19T16:45:00.000000000,-18112.590363,10823.490132,-16277.66891
2022-02-19T17:00:00.000000000,-17386.24404,9036.609853,-18103.385396
2022-02-19T17:15:00.000000000,-16687.641481,7041.271018,-19621.658766
2022-02-19T17:30:00.000000000,-16051.815252,4869.122496,-20807.684714
2022-02-19T17:45:00.000000000,-15508.286976,2558.059956,-21642.31835
2022-02-19T18:00:00.000000000,-15079.965247,150.959062,-22112.318764
2022-02-19T18:15:00.000000000,-14782.309369,-2305.763613,-22210.50232
2022-02-19T18:30:00.000000000,-14622.785079,-4763.70931,-21935.806814
2022-02-19T18:45:00.000000000,-14600.628123,-7174.119943,-21293.269101
2022-02-19T19:00:00.000000000,-14706.921116,-9489.508438,-20293.918988
2022-02-19T19:15:00.000000000,-14924.978831,-11665.240316,-18954.592308
2022-02-19T19:30:00.000000000,-15231.027095,-13661.012388,-17297.666043
2022-02-19T19:45:00.000000000,-15595.151044,-15442.177939,-15350.718325
2022-02-19T20:00:00.000000000,-15982.479796,-16980.87265,-13146.116234
2022-02-19T20:15:00.000000000,-16354.566685,-18256.901771,-10720.534448
2022-02-19T20:30:00.000000000,-16670.917476,-19258.356464,-8114.408156
2022-02-19T20:45:00.000000000,-16890.613339,-19981.93571,-5371.324281
2022-02-19T21:00:00.000000000,-16973.971276,-20432.959672,-2537.355845
2022-02-19T21:15:00.000000000,-16884.182142,-20625.070609,339.654598
2022-02-19T21:30:00.000000000,-16588.86572,-20579.628187,3210.855151
2022-02-19T21:45:00.000000000,-16061.483584,-20324.817061,6027.179641
2022-02-19T22:00:00.000000000,-15282.55385,-19894.495551,8740.167095
2022-02-19T22:15:00.000000000,-14240.617581,-19326.824659,11302.793438
2022-02-19T22:30:00.000000000,-12932.914289,-18662.726263,13670.301585
2022-02-19T22:45:00.000000000,-11365.733882,-17944.227434,15801.014579
2022-02-19T23:00:00.000000000,-9554.424077,-17212.754192,17657.115158
2022-02-19T23:15:00.000000000,-7523.04552,-16507.441993,19205.374384
2022-02-19T23:30:00.000000000,-5303.680993,-15863.531601,20417.811618
2022-02-19T23:45:00.000000000,-2935.419839,-15310.917417,21272.268491
2022-02-19T00:00:00.000000000,-1141.027498,-14978.920087,21660.511323
2022-02-19T00:15:00.000000000,1376.542803,-14634.653651,21862.567963
2022-02-19T00:30:00.000000000,3911.986476,-14427.10705,21679.165847
2022-02-19T00:45:00.000000000,6413.306554,-14357.646685,21113.036146
2022-02-19T01:00:00.000000000,8829.275245,-14419.12603,20173.847081
2022-02-19T01:15:00.000000000,11111.28104,-14596.200492,18878.04404
2022-02-19T01:30:00.000000000,13215.076001,-14865.992753,17248.547629
2022-02-19T01:45:00.000000000,15102.349476,-15199.080869,15314.316049
2022-02-19T02:00:00.000000000,16742.062104,-15560.766663,13109.782364
2022-02-19T02:15:00.000000000,18111.484893,-15912.569378,10674.180995
2022-02-19T02:30:00.000000000,19196.901694,-16213.879713,8050.780895
2022-02-19T02:45:00.000000000,19993.948807,-16423.702798,5286.045328
2022-02-19T03:00:00.000000000,20507.581895,-16502.415739,2428.739661
2022-02-19T03:15:00.000000000,20751.676758,-16413.465891,-470.990805
2022-02-19T03:30:00.000000000,20748.286335,-16124.940217,-3362.551155
2022-02-19T03:45:00.000000000,20526.590271,-15610.943134,-6195.814677
2022-02-19T04:00:00.000000000,20121.585418,-14852.730051,-8922.009235
2022-02-19T04:15:00.000000000,19572.574737,-13839.555318,-11494.555566
2022-02-19T04:30:00.000000000,18921.518381,-12569.20606,-13869.843504
2022-02-19T04:45:00.000000000,18211.314102,-11048.206703,-16007.93492
2022-02-19T05:00:00.000000000,17484.074523,-9291.692133,-17873.184922
2022-02-19T05:15:00.000000000,16779.466688,-7322.960061,-19434.775441
2022-02-19T05:30:00.000000000,16133.17474,-5172.724532,-20667.157702
2022-02-19T05:45:00.000000000,15575.540199,-2878.102675,-21550.401978
2022-02-19T06:00:00.000000000,15130.426304,-481.375154,-22070.454662
2022-02-19T06:15:00.000000000,14814.343833,1971.432507,-22219.303872
2022-02-19T06:30:00.000000000,14635.865967,4432.095603,-21995.055593
2022-02-19T06:45:00.000000000,14595.349448,6851.807742,-21401.922928
2022-02-19T07:00:00.000000000,14684.968917,9182.813525,-20450.131225
2022-02-19T07:15:00.000000000,14889.060928,11380.00006,-19155.741994
2022-02-19T07:30:00.000000000,15184.76417,13402.392769,-17540.398466
2022-02-19T07:45:00.000000000,15542.932891,15214.504318,-15630.99564
2022-02-19T08:00:00.000000000,15929.291702,16787.490162,-13459.277707
2022-02-19T08:15:00.000000000,16305.791948,18100.070284,-11061.365877
2022-02-19T08:30:00.000000000,16632.122871,19139.183979,-8477.219962
2022-02-19T08:45:00.000000000,16867.325059,19900.35285,-5750.03768
2022-02-19T09:00:00.000000000,16971.449319,20387.736566,-2925.596357
2022-02-19T09:15:00.000000000,16907.201357,20613.87607,-51.542845
2022-02-19T09:30:00.000000000,16641.511692,20599.129575,2823.361272
2022-02-19T09:45:00.000000000,16146.971258,20370.817749,5650.030617
2022-02-19T10:00:00.000000000,15403.076203,19962.105439,8379.872885
2022-02-19T10:15:00.000000000,14397.230732,19410.657809,10965.619671
2022-02-19T10:30:00.000000000,13125.464297,18757.118496,13362.157657
2022-02-19T10:45:00.000000000,11592.828996,18043.465743,15527.344993
2022-02-19T11:00:00.000000000,9813.454552,17311.309085,17422.796416
2022-02-19T11:15:00.000000000,7810.251217,16600.193476,19014.619803
2022-02-19T11:30:00.000000000,5614.265033,15945.979511,20274.086472
2022-02-19T11:45:00.000000000,3263.704602,15379.367211,21178.217782
2022-02-19T12:00:00.000000000,802.672838,14924.626546,21710.271562
2022-02-19T12:15:00.000000000,-1720.349175,14598.590566,21860.113516
2022-02-19T12:30:00.000000000,-4254.207236,14409.956775,21624.461214
2022-02-19T12:45:00.000000000,-6746.899474,14358.929634,21006.991296
2022-02-19T13:00:00.000000000,-9147.447154,14437.222423,20018.304189
2022-02-19T13:15:00.000000000,-11407.73272,14628.420759,18675.744716
2022-02-19T13:30:00.000000000,-13484.22766,14908.693737,17003.08124
2022-02-19T13:45:00.000000000,-15339.537303,15247.822891,15030.050351
2022-02-19T14:00:00.000000000,-16943.697687,15610.504645,12791.778181
2022-02-19T14:15:00.000000000,-18275.171007,15957.869731,10328.093166
2022-02-19T14:30:00.000000000,-19321.49996,16249.153568,7682.748066
2022-02-19T14:45:00.000000000,-20079.59692,16443.445605,4902.571433
2022-02-19T15:00:00.000000000,-20555.660375,16501.443063,2036.57007
2022-02-19T15:15:00.000000000,-20764.727373,16387.135655,-864.995491
2022-02-19T15:30:00.000000000,-20729.886351,16069.352406,-3751.540788
2022-02-19T15:45:00.000000000,-20481.188457,15523.10916,-6573.072043
2022-02-19T16:00:00.000000000,-20054.307135,14730.705464,-9281.066942
2022-02-19T16:15:00.000000000,-19489.004476,13682.531217,-11829.305288
2022-02-19T16:30:00.000000000,-18827.46873,12377.556349,-14174.635899
2022-02-19T16:45:00.000000000,-18112.590363,10823.490132,-16277.66891
2022-02-19T17:00:00.000000000,-17386.24404,9036.609853,-18103.385396
2022-02-19T17:15:00.000000000,-16687.641481,7041.271018,-19621.658766
2022-02-19T17:30:00.000000000,-16051.815252,4869.122496,-20807.684714
2022-02-19T17:45:00.000000000,-15508.286976,2558.059956,-21642.31835
2022-02-19T18:00:00.000000000,-15079.965247,150.959062,-22112.318764
2022-02-19T18:15:00.000000000,-14782.309369,-2305.763613,-22210.50232
2022-02-19T18:30:00.000000000,-14622.785079,-4763.70931,-21935.806814
2022-02-19T18:45:00.000000000,-14600.628123,-7174.119943,-21293.269101
2022-02-19T19:00:00.000000000,-14706.921116,-9489.508438,-20293.918988
2022-02-19T19:15:00.000000000,-14924.978831,-11665.240316,-18954.592308
2022-02-19T19:30:00.000000000,-15231.027095,-13661.012388,-17297.666043
2022-02-19T19:45:00.000000000,-15595.151044,-15442.177939,-15350.718325
2022-02-19T20:00:00.000000000,-15982.479796,-16980.87265,-13146.116234
2022-02-19T20:15:00.000000000,-16354.566685,-18256.901771,-10720.534448
2022-02-19T20:30:00.000000000,-16670.917476,-19258.356464,-8114.408156
2022-02-19T20:45:00.000000000,-16890.613339,-19981.93571,-5371.324281
2022-02-19T21:00:00.000000000,-16973.971276,-20432.959672,-2537.355845
2022-02-19T21:15:00.000000000,-16884.182142,-20625.070609,339.654598
2022-02-19T21:30:00.000000000,-16588.86572,-20579.628187,3210.855151
2022-02-19T21:45:00.000000000,-16061.483584,-20324.817061,6027.179641
2022-02-19T22:00:00.000000000,-15282.55385,-19894.495551,8740.167095
2022-02-19T22:15:00.000000000,-14240.617581,-19326.824659,11302.793438
2022-02-19T22:30:00.000000000,-12932.914289,-18662.726263,13670.301585
2022-02-19T22:45:00.000000000,-11365.733882,-17944.227434,15801.014579
2022-02-19T23:00:00.000000000,-9554.424077,-17212.754192,17657.115158
2022-02-19T23:15:00.000000000,-7523.04552,-16507.441993,19205.374384
2022-02-19T23:30:00.000000000,-5303.680993,-15863.531601,20417.811618
2022-02-19T23:45:00.000000000,-2935.419839,-15310.917417,21272.268491
2022-02-19T00:00:00.000000000,-1141.027498,-14978.920087,21660.511323
2022-02-19T00:15:00.000000000,1376.542803,-14634.653651,21862.567963
2022-02-19T00:30:00.000000000,3911.986476,-14427.10705,21679.165847
2022-02-19T00:45:00.000000000,6413.306554,-14357.646685,21113.036146
2022-02-19T01:00:00.000000000,8829.275245,-14419.12603,20173.847081
2022-02-19T01:15:00.000000000,11111.28104,-14596.200492,18878.04404
2022-02-19T01:30:00.000000000,13215.076001,-14865.992753,17248.547629
2022-02-19T01:45:00.000000000,15102.349476,-15199.080869,15314.316049
2022-02-19T02:00:00.000000000,16742.062104,-15560.766663,13109.782364
2022-02-19T02:15:00.000000000,18111.484893,-15912.569378,10674.180995
2022-02-19T02:30:00.000000000,19196.901694,-16213.879713,8050.780895
2022-02-19T02:45:00.000000000,19993.948807,-16423.702798,5286.045328
2022-02-19T03:00:00.000000000,20507.581895,-16502.415739,2428.739661
2022-02-19T03:15:00.000000000,20751.676758,-16413.465891,-470.990805
2022-02-19T03:30:00.000000000,20748.286335,-16124.940217,-3362.551155
2022-02-19T03:45:00.000000000,20526.590271,-15610.943134,-6195.814677
2022-02-19T04:00:00.000000000,20121.585418,-14852.730051,-8922.009235
2022-02-19T04:15:00.000000000,19572.574737,-13839.555318,-11494.555566
2022-02-19T04:30:00.000000000,18921.518381,-12569.20606,-13869.843504
2022-02-19T04:45:00.000000000,18211.314102,-11048.206703,-16007.93492
2022-02-19T05:00:00.000000000,17484.074523,-9291.692133,-17873.184922
2022-02-19T05:15:00.000000000,16779.466688,-7322.960061,-19434.775441
2022-02-19T05:30:00.000000000,16133.17474,-5172.724532,-20667.157702
2022-02-19T05:45:00.000000000,15575.540199,-2878.102675,-21550.401978
2022-02-19T06:00:00.000000000,15130.426304,-481.375154,-22070.454662
2022-02-19T06:15:00.000000000,14814.343833,1971.432507,-22219.303872
2022-02-19T06:30:00.000000000,14635.865967,4432.095603,-21995.055593
2022-02-19T06:45:00.000000000,14595.349448,6851.807742,-21401.922928
2022-02-19T07:00:00.000000000,14684.968917,9182.813525,-20450.131225
2022-02-19T07:15:00.000000000,14889.060928,11380.00006,-19155.741994
2022-02-19T07:30:00.000000000,15184.76417,13402.392769,-17540.398466
2022-02-19T07:45:00.000000000,15542.932891,15214.504318,-15630.99564
2022-02-19T08:00:00.000000000,15929.291702,16787.490162,-13459.277707
2022-02-19T08:15:00.000000000,16305.791948,18100.070284,-11061.365877
2022-02-19T08:30:00.000000000,16632.122871,19139.183979,-8477.219962
2022-02-19T08:45:00.000000000,16867.325059,19900.35285,-5750.03768
2022-02-19T09:00:00.000000000,16971.449319,20387.736566,-2925.596357
2022-02-19T09:15:00.000000000,16907.201357,20613.87607,-51.542845
2022-02-19T09:30:00.000000000,16641.511692,20599.129575,2823.361272
2022-02-19T09:45:00.000000000,16146.971258,20370.817749,5650.030617
2022-02-19T10:00:00.000000000,15403.076203,19962.105439,8379.872885
2022-02-19T10:15:00.000000000,14397.230732,19410.657809,10965.619671
2022-02-19T10:30:00.000000000,13125.464297,18757.118496,13362.157657
2022-02-19T10:45:00.000000000,11592.828996,18043.465743,15527.344993
2022-02-19T11:00:00.000000000,9813.454552,17311.309085,17422.796416
2022-02-19T11:15:00.000000000,7810.251217,16600.193476,19014.619803
2022-02-19T11:30:00.000000000,5614.265033,15945.979511,20274.086472
2022-02-19T11:45:00.000000000,3263.704602,15379.367211,21178.217782
2022-02-19T12:00:00.000000000,802.672838,14924.626546,21710.271562
2022-02-19T12:15:00.000000000,-1720.349175,14598.590566,21860.113516
2022-02-19T12:30:00.000000000,-4254.207236,14409.956775,21624.461214
2022-02-19T12:45:00.000000000,-6746.899474,14358.929634,21006.991296
2022-02-19T13:00:00.000000000,-9147.447154,14437.222423,20018.304189
2022-02-19T13:15:00.000000000,-11407.73272,14628.420759,18675.744716
2022-02-19T13:30:00.000000000,-13484.22766,14908.693737,17003.08124
2022-02-19T13:45:00.000000000,-15339.537303,15247.822891,15030.050351
2022-02-19T14:00:00.000000000,-16943.697687,15610.504645,12791.778181
2022-02-19T14:15:00.000000000,-18275.171007,15957.869731,10328.093166
2022-02-19T14:30:00.000000000,-19321.49996,16249.153568,7682.748066
2022-02-19T14:45:00.000000000,-20079.59692,16443.445605,4902.571433
2022-02-19T15:00:00.000000000,-20555.660375,16501.443063,2036.57007
2022-02-19T15:15:00.000000000,-20764.727373,16387.135655,-864.995491
2022-02-19T15:30:00.000000000,-20729.886351,16069.352406,-3751.540788
2022-02-19T15:45:00.000000000,-20481.188457,15523.10916,-6573.072043
2022-02-19T16:00:00.000000000,-20054.307135,14730.705464,-9281.066942
2022-02-19T16:15:00.000000000,-19489.004476,13682.531217,-11829.305288
2022-02-19T16:30:00.000000000,-18827.46873,12377.556349,-14174.635899
2022-02-19T16:45:00.000000000,-18112.590363,10823.490132,-16277.66891
2022-02-19T17:00:00.000000000,-17386.24404,9036.609853,-18103.385396
2022-02-19T17:15:00.000000000,-16687.641481,7041.271018,-19621.658766
2022-02-19T17:30:00.000000000,-16051.815252,4869.122496,-20807.684714
2022-02-19T17:45:00.000000000,-15508.286976,2558.059956,-21642.31835
2022-02-19T18:00:00.000000000,-15079.965247,150.959062,-22112.318764
2022-02-19T18:15:00.000000000,-14782.309369,-2305.763613,-22210.50232
2022-02-19T18:30:00.000000000,-14622.785079,-4763.70931,-21935.806814
2022-02-19T18:45:00.000000000,-14600.628123,-7174.119943,-21293.269101
2022-02-19T19:00:00.000000000,-14706.921116,-9489.508438,-20293.918988
2022-02-19T19:15:00.000000000,-14924.978831,-11665.240316,-18954.592308
2022-02-19T19:30:00.000000000,-15231.027095,-13661.012388,-17297.666043
2022-02-19T19:45:00.000000000,-15595.151044,-15442.177939,-15350.718325
2022-02-19T20:00:00.000000000,-15982.479796,-16980.87265,-13146.116234
2022-02-19T20:15:00.000000000,-16354.566685,-18256.901771,-10720.534448
2022-02-19T20:30:00.000000000,-16670.917476,-19258.356464,-8114.408156
2022-02-19T20:45:00.000000000,-16890.613339,-19981.93571,-5371.324281
2022-02-19T21:00:00.000000000,-16973.971276,-20432.959672,-2537.355845
2022-02-19T21:15:00.000000000,-16884.182142,-20625.070609,339.654598
2022-02-19T21:30:00.000000000,-16588.86572,-20579.628187,3210.855151
2022-02-19T21:45:00.000000000,-16061.483584,-20324.817061,6027.179641
2022-02-19T22:00:00.000000000,-15282.55385,-19894.495551,8740.167095
2022-02-19T22:15:00.000000000,-14240.617581,-19326.824659,11302.793438
2022-02-19T22:30:00.000000000,-12932.914289,-18662.726263,13670.301585
2022-02-19T22:45:00.000000000,-11365.733882,-17944.227434,15801.014579
2022-02-19T23:00:00.000000000,-9554.424077,-17212.754192,17657.115158
2022-02-19T23:15:00.000000000,-7523.04552,-16507.441993,19205.374384
2022-02-19T23:30:00.000000000,-5303.680993,-15863.531601,20417.811618
2022-02-19T23:45:00.000000000,-2935.419839,-15310.917417,21272.268491
2022-02-19T00:00:00.000000000,-1141.027498,-14978.920087,21660.511323
2022-02-19T00:15:00.000000000,1376.542803,-14634.653651,21862.567963
2022-02-19T00:30:00.000000000,3911.986476,-14427.10705,21679.165847
2022-02-19T00:45:00.000000000,6413.306554,-14357.646685,21113.036146
2022-02-19T01:00:00.000000000,8829.275245,-14419.12603,20173.847081
2022-02-19T01:15:00.000000000,11111.28104,-14596.200492,18878.04404
2022-02-19T01:30:00.000000000,13215.076001,-14865.992753,17248.547629
2022-02-19T01:45:00.000000000,15102.349476,-15199.080869,15314.316049
2022-02-19T02:00:00.000000000,16742.062104,-15560.766663,13109.782364
2022-02-19T02:15:00.000000000,18111.484893,-15912.569378,10674.180995
2022-02-19T02:30:00.000000000,19196.901694,-16213.879713,8050.780895
2022-02-19T02:45:00.000000000,19993.948807,-16423.702798,5286.045328
2022-02-19T03:00:00.000000000,20507.581895,-16502.415739,2428.739661
2022-02-19T03:15:00.000000000,20751.676758,-16413.465891,-470.990805
2022-02-19T03:30:00.000000000,20748.286335,-16124.940217,-3362.551155
2022-02-19T03:45:00.000000000,20526.590271,-15610.943134,-6195.814677
2022-02-19T04:00:00.000000000,20121.585418,-14852.730051,-8922.009235
2022-02-19T04:15:00.000000000,19572.574737,-13839.555318,-11494.555566
2022-02-19T04:30:00.000000000,18921.518381,-12569.20606,-13869.843504
2022-02-19T04:45:00.000000000,18211.314102,-11048.206703,-16007.93492
2022-02-19T05:00:00.000000000,17484.074523,-9291.692133,-17873.184922
2022-02-19T05:15:00.000000000,16779.466688,-7322.960061,-19434.775441
2022-02-19T05:30:00.000000000,16133.17474,-5172.724532,-20667.157702
2022-02-19T05:45:00.000000000,15575.540199,-2878.102675,-21550.401978
2022-02-19T06:00:00.000000000,15130.426304,-481.375154,-22070.454662
2022-02-19T06:15:00.000000000,14814.343833,1971.432507,-22219.303872
2022-02-19T06:30:00.000000000,14635.865967,4432.095603,-21995.055593
2022-02-19T06:45:00.000000000,14595.349448,6851.807742,-21401.922928
2022-02-19T07:00:00.000000000,14684.968917,9182.813525,-20450.131225
2022-02-19T07:15:00.000000000,14889.060928,11380.00006,-19155.741994
2022-02-19T07:30:00.000000000,15184.76417,13402.392769,-17540.398466
2022-02-19T07:45:00.000000000,15542.932891,15214.504318,-15630.99564
2022-02-19T08:00:00.000000000,15929.291702,16787.490162,-13459.277707
2022-02-19T08:15:00.000000000,16305.791948,18100.070284,-11061.365877
2022-02-19T08:30:00.000000000,16632.122871,19139.183979,-8477.219962
2022-02-19T08:45:00.000000000,16867.325059,19900.35285,-5750.03768
2022-02-19T09:00:00.000000000,16971.449319,20387.736566,-2925.596357
2022-02-19T09:15:00.000000000,16907.201357,20613.87607,-51.542845
2022-02-19T09:30:00.000000000,16641.511692,20599.129575,2823.361272
2022-02-19T09:45:00.000000000,16146.971258,20370.817749,5650.030617
2022-02-19T10:00:00.000000000,15403.076203,19962.105439,8379.872885
2022-02-19T10:15:00.000000000,14397.230732,19410.657809,10965.619671
2022-02-19T10:30:00.000000000,13125.464297,18757.118496,13362.157657
2022-02-19T10:45:00.000000000,11592.828996,18043.465743,15527.344993
2022-02-19T11:00:00.000000000,9813.454552,17311.309085,17422.796416
2022-02-19T11:15:00.000000000,7810.251217,16600.193476,19014.619803
2022-02-19T11:30:00.000000000,5614.265033,15945.979511,20274.086472
2022-02-19T11:45:00.000000000,3263.704602,15379.367211,21178.217782
2022-02-19T12:00:00.000000000,802.672838,14924.626546,21710.271562
2022-02-19T12:15:00.000000000,-1720.349175,14598.590566,21860.113516
2022-02-19T12:30:00.000000000,-4254.207236,14409.956775,21624.461214
2022-02-19T12:45:00.000000000,-6746.899474,14358.929634,21006.991296
2022-02-19T13:00:00.000000000,-9147.447154,14437.222423,20018.304189
2022-02-19T13:15:00.000000000,-11407.73272,14628.420759,18675.744716
2022-02-19T13:30:00.000000000,-13484.22766,14908.693737,17003.08124
2022-02-19T13:45:00.000000000,-15339.537303,15247.822891,15030.050351
2022-02-19T14:00:00.000000000,-16943.697687,15610.504645,12791.778181
2022-02-19T14:15:00.000000000,-18275.171007,15957.869731,10328.093166
2022-02-19T14:30:00.000000000,-19321.49996,16249.153568,7682.748066
2022-02-19T14:45:00.000000000,-20079.59692,16443.445605,4902.571433
2022-02-19T15:00:00.000000000,-20555.660375,16501.443063,2036.57007
2022-02-19T15:15:00.000000000,-20764.727373,16387.135655,-864.995491
2022-02-19T15:30:00.000000000,-20729.886351,16069.352406,-3751.540788
2022-02-19T15:45:00.000000000,-20481.188457,15523.10916,-6573.072043
2022-02-19T16:00:00.000000000,-20054.307135,14730.705464,-9281.066942
2022-02-19T16:15:00.000000000,-19489.004476,13682.531217,-11829.305288
2022-02-19T16:30:00.000000000,-18827.46873,12377.556349,-14174.635899
2022-02-19T16:45:00.000000000,-18112.590363,10823.490132,-16277.66891
2022-02-19T17:00:00.000000000,-17386.24404,9036.609853,-18103.385396
2022-02-19T17:15:00.000000000,-16687.641481,7041.271018,-19621.658766
2022-02-19T17:30:00.000000000,-16051.815252,4869.122496,-20807.684714
2022-02-19T17:45:00.000000000,-15508.286976,2558.059956,-21642.31835
2022-02-19T18:00:00.000000000,-15079.965247,150.959062,-22112.318764
2022-02-19T18:15:00.000000000,-14782.309369,-2305.763613,-22210.50232
2022-02-19T18:30:00.000000000,-14622.785079,-4763.70931,-21935.806814
2022-02-19T18:45:00.000000000,-14600.628123,-7174.119943,-21293.269101
2022-02-19T19:00:00.000000000,-14706.921116,-9489.508438,-20293.918988
2022-02-19T19:15:00.000000000,-14924.978831,-11665.240316,-18954.592308
2022-02-19T19:30:00.000000000,-15231.027095,-13661.012388,-17297.666043
2022-02-19T19:45:00.000000000,-15595.151044,-15442.177939,-15350.718325
2022-02-19T20:00:00.000000000,-15982.479796,-16980.87265,-13146.116234
2022-02-19T20:15:00.000000000,-16354.566685,-18256.901771,-10720.534448
2022-02-19T20:30:00.000000000,-16670.917476,-19258.356464,-8114.408156
2022-02-19T20:45:00.000000000,-16890.613339,-19981.93571,-5371.324281
2022-02-19T21:00:00.000000000,-16973.971276,-20432.959672,-2537.355845
2022-02-19T21:15:00.000000000,-16884.182142,-20625.070609,339.654598
2022-02-19T21:30:00.000000000,-16588.86572,-20579.628187,3210.855151
2022-02-19T21:45:00.000000000,-16061.483584,-20324.817061,6027.179641
2022-02-19T22:00:00.000000000,-15282.55385,-19894.495551,8740.167095
2022-02-19T22:15:00.000000000,-14240.617581,-19326.824659,11302.793438
2022-02-19T22:30:00.000000000,-12932.914289,-18662.726263,13670.301585
2022-02-19T22:45:00.000000000,-11365.733882,-17944.227434,15801.014579
2022-02-19T23:00:00.000000000,-9554.424077,-17212.754192,17657.115158
2022-02-19T23:15:00.000000000,-7523.04552,-16507.441993,19205.374384
2022-02-19T23:30:00.000000000,-5303.680993,-15863.531601,20417.811618
2022-02-19T23:45:00.000000000,-2935.419839,-15310.917417,21272.268491
2022-02-18T00:00:00.000000000,-1813.669203,-15094.50494,21539.951989
2022-02-18T00:15:00.000000000,690.179021,-14714.34885,21846.164501
2022-02-18T00:30:00.000000000,3225.907091,-14469.078868,21767.37559
2022-02-18T00:45:00.000000000,5741.631777,-14362.381411,21304.425364
2022-02-18T01:00:00.000000000,8185.730163,-14389.40663,20465.109447
2022-02-18T01:15:00.000000000,10508.700552,-14536.985337,19264.058232
2022-02-18T01:30:00.000000000,12664.944446,-14784.201249,17722.473059
2022-02-18T01:45:00.000000000,14614.394397,-15103.295039,15867.724558
2022-02-18T02:00:00.000000000,16323.919154,-15460.861589,13732.822616
2022-02-18T02:15:00.000000000,17768.447643,-15819.288547,11355.771312
2022-02-18T02:30:00.000000000,18931.766192,-16138.373692,8778.825519
2022-02-18T02:45:00.000000000,19806.958397,-16377.051091,6047.668493
2022-02-18T03:00:00.000000000,20396.473325,-16495.152125,3210.53158
2022-02-18T03:15:00.000000000,20711.824147,-16455.127014,317.277958
2022-02-18T03:30:00.000000000,20772.935451,-16223.655761,-2581.527582
2022-02-18T03:45:00.000000000,20607.171955,-15773.083717,-5435.541815
2022-02-18T04:00:00.000000000,20248.093981,-15082.626084,-8195.539708
2022-02-18T04:15:00.000000000,19733.994979,-14139.296852,-10814.267226
2022-02-18T04:30:00.000000000,19106.283458,-12938.530045,-13247.235576
2022-02-18T04:45:00.000000000,18407.775838,-11484.474493,-15453.444933
2022-02-18T05:00:00.000000000,17680.967937,-9789.956527,-17396.028451
2022-02-18T05:15:00.000000000,16966.351325,-7876.117829,-19042.810043
2022-02-18T05:30:00.000000000,16300.836829,-5771.747413,-20366.771787
2022-02-18T05:45:00.000000000,15716.341561,-3512.337222,-21346.428921
2022-02-18T06:00:00.000000000,15238.588245,-1138.899677,-21966.112028
2022-02-18T06:15:00.000000000,14886.15679,1303.407297,-22216.157356
2022-02-18T06:30:00.000000000,14669.818425,3766.796824,-22093.00709
2022-02-18T06:45:00.000000000,14592.172473,6202.456678,-21599.221995
2022-02-18T07:00:00.000000000,14647.595475,8562.183547,-20743.409187
2022-02-18T07:15:00.000000000,14822.501966,10799.991341,-19540.067873
2022-02-18T07:30:00.000000000,15095.906112,12873.63837,-18009.355956
2022-02-18T07:45:00.000000000,15440.263729,14746.021154,-16176.780315
2022-02-18T08:00:00.000000000,15822.565188,16386.386919,-14072.813655
2022-02-18T08:15:00.000000000,16205.641462,17771.322609,-11732.440873
2022-02-18T08:30:00.000000000,16549.638316,18885.485116,-9194.638195
2022-02-18T08:45:00.000000000,16813.607549,19722.045552,-6501.788879
2022-02-18T09:00:00.000000000,16957.159455,20282.829472,-3699.039925
2022-02-18T09:15:00.000000000,16942.11744,20578.1449,-833.60531
2022-02-18T09:30:00.000000000,16734.114314,20626.300572,2045.977552
2022-02-18T09:45:00.000000000,16304.070188,20452.827794,4890.629959
2022-02-18T10:00:00.000000000,15629.494465,20089.430306,7651.54292
2022-02-18T10:15:00.000000000,14695.559089,19572.697266,10281.005504
2022-02-18T10:30:00.000000000,13495.897136,18942.624415,12733.237375
2022-02-18T10:45:00.000000000,12033.089803,18240.997309,14965.210747
2022-02-18T11:00:00.000000000,10318.815888,17509.697561,16937.44563
2022-02-18T11:15:00.000000000,8373.650454,16788.998104,18614.761245
2022-02-18T11:30:00.000000000,6226.513222,16115.915901,19966.965989
2022-02-18T11:45:00.000000000,3913.781824,15522.6902,20969.46837
2022-02-18T12:00:00.000000000,1478.099569,15035.450972,21603.792118
2022-02-18T12:15:00.000000000,-1033.078751,14673.135694,21857.980118
2022-02-18T12:30:00.000000000,-3569.147033,14446.703136,21726.874025
2022-02-18T12:45:00.000000000,-6078.14782,14358.680742,21212.259331
2022-02-18T13:00:00.000000000,-8508.638483,14403.067953,20322.869109
2022-02-18T13:15:00.000000000,-10811.545952,14565.602176,19074.243692
2022-02-18T13:30:00.000000000,-12941.932034,14824.377816,17488.447736
2022-02-18T13:45:00.000000000,-14860.594823,15150.792717,15593.650497
2022-02-18T14:00:00.000000000,-16535.438805,15510.781477,13423.579338
2022-02-18T14:15:00.000000000,-17942.556801,15866.282157,11016.860307
2022-02-18T14:30:00.000000000,-19066.980097,16176.872635,8416.262852
2022-02-18T14:45:00.000000000,-19903.068306,16401.505878,5667.868334
2022-02-18T15:00:00.000000000,-20454.5269,16500.269936,2820.183569
2022-02-18T15:15:00.000000000,-20734.056747,16436.098508,-76.778582
2022-02-18T15:30:00.000000000,-20762.655949,16176.361707,-2972.429693
2022-02-18T15:45:00.000000000,-20568.608548,15694.273285,-5816.526456
2022-02-18T16:00:00.000000000,-20186.206987,14970.060061,-8560.062354
2022-02-18T16:15:00.000000000,-19654.264721,13991.850642,-11156.113359
2022-02-18T16:30:00.000000000,-19014.482089,12756.253132,-13560.62328
2022-02-18T16:45:00.000000000,-18309.732308,11268.604797,-15733.117179
2022-02-18T17:00:00.000000000,-17582.335226,9542.889917,-17637.334035
2022-02-18T17:15:00.000000000,-16872.384697,7601.334687,-19241.772454
2022-02-18T17:30:00.000000000,-16216.191158,5473.69968,-20520.145627
2022-02-18T17:45:00.000000000,-15644.894841,3196.300644,-21451.743698
2022-02-18T18:00:00.000000000,-15183.297241,810.797073,-22021.703383
2022-02-18T18:15:00.000000000,-14848.94956,-1637.205094,-22221.185912
2022-02-18T18:30:00.000000000,-14651.527021,-4099.6851,-22047.465213
2022-02-18T18:45:00.000000000,-14592.507769,-6527.818441,-21503.92884
2022-02-18T19:00:00.000000000,-14665.164612,-8873.610861,-20599.994389
2022-02-18T19:15:00.000000000,-14854.867532,-11091.498763,-19350.944316
2022-02-18T19:30:00.000000000,-15139.684817,-13139.861185,-17777.681989
2022-02-18T19:45:00.000000000,-15491.261061,-14982.391603,-15906.411841
2022-02-18T20:00:00.000000000,-15875.941379,-16589.28234,-13768.246483
2022-02-18T20:15:00.000000000,-16256.103043,-17938.180261,-11398.743786
2022-02-18T20:30:00.000000000,-16591.648638,-19014.879527,-8837.377211
2022-02-18T20:45:00.000000000,-16841.608941,-19813.725397,-6126.94327
2022-02-18T21:00:00.000000000,-16965.799142,-20337.712291,-3312.910686
2022-02-18T21:15:00.000000000,-16926.469057,-20598.269377,-442.716899
2022-02-18T21:30:00.000000000,-16689.886801,-20614.73756,2434.981194
2022-02-18T21:45:00.000000000,-16227.796063,-20413.552763,5271.093881
2022-02-18T22:00:00.000000000,-15518.689984,-20027.161383,8016.912699
2022-02-18T22:15:00.000000000,-14548.849614,-19492.70441,10624.940146
2022-02-18T22:30:00.000000000,-13313.10213,-18850.516578,13049.721695
2022-02-18T22:45:00.000000000,-11815.263242,-18142.495468,15248.665116
2022-02-18T23:00:00.000000000,-10068.239522,-17410.402348,17182.830807
2022-02-18T23:15:00.000000000,-8093.779166,-16694.161235,18817.675947
2022-02-18T23:30:00.000000000,-5921.873655,-16030.224738,20123.734778
2022-02-18T23:45:00.000000000,-3589.827483,-15450.074487,21077.21753
2022-02-19T00:00:00.000000000,-1141.027498,-14978.920087,21660.511323
2022-02-19T00:15:00.000000000,1376.542803,-14634.653651,21862.567963
2022-02-19T00:30:00.000000000,3911.986476,-14427.10705,21679.165847
2022-02-19T00:45:00.000000000,6413.306554,-14357.646685,21113.036146
2022-02-19T01:00:00.000000000,8829.275245,-14419.12603,20173.847081
2022-02-19T01:15:00.000000000,11111.28104,-14596.200492,18878.04404
2022-02-19T01:30:00.000000000,13215.076001,-14865.992753,17248.547629
2022-02-19T01:45:00.000000000,15102.349476,-15199.080869,15314.316049
2022-02-19T02:00:00.000000000,16742.062104,-15560.766663,13109.782364
2022-02-19T02:15:00.000000000,18111.484893,-15912.569378,10674.180995
2022-02-19T02:30:00.000000000,19196.901694,-16213.879713,8050.780895
2022-02-19T02:45:00.000000000,19993.948807,-16423.702798,5286.045328
2022-02-19T03:00:00.000000000,20507.581895,-16502.415739,2428.739661
2022-02-19T03:15:00.000000000,20751.676758,-16413.465891,-470.990805
2022-02-19T03:30:00.000000000,20748.286335,-16124.940217,-3362.551155
2022-02-19T03:45:00.000000000,20526.590271,-15610.943134,-6195.814677
2022-02-19T04:00:00.000000000,20121.585418,-14852.730051,-8922.009235
2022-02-19T04:15:00.000000000,19572.574737,-13839.555318,-11494.555566
2022-02-19T04:30:00.000000000,18921.518381,-12569.20606,-13869.843504
2022-02-19T04:45:00.000000000,18211.314102,-11048.206703,-16007.93492
2022-02-19T05:00:00.000000000,17484.074523,-9291.692133,-17873.184922
2022-02-19T05:15:00.000000000,16779.466688,-7322.960061,-19434.775441
2022-02-19T05:30:00.000000000,16133.17474,-5172.724532,-20667.157702
2022-02-19T05:45:00.000000000,15575.540199,-2878.102675,-21550.401978
2022-02-19T06:00:00.000000000,15130.426304,-481.375154,-22070.454662
2022-02-19T06:15:00.000000000,14814.343833,1971.432507,-22219.303872
2022-02-19T06:30:00.000000000,14635.865967,4432.095603,-21995.055593
2022-02-19T06:45:00.000000000,14595.349448,6851.807742,-21401.922928
2022-02-19T07:00:00.000000000,14684.968917,9182.813525,-20450.131225
2022-02-19T07:15:00.000000000,14889.060928,11380.00006,-19155.741994
2022-02-19T07:30:00.000000000,15184.76417,13402.392769,-17540.398466
2022-02-19T07:45:00.000000000,15542.932891,15214.504318,-15630.99564
2022-02-19T08:00:00.000000000,15929.291702,16787.490162,-13459.277707
2022-02-19T08:15:00.000000000,16305.791948,18100.070284,-11061.365877
2022-02-19T08:30:00.000000000,16632.122871,19139.183979,-8477.219962
2022-02-19T08:45:00.000000000,16867.325059,19900.35285,-5750.03768
2022-02-19T09:00:00.000000000,16971.449319,20387.736566,-2925.596357
2022-02-19T09:15:00.000000000,16907.201357,20613.87607,-51.542845
2022-02-19T09:30:00.000000000,16641.511692,20599.129575,2823.361272
2022-02-19T09:45:00.000000000,16146.971258,20370.817749,5650.030617
2022-02-19T10:00:00.000000000,15403.076203,19962.105439,8379.872885
2022-02-19T10:15:00.000000000,14397.230732,19410.657809,10965.619671
2022-02-19T10:30:00.000000000,13125.464297,18757.118496,13362.157657
2022-02-19T10:45:00.000000000,11592.828996,18043.465743,15527.344993
2022-02-19T11:00:00.000000000,9813.454552,17311.309085,17422.796416
2022-02-19T11:15:00.000000000,7810.251217,16600.193476,19014.619803
2022-02-19T11:30:00.000000000,5614.265033,15945.979511,20274.086472
2022-02-19T11:45:00.000000000,3263.704602,15379.367211,21178.217782
2022-02-19T12:00:00.000000000,802.672838,14924.626546,21710.271562
2022-02-19T12:15:00.000000000,-1720.349175,14598.590566,21860.113516
2022-02-19T12:30:00.000000000,-4254.207236,14409.956775,21624.461214
2022-02-19T12:45:00.000000000,-6746.899474,14358.929634,21006.991296
2022-02-19T13:00:00.000000000,-9147.447154,14437.222423,20018.304189
2022-02-19T13:15:00.000000000,-11407.73272,14628.420759,18675.744716
2022-02-19T13:30:00.000000000,-13484.22766,14908.693737,17003.08124
2022-02-19T13:45:00.000000000,-15339.537303,15247.822891,15030.050351
2022-02-19T14:00:00.000000000,-16943.697687,15610.504645,12791.778181
2022-02-19T14:15:00.000000000,-18275.171007,15957.869731,10328.093166
2022-02-19T14:30:00.000000000,-19321.49996,16249.153568,7682.748066
2022-02-19T14:45:00.000000000,-20079.59692,16443.445605,4902.571433
2022-02-19T15:00:00.000000000,-20555.660375,16501.443063,2036.57007
2022-02-19T15:15:00.000000000,-20764.727373,16387.135655,-864.995491
2022-02-19T15:30:00.000000000,-20729.886351,16069.352406,-3751.540788
2022-02-19T15:45:00.000000000,-20481.188457,15523.10916,-6573.072043
2022-02-19T16:00:00.000000000,-20054.307135,14730.705464,-9281.066942
2022-02-19T16:15:00.000000000,-19489.004476,13682.531217,-11829.305288
2022-02-19T16:30:00.000000000,-18827.46873,12377.556349,-14174.635899
2022-02-19T16:45:00.000000000,-18112.590363,10823.490132,-16277.66891
2022-02-19T17:00:00.000000000,-17386.24404,9036.609853,-18103.385396
2022-02-19T17:15:00.000000000,-16687.641481,7041.271018,-19621.658766
2022-02-19T17:30:00.000000000,-16051.815252,4869.122496,-20807.684714
2022-02-19T17:45:00.000000000,-15508.286976,2558.059956,-21642.31835
2022-02-19T18:00:00.000000000,-15079.965247,150.959062,-22112.318764
2022-02-19T18:15:00.000000000,-14782.309369,-2305.763613,-22210.50232
2022-02-19T18:30:00.000000000,-14622.785079,-4763.70931,-21935.806814
2022-02-19T18:45:00.000000000,-14600.628123,-7174.119943,-21293.269101
2022-02-19T19:00:00.000000000,-14706.921116,-9489.508438,-20293.918988
2022-02-19T19:15:00.000000000,-14924.978831,-11665.240316,-18954.592308
2022-02-19T19:30:00.000000000,-15231.027095,-13661.012388,-17297.666043
2022-02-19T19:45:00.000000000,-15595.151044,-15442.177939,-15350.718325
2022-02-19T20:00:00.000000000,-15982.479796,-16980.87265,-13146.116234
2022-02-19T20:15:00.000000000,-16354.566685,-18256.901771,-10720.534448
2022-02-19T20:30:00.000000000,-16670.917476,-19258.356464,-8114.408156
2022-02-19T20:45:00.000000000,-16890.613339,-19981.93571,-5371.324281
2022-02-19T21:00:00.000000000,-16973.971276,-20432.959672,-2537.355845
2022-02-19T21:15:00.000000000,-16884.182142,-20625.070609,339.654598
2022-02-19T21:30:00.000000000,-16588.86572,-20579.628187,3210.855151
2022-02-19T21:45:00.000000000,-16061.483584,-20324.817061,6027.179641
2022-02-19T22:00:00.000000000,-15282.55385,-19894.495551,8740.167095
2022-02-19T22:15:00.000000000,-14240.617581,-19326.824659,11302.793438
2022-02-19T22:30:00.000000000,-12932.914289,-18662.726263,13670.301585
2022-02-19T22:45:00.000000000,-11365.733882,-17944.227434,15801.014579
2022-02-19T23:00:00.000000000,-9554.424077,-17212.754192,17657.115158
2022-02-19T23:15:00.000000000,-7523.04552,-16507.441993,19205.374384
2022-02-19T23:30:00.000000000,-5303.680993,-15863.531601,20417.811618
2022-02-19T23:45:00.000000000,-2935.419839,-15310.917417,21272.268491
2022-02-18T00:00:00.000000000,-1813.669203,-15094.50494,21539.951989
2022-02-18T00:15:00.000000000,690.179021,-14714.34885,21846.164501
2022-02-18T00:30:00.000000000,3225.907091,-14469.078868,21767.37559
2022-02-18T00:45:00.000000000,5741.631777,-14362.381411,21304.425364
2022-02-18T01:00:00.000000000,8185.730163,-14389.40663,20465.109447
2022-02-18T01:15:00.000000000,10508.700552,-14536.985337,19264.058232
2022-02-18T01:30:00.000000000,12664.944446,-14784.201249,17722.473059
2022-02-18T01:45:00.000000000,14614.394397,-15103.295039,15867.724558
2022-02-18T02:00:00.000000000,16323.919154,-15460.861589,13732.822616
2022-02-18T02:15:00.000000000,17768.447643,-15819.288547,11355.771312
2022-02-18T02:30:00.000000000,18931.766192,-16138.373692,8778.825519
2022-02-18T02:45:00.000000000,19806.958397,-16377.051091,6047.668493
2022-02-18T03:00:00.000000000,20396.473325,-16495.152125,3210.53158
2022-02-18T03:15:00.000000000,20711.824147,-16455.127014,317.277958
2022-02-18T03:30:00.000000000,20772.935451,-16223.655761,-2581.527582
2022-02-18T03:45:00.000000000,20607.171955,-15773.083717,-5435.541815
2022-02-18T04:00:00.000000000,20248.093981,-15082.626084,-8195.539708
2022-02-18T04:15:00.000000000,19733.994979,-14139.296852,-10814.267226
2022-02-18T04:30:00.000000000,19106.283458,-12938.530045,-13247.235576
2022-02-18T04:45:00.000000000,18407.775838,-11484.474493,-15453.444933
2022-02-18T05:00:00.000000000,17680.967937,-9789.956527,-17396.028451
2022-02-18T05:15:00.000000000,16966.351325,-7876.117829,-19042.810043
2022-02-18T05:30:00.000000000,16300.836829,-5771.747413,-20366.771787
2022-02-18T05:45:00.000000000,15716.341561,-3512.337222,-21346.428921
2022-02-18T06:00:00.000000000,15238.588245,-1138.899677,-21966.112028
2022-02-18T06:15:00.000000000,14886.15679,1303.407297,-22216.157356
2022-02-18T06:30:00.000000000,14669.818425,3766.796824,-22093.00709
2022-02-18T06:45:00.000000000,14592.172473,6202.456678,-21599.221995
2022-02-18T07:00:00.000000000,14647.595475,8562.183547,-20743.409187
2022-02-18T07:15:00.000000000,14822.501966,10799.991341,-19540.067873
2022-02-18T07:30:00.000000000,15095.906112,12873.63837,-18009.355956
2022-02-18T07:45:00.000000000,15440.263729,14746.021154,-16176.780315
2022-02-18T08:00:00.000000000,15822.565188,16386.386919,-14072.813655
2022-02-18T08:15:00.000000000,16205.641462,17771.322609,-11732.440873
2022-02-18T08:30:00.000000000,16549.638316,18885.485116,-9194.638195
2022-02-18T08:45:00.000000000,16813.607549,19722.045552,-6501.788879
2022-02-18T09:00:00.000000000,16957.159455,20282.829472,-3699.039925
2022-02-18T09:15:00.000000000,16942.11744,20578.1449,-833.60531
2022-02-18T09:30:00.000000000,16734.114314,20626.300572,2045.977552
2022-02-18T09:45:00.000000000,16304.070188,20452.827794,4890.629959
2022-02-18T10:00:00.000000000,15629.494465,20089.430306,7651.54292
2022-02-18T10:15:00.000000000,14695.559089,19572.697266,10281.005504
2022-02-18T10:30:00.000000000,13495.897136,18942.624415,12733.237375
2022-02-18T10:45:00.000000000,12033.089803,18240.997309,14965.210747
2022-02-18T11:00:00.000000000,10318.815888,17509.697561,16937.44563
2022-02-18T11:15:00.000000000,8373.650454,16788.998104,18614.761245
2022-02-18T11:30:00.000000000,6226.513222,16115.915901,19966.965989
2022-02-18T11:45:00.000000000,3913.781824,15522.6902,20969.46837
2022-02-18T12:00:00.000000000,1478.099569,15035.450972,21603.792118
2022-02-18T12:15:00.000000000,-1033.078751,14673.135694,21857.980118
2022-02-18T12:30:00.000000000,-3569.147033,14446.703136,21726.874025
2022-02-18T12:45:00.000000000,-6078.14782,14358.680742,21212.259331
2022-02-18T13:00:00.000000000,-8508.638483,14403.067953,20322.869109
2022-02-18T13:15:00.000000000,-10811.545952,14565.602176,19074.243692
2022-02-18T13:30:00.000000000,-12941.932034,14824.377816,17488.447736
2022-02-18T13:45:00.000000000,-14860.594823,15150.792717,15593.650497
2022-02-18T14:00:00.000000000,-16535.438805,15510.781477,13423.579338
2022-02-18T14:15:00.000000000,-17942.556801,15866.282157,11016.860307
2022-02-18T14:30:00.000000000,-19066.980097,16176.872635,8416.262852
2022-02-18T14:45:00.000000000,-19903.068306,16401.505878,5667.868334
2022-02-18T15:00:00.000000000,-20454.5269,16500.269936,2820.183569
2022-02-18T15:15:00.000000000,-20734.056747,16436.098508,-76.778582
2022-02-18T15:30:00.000000000,-20762.655949,16176.361707,-2972.429693
2022-02-18T15:45:00.000000000,-20568.608548,15694.273285,-5816.526456
2022-02-18T16:00:00.000000000,-20186.206987,14970.060061,-8560.062354
2022-02-18T16:15:00.000000000,-19654.264721,13991.850642,-11156.113359
2022-02-18T16:30:00.000000000,-19014.482089,12756.253132,-13560.62328
2022-02-18T16:45:00.000000000,-18309.732308,11268.604797,-15733.117179
2022-02-18T17:00:00.000000000,-17582.335226,9542.889917,-17637.334035
2022-02-18T17:15:00.000000000,-16872.384697,7601.334687,-19241.772454
2022-02-18T17:30:00.000000000,-16216.191158,5473.69968,-20520.145627
2022-02-18T17:45:00.000000000,-15644.894841,3196.300644,-21451.743698
2022-02-18T18:00:00.000000000,-15183.297241,810.797073,-22021.703383
2022-02-18T18:15:00.000000000,-14848.94956,-1637.205094,-22221.185912
2022-02-18T18:30:00.000000000,-14651.527021,-4099.6851,-22047.465213
2022-02-18T18:45:00.000000000,-14592.507769,-6527.818441,-21503.92884
2022-02-18T19:00:00.000000000,-14665.164612,-8873.610861,-20599.994389
2022-02-18T19:15:00.000000000,-14854.867532,-11091.498763,-19350.944316
2022-02-18T19:30:00.000000000,-15139.684817,-13139.861185,-17777.681989
2022-02-18T19:45:00.000000000,-15491.261061,-14982.391603,-15906.411841
2022-02-18T20:00:00.000000000,-15875.941379,-16589.28234,-13768.246483
2022-02-18T20:15:00.000000000,-16256.103043,-17938.180261,-11398.743786
2022-02-18T20:30:00.000000000,-16591.648638,-19014.879527,-8837.377211
2022-02-18T20:45:00.000000000,-16841.608941,-19813.725397,-6126.94327
2022-02-18T21:00:00.000000000,-16965.799142,-20337.712291,-3312.910686
2022-02-18T21:15:00.000000000,-16926.469057,-20598.269377,-442.716899
2022-02-18T21:30:00.000000000,-16689.886801,-20614.73756,2434.981194
2022-02-18T21:45:00.000000000,-16227.796063,-20413.552763,5271.093881
2022-02-18T22:00:00.000000000,-15518.689984,-20027.161383,8016.912699
2022-02-18T22:15:00.000000000,-14548.849614,-19492.70441,10624.940146
2022-02-18T22:30:00.000000000,-13313.10213,-18850.516578,13049.721695
2022-02-18T22:45:00.000000000,-11815.263242,-18142.495468,15248.665116
2022-02-18T23:00:00.000000000,-10068.239522,-17410.402348,17182.830807
2022-02-18T23:15:00.000000000,-8093.779166,-16694.161235,18817.675947
2022-02-18T23:30:00.000000000,-5921.873655,-16030.224738,20123.734778
2022-02-18T23:45:00.000000000,-3589.827483,-15450.074487,21077.21753
2022-02-19T00:00:00.000000000,-1141.027498,-14978.920087,21660.511323
2022-02-19T00:15:00.000000000,1376.542803,-14634.653651,21862.567963
2022-02-19T00:30:00.000000000,3911.986476,-14427.10705,21679.165847
2022-02-19T00:45:00.000000000,6413.306554,-14357.646685,21113.036146
2022-02-19T01:00:00.000000000,8829.275245,-14419.12603,20173.847081
2022-02-19T01:15:00.000000000,11111.28104,-14596.200492,18878.04404
2022-02-19T01:30:00.000000000,13215.076001,-14865.992753,17248.547629
2022-02-19T01:45:00.000000000,15102.349476,-15199.080869,15314.316049
2022-02-19T02:00:00.000000000,16742.062104,-15560.766663,13109.782364
2022-02-19T02:15:00.000000000,18111.484893,-15912.569378,10674.180995
2022-02-19T02:30:00.000000000,19196.901694,-16213.879713,8050.780895
2022-02-19T02:45:00.000000000,19993.948807,-16423.702798,5286.045328
2022-02-19T03:00:00.000000000,20507.581895,-16502.415739,2428.739661
2022-02-19T03:15:00.000000000,20751.676758,-16413.465891,-470.990805
2022-02-19T03:30:00.000000000,20748.286335,-16124.940217,-3362.551155
2022-02-19T03:45:00.000000000,20526.590271,-15610.943134,-6195.814677
2022-02-19T04:00:00.000000000,20121.585418,-14852.730051,-8922.009235
2022-02-19T04:15:00.000000000,19572.574737,-13839.555318,-11494.555566
2022-02-19T04:30:00.000000000,18921.518381,-12569.20606,-13869.843504
2022-02-19T04:45:00.000000000,18211.314102,-11048.206703,-16007.93492
2022-02-19T05:00:00.000000000,17484.074523,-9291.692133,-17873.184922
2022-02-19T05:15:00.000000000,16779.466688,-7322.960061,-19434.775441
2022-02-19T05:30:00.000000000,16133.17474,-5172.724532,-20667.157702
2022-02-19T05:45:00.000000000,15575.540199,-2878.102675,-21550.401978
2022-02-19T06:00:00.000000000,15130.426304,-481.375154,-22070.454662
2022-02-19T06:15:00.000000000,14814.343833,1971.432507,-22219.303872
2022-02-19T06:30:00.000000000,14635.865967,4432.095603,-21995.055593
2022-02-19T06:45:00.000000000,14595.349448,6851.807742,-21401.922928
2022-02-19T07:00:00.000000000,14684.968917,9182.813525,-20450.131225
2022-02-19T07:15:00.000000000,14889.060928,11380.00006,-19155.741994
2022-02-19T07:30:00.000000000,15184.76417,13402.392769,-17540.398466
2022-02-19T07:45:00.000000000,15542.932891,15214.504318,-15630.99564
2022-02-19T08:00:00.000000000,15929.291702,16787.490162,-13459.277707
2022-02-19T08:15:00.000000000,16305.791948,18100.070284,-11061.365877
2022-02-19T08:30:00.000000000,16632.122871,19139.183979,-8477.219962
2022-02-19T08:45:00.000000000,16867.325059,19900.35285,-5750.03768
2022-02-19T09:00:00.000000000,16971.449319,20387.736566,-2925.596357
2022-02-19T09:15:00.000000000,16907.201357,20613.87607,-51.542845
2022-02-19T09:30:00.000000000,16641.511692,20599.129575,2823.361272
2022-02-19T09:45:00.000000000,16146.971258,20370.817749,5650.030617
2022-02-19T10:00:00.000000000,15403.076203,19962.105439,8379.872885
2022-02-19T10:15:00.000000000,14397.230732,19410.657809,10965.619671
2022-02-19T10:30:00.000000000,13125.464297,18757.118496,13362.157657
2022-02-19T10:45:00.000000000,11592.828996,18043.465743,15527.344993
2022-02-19T11:00:00.000000000,9813.454552,17311.309085,17422.796416
2022-02-19T11:15:00.000000000,7810.251217,16600.193476,19014.619803
2022-02-19T11:30:00.000000000,5614.265033,15945.979511,20274.086472
2022-02-19T11:45:00.000000000,3263.704602,15379.367211,21178.217782
2022-02-19T12:00:00.000000000,802.672838,14924.626546,21710.271562
2022-02-19T12:15:00.000000000,-1720.349175,14598.590566,21860.113516
2022-02-19T12:30:00.000000000,-4254.207236,14409.956775,21624.461214
2022-02-19T12:45:00.000000000,-6746.899474,14358.929634,21006.991296
2022-02-19T13:00:00.000000000,-9147.447154,14437.222423,20018.304189
2022-02-19T13:15:00.000000000,-11407.73272,14628.420759,18675.744716
2022-02-19T13:30:00.000000000,-13484.22766,14908.693737,17003.08124
2022-02-19T13:45:00.000000000,-15339.537303,15247.822891,15030.050351
2022-02-19T14:00:00.000000000,-16943.697687,15610.504645,12791.778181
2022-02-19T14:15:00.000000000,-18275.171007,15957.869731,10328.093166
2022-02-19T14:30:00.000000000,-19321.49996,16249.153568,7682.748066
2022-02-19T14:45:00.000000000,-20079.59692,16443.445605,4902.571433
2022-02-19T15:00:00.000000000,-20555.660375,16501.443063,2036.57007
2022-02-19T15:15:00.000000000,-20764.727373,16387.135655,-864.995491
2022-02-19T15:30:00.000000000,-20729.886351,16069.352406,-3751.540788
2022-02-19T15:45:00.000000000,-20481.188457,15523.10916,-6573.072043
2022-02-19T16:00:00.000000000,-20054.307135,14730.705464,-9281.066942
2022-02-19T16:15:00.000000000,-19489.004476,13682.531217,-11829.305288
2022-02-19T16:30:00.000000000,-18827.46873,12377.556349,-14174.635899
2022-02-19T16:45:00.000000000,-18112.590363,10823.490132,-16277.66891
2022-02-19T17:00:00.000000000,-17386.24404,9036.609853,-18103.385396
2022-02-19T17:15:00.000000000,-16687.641481,7041.271018,-19621.658766
2022-02-19T17:30:00.000000000,-16051.815252,4869.122496,-20807.684714
2022-02-19T17:45:00.000000000,-15508.286976,2558.059956,-21642.31835
2022-02-19T18:00:00.000000000,-15079.965247,150.959062,-22112.318764
2022-02-19T18:15:00.000000000,-14782.309369,-2305.763613,-22210.50232
2022-02-19T18:30:00.000000000,-14622.785079,-4763.70931,-21935.806814
2022-02-19T18:45:00.000000000,-14600.628123,-7174.119943,-21293.269101
2022-02-19T19:00:00.000000000,-14706.921116,-9489.508438,-20293.918988
2022-02-19T19:15:00.000000000,-14924.978831,-11665.240316,-18954.592308
2022-02-19T19:30:00.000000000,-15231.027095,-13661.012388,-17297.666043
2022-02-19T19:45:00.000000000,-15595.151044,-15442.177939,-15350.718325
2022-02-19T20:00:00.000000000,-15982.479796,-16980.87265,-13146.116234
2022-02-19T20:15:00.000000000,-16354.566685,-18256.901771,-10720.534448
2022-02-19T20:30:00.000000000,-16670.917476,-19258.356464,-8114.408156
2022-02-19T20:45:00.000000000,-16890.613339,-19981.93571,-5371.324281
2022-02-19T21:00:00.000000000,-16973.971276,-20432.959672,-2537.355845
2022-02-19T21:15:00.000000000,-16884.182142,-20625.070609,339.654598
2022-02-19T21:30:00.000000000,-16588.86572,-20579.628187,3210.855151
2022-02-19T21:45:00.000000000,-16061.483584,-20324.817061,6027.179641
2022-02-19T22:00:00.000000000,-15282.55385,-19894.495551,8740.167095
2022-02-19T22:15:00.000000000,-14240.617581,-19326.824659,11302.793438
2022-02-19T22:30:00.000000000,-12932.914289,-18662.726263,13670.301585
2022-02-19T22:45:00.000000000,-11365.733882,-17944.227434,15801.014579
2022-02-19T23:00:00.000000000,-9554.424077,-17212.754192,17657.115158
2022-02-19T23:15:00.000000000,-7523.04552,-16507.441993,19205.374384
2022-02-19T23:30:00.000000000,-5303.680993,-15863.531601,20417.811618
2022-02-19T23:45:00.000000000,-2935.419839,-15310.917417,21272.268491
2022-02-18T00:00:00.000000000,-1813.669203,-15094.50494,21539.951989
2022-02-18T00:15:00.000000000,690.179021,-14714.34885,21846.164501
2022-02-18T00:30:00.000000000,3225.907091,-14469.078868,21767.37559
2022-02-18T00:45:00.000000000,5741.631777,-14362.381411,21304.425364
2022-02-18T01:00:00.000000000,8185.730163,-14389.40663,20465.109447
2022-02-18T01:15:00.000000000,10508.700552,-14536.985337,19264.058232
2022-02-18T01:30:00.000000000,12664.944446,-14784.201249,17722.473059
2022-02-18T01:45:00.000000000,14614.394397,-15103.295039,15867.724558
2022-02-18T02:00:00.000000000,16323.919154,-15460.861589,13732.822616
2022-02-18T02:15:00.000000000,17768.447643,-15819.288547,11355.771312
2022-02-18T02:30:00.000000000,18931.766192,-16138.373692,8778.825519
2022-02-18T02:45:00.000000000,19806.958397,-16377.051091,6047.668493
2022-02-18T03:00:00.000000000,20396.473325,-16495.152125,3210.53158
2022-02-18T03:15:00.000000000,20711.824147,-16455.127014,317.277958
2022-02-18T03:30:00.000000000,20772.935451,-16223.655761,-2581.527582
2022-02-18T03:45:00.000000000,20607.171955,-15773.083717,-5435.541815
2022-02-18T04:00:00.000000000,20248.093981,-15082.626084,-8195.539708
2022-02-18T04:15:00.000000000,19733.994979,-14139.296852,-10814.267226
2022-02-18T04:30:00.000000000,19106.283458,-12938.530045,-13247.235576
2022-02-18T04:45:00.000000000,18407.775838,-11484.474493,-15453.444933
2022-02-18T05:00:00.000000000,17680.967937,-9789.956527,-17396.028451
2022-02-18T05:15:00.000000000,16966.351325,-7876.117829,-19042.810043
2022-02-18T05:30:00.000000000,16300.836829,-5771.747413,-20366.771787
2022-02-18T05:45:00.000000000,15716.341561,-3512.337222,-21346.428921
2022-02-18T06:00:00.000000000,15238.588245,-1138.899677,-21966.112028
2022-02-18T06:15:00.000000000,14886.15679,1303.407297,-22216.157356
2022-02-18T06:30:00.000000000,14669.818425,3766.796824,-22093.00709
2022-02-18T06:45:00.000000000,14592.172473,6202.456678,-21599.221995
2022-02-18T07:00:00.000000000,14647.595475,8562.183547,-20743.409187
2022-02-18T07:15:00.000000000,14822.501966,10799.991341,-19540.067873
2022-02-18T07:30:00.000000000,15095.906112,12873.63837,-18009.355956
2022-02-18T07:45:00.000000000,15440.263729,14746.021154,-16176.780315
2022-02-18T08:00:00.000000000,15822.565188,16386.386919,-14072.813655
2022-02-18T08:15:00.000000000,16205.641462,17771.322609,-11732.440873
2022-02-18T08:30:00.000000000,16549.638316,18885.485116,-9194.638195
2022-02-18T08:45:00.000000000,16813.607549,19722.045552,-6501.788879
2022-02-18T09:00:00.000000000,16957.159455,20282.829472,-3699.039925
2022-02-18T09:15:00.000000000,16942.11744,20578.1449,-833.60531
2022-02-18T09:30:00.000000000,16734.114314,20626.300572,2045.977552
2022-02-18T09:45:00.000000000,16304.070188,20452.827794,4890.629959
2022-02-18T10:00:00.000000000,15629.494465,20089.430306,7651.54292
2022-02-18T10:15:00.000000000,14695.559089,19572.697266,10281.005504
2022-02-18T10:30:00.000000000,13495.897136,18942.624415,12733.237375
2022-02-18T10:45:00.000000000,12033.089803,18240.997309,14965.210747
2022-02-18T11:00:00.000000000,10318.815888,17509.697561,16937.44563
2022-02-18T11:15:00.000000000,8373.650454,16788.998104,18614.761245
2022-02-18T11:30:00.000000000,6226.513222,16115.915901,19966.965989
2022-02-18T11:45:00.000000000,3913.781824,15522.6902,20969.46837
2022-02-18T12:00:00.000000000,1478.099569,15035.450972,21603.792118
2022-02-18T12:15:00.000000000,-1033.078751,14673.135694,21857.980118
2022-02-18T12:30:00.000000000,-3569.147033,14446.703136,21726.874025
2022-02-18T12:45:00.000000000,-6078.14782,14358.680742,21212.259331
2022-02-18T13:00:00.000000000,-8508.638483,14403.067953,20322.869109
2022-02-18T13:15:00.000000000,-10811.545952,14565.602176,19074.243692
2022-02-18T13:30:00.000000000,-12941.932034,14824.377816,17488.447736
2022-02-18T13:45:00.000000000,-14860.594823,15150.792717,15593.650497
2022-02-18T14:00:00.000000000,-16535.438805,15510.781477,13423.579338
2022-02-18T14:15:00.000000000,-17942.556801,15866.282157,11016.860307
2022-02-18T14:30:00.000000000,-19066.980097,16176.872635,8416.262852
2022-02-18T14:45:00.000000000,-19903.068306,16401.505878,5667.868334
2022-02-18T15:00:00.000000000,-20454.5269,16500.269936,2820.183569
2022-02-18T15:15:00.000000000,-20734.056747,16436.098508,-76.778582
2022-02-18T15:30:00.000000000,-20762.655949,16176.361707,-2972.429693
2022-02-18T15:45:00.000000000,-20568.608548,15694.273285,-5816.526456
2022-02-18T16:00:00.000000000,-20186.206987,14970.060061,-8560.062354
2022-02-18T16:15:00.000000000,-19654.264721,13991.850642,-11156.113359
2022-02-18T16:30:00.000000000,-19014.482089,12756.253132,-13560.62328
2022-02-18T16:45:00.000000000,-18309.732308,11268.604797,-15733.117179
2022-02-18T17:00:00.000000000,-17582.335226,9542.889917,-17637.334035
2022-02-18T17:15:00.000000000,-16872.384697,7601.334687,-19241.772454
2022-02-18T17:30:00.000000000,-16216.191158,5473.69968,-20520.145627
2022-02-18T17:45:00.000000000,-15644.894841,3196.300644,-21451.743698
2022-02-18T18:00:00.000000000,-15183.297241,810.797073,-22021.703383
2022-02-18T18:15:00.000000000,-14848.94956,-1637.205094,-22221.185912
2022-02-18T18:30:00.000000000,-14651.527021,-4099.6851,-22047.465213
2022-02-18T18:45:00.000000000,-14592.507769,-6527.818441,-21503.92884
2022-02-18T19:00:00.000000000,-14665.164612,-8873.610861,-20599.994389
2022-02-18T19:15:00.000000000,-14854.867532,-11091.498763,-19350.944316
2022-02-18T19:30:00.000000000,-15139.684817,-13139.861185,-17777.681989
2022-02-18T19:45:00.000000000,-15491.261061,-14982.391603,-15906.411841
2022-02-18T20:00:00.000000000,-15875.941379,-16589.28234,-13768.246483
2022-02-18T20:15:00.000000000,-16256.103043,-17938.180261,-11398.743786
2022-02-18T20:30:00.000000000,-16591.648638,-19014.879527,-8837.377211
2022-02-18T20:45:00.000000000,-16841.608941,-19813.725397,-6126.94327
2022-02-18T21:00:00.000000000,-16965.799142,-20337.712291,-3312.910686
2022-02-18T21:15:00.000000000,-16926.469057,-20598.269377,-442.716899
2022-02-18T21:30:00.000000000,-16689.886801,-20614.73756,2434.981194
2022-02-18T21:45:00.000000000,-16227.796063,-20413.552763,5271.093881
2022-02-18T22:00:00.000000000,-15518.689984,-20027.161383,8016.912699
2022-02-18T22:15:00.000000000,-14548.849614,-19492.70441,10624.940146
2022-02-18T22:30:00.000000000,-13313.10213,-18850.516578,13049.721695
2022-02-18T22:45:00.000000000,-11815.263242,-18142.495468,15248.665116
2022-02-18T23:00:00.000000000,-10068.239522,-17410.402348,17182.830807
2022-02-18T23:15:00.000000000,-8093.779166,-16694.161235,18817.675947
2022-02-18T23:30:00.000000000,-5921.873655,-16030.224738,20123.734778
2022-02-18T23:45:00.000000000,-3589.827483,-15450.074487,21077.21753
2022-02-19T00:00:00.000000000,-1141.027498,-14978.920087,21660.511323
2022-02-19T00:15:00.000000000,1376.542803,-14634.653651,21862.567963
2022-02-19T00:30:00.000000000,3911.986476,-14427.10705,21679.165847
2022-02-19T00:45:00.000000000,6413.306554,-14357.646685,21113.036146
2022-02-19T01:00:00.000000000,8829.275245,-14419.12603,20173.847081
2022-02-19T01:15:00.000000000,11111.28104,-14596.200492,18878.04404
2022-02-19T01:30:00.000000000,13215.076001,-14865.992753,17248.547629
2022-02-19T01:45:00.000000000,15102.349476,-15199.080869,15314.316049
2022-02-19T02:00:00.000000000,16742.062104,-15560.766663,13109.782364
2022-02-19T02:15:00.000000000,18111.484893,-15912.569378,10674.180995
2022-02-19T02:30:00.000000000,19196.901694,-16213.879713,8050.780895
2022-02-19T02:45:00.000000000,19993.948807,-16423.702798,5286.045328
2022-02-19T03:00:00.000000000,20507.581895,-16502.415739,2428.739661
2022-02-19T03:15:00.000000000,20751.676758,-16413.465891,-470.990805
2022-02-19T03:30:00.000000000,20748.286335,-16124.940217,-3362.551155
2022-02-19T03:45:00.000000000,20526.590271,-15610.943134,-6195.814677
2022-02-19T04:00:00.000000000,20121.585418,-14852.730051,-8922.009235
2022-02-19T04:15:00.000000000,19572.574737,-13839.555318,-11494.555566
2022-02-19T04:30:00.000000000,18921.518381,-12569.20606,-13869.843504
2022-02-19T04:45:00.000000000,18211.314102,-11048.206703,-16007.93492
2022-02-19T05:00:00.000000000,17484.074523,-9291.692133,-17873.184922
2022-02-19T05:15:00.000000000,16779.466688,-7322.960061,-19434.775441
2022-02-19T05:30:00.000000000,16133.17474,-5172.724532,-20667.157702
2022-02-19T05:45:00.000000000,15575.540199,-2878.102675,-21550.401978
2022-02-19T06:00:00.000000000,15130.426304,-481.375154,-22070.454662
2022-02-19T06:15:00.000000000,14814.343833,1971.432507,-22219.303872
2022-02-19T06:30:00.000000000,14635.865967,4432.095603,-21995.055593
2022-02-19T06:45:00.000000000,14595.349448,6851.807742,-21401.922928
2022-02-19T07:00:00.000000000,14684.968917,9182.813525,-20450.131225
2022-02-19T07:15:00.000000000,14889.060928,11380.00006,-19155.741994
2022-02-19T07:30:00.000000000,15184.76417,13402.392769,-17540.398466
2022-02-19T07:45:00.000000000,15542.932891,15214.504318,-15630.99564
2022-02-19T08:00:00.000000000,15929.291702,16787.490162,-13459.277707
2022-02-19T08:15:00.000000000,16305.791948,18100.070284,-11061.365877
2022-02-19T08:30:00.000000000,16632.122871,19139.183979,-8477.219962
2022-02-19T08:45:00.000000000,16867.325059,19900.35285,-5750.03768
2022-02-19T09:00:00.000000000,16971.449319,20387.736566,-2925.596357
2022-02-19T09:15:00.000000000,16907.201357,20613.87607,-51.542845
2022-02-19T09:30:00.000000000,16641.511692,20599.129575,2823.361272
2022-02-19T09:45:00.000000000,16146.971258,20370.817749,5650.030617
2022-02-19T10:00:00.000000000,15403.076203,19962.105439,8379.872885
2022-02-19T10:15:00.000000000,14397.230732,19410.657809,10965.619671
2022-02-19T10:30:00.000000000,13125.464297,18757.118496,13362.157657
2022-02-19T10:45:00.000000000,11592.828996,18043.465743,15527.344993
2022-02-19T11:00:00.000000000,9813.454552,17311.309085,17422.796416
2022-02-19T11:15:00.000000000,7810.251217,16600.193476,19014.619803
2022-02-19T11:30:00.000000000,5614.265033,15945.979511,20274.086472
2022-02-19T11:45:00.000000000,3263.704602,15379.367211,21178.217782
2022-02-19T12:00:00.000000000,802.672838,14924.626546,21710.271562
2022-02-19T12:15:00.000000000,-1720.349175,14598.590566,21860.113516
2022-02-19T12:30:00.000000000,-4254.207236,14409.956775,21624.461214
2022-02-19T12:45:00.000000000,-6746.899474,14358.929634,21006.991296
2022-02-19T13:00:00.000000000,-9147.447154,14437.222423,20018.304189
2022-02-19T13:15:00.000000000,-11407.73272,14628.420759,18675.744716
2022-02-19T13:30:00.000000000,-13484.22766,14908.693737,17003.08124
2022-02-19T13:45:00.000000000,-15339.537303,15247.822891,15030.050351
2022-02-19T14:00:00.000000000,-16943.697687,15610.504645,12791.778181
2022-02-19T14:15:00.000000000,-18275.171007,15957.869731,10328.093166
2022-02-19T14:30:00.000000000,-19321.49996,16249.153568,7682.748066
2022-02-19T14:45:00.000000000,-20079.59692,16443.445605,4902.571433
2022-02-19T15:00:00.000000000,-20555.660375,16501.443063,2036.57007
2022-02-19T15:15:00.000000000,-20764.727373,16387.135655,-864.995491
2022-02-19T15:30:00.000000000,-20729.886351,16069.352406,-3751.540788
2022-02-19T15:45:00.000000000,-20481.188457,15523.10916,-6573.072043
2022-02-19T16:00:00.000000000,-20054.307135,14730.705464,-9281.066942
2022-02-19T16:15:00.000000000,-19489.004476,13682.531217,-11829.305288
2022-02-19T16:30:00.000000000,-18827.46873,12377.556349,-14174.635899
2022-02-19T16:45:00.000000000,-18112.590363,10823.490132,-16277.66891
2022-02-19T17:00:00.000000000,-17386.24404,9036.609853,-18103.385396
2022-02-19T17:15:00.000000000,-16687.641481,7041.271018,-19621.658766
2022-02-19T17:30:00.000000000,-16051.815252,4869.122496,-20807.684714
2022-02-19T17:45:00.000000000,-15508.286976,2558.059956,-21642.31835
2022-02-19T18:00:00.000000000,-15079.965247,150.959062,-22112.318764
2022-02-19T18:15:00.000000000,-14782.309369,-2305.763613,-22210.50232
2022-02-19T18:30:00.000000000,-14622.785079,-4763.70931,-21935.806814
2022-02-19T18:45:00.000000000,-14600.628123,-7174.119943,-21293.269101
2022-02-19T19:00:00.000000000,-14706.921116,-9489.508438,-20293.918988
2022-02-19T19:15:00.000000000,-14924.978831,-11665.240316,-18954.592308
2022-02-19T19:30:00.000000000,-15231.027095,-13661.012388,-17297.666043
2022-02-19T19:45:00.000000000,-15595.151044,-15442.177939,-15350.718325
2022-02-19T20:00:00.000000000,-15982.479796,-16980.87265,-13146.116234
2022-02-19T20:15:00.000000000,-16354.566685,-18256.901771,-10720.534448
2022-02-19T20:30:00.000000000,-16670.917476,-19258.356464,-8114.408156
2022-02-19T20:45:00.000000000,-16890.613339,-19981.93571,-5371.324281
2022-02-19T21:00:00.000000000,-16973.971276,-20432.959672,-2537.355845
2022-02-19T21:15:00.000000000,-16884.182142,-20625.070609,339.654598
2022-02-19T21:30:00.000000000,-16588.86572,-20579.628187,3210.855151
2022-02-19T21:45:00.000000000,-16061.483584,-20324.817061,6027.179641
2022-02-19T22:00:00.000000000,-15282.55385,-19894.495551,8740.167095
2022-02-19T22:15:00.000000000,-14240.617581,-19326.824659,11302.793438
2022-02-19T22:30:00.000000000,-12932.914289,-18662.726263,13670.301585
2022-02-19T22:45:00.000000000,-11365.733882,-17944.227434,15801.014579
2022-02-19T23:00:00.000000000,-9554.424077,-17212.754192,17657.115158
2022-02-19T23:15:00.000000000,-7523.04552,-16507.441993,19205.374384
2022-02-19T23:30:00.000000000,-5303.680993,-15863.531601,20417.811618
2022-02-19T23:45:00.000000000,-2935.419839,-15310.917417,21272.268491
